27
26
60
40
33
32
74
49
39
131
800
48
27
106
89
26
60
224
40
33
32
27
74
49
90
169
310
168
26
60
27
39
455
40
33
32
131
800
74
49
27
26
48
60
106
225
40
33
27
32
26
39
74
49
60
454
27
131
89
40
800
33
32
26
311
27
48
60
224
74
49
90
106
169
40
27
26
39
33
32
310
60
131
27
74
49
26
800
40
107
33
32
27
60
168
48
39
26
106
74
49
27
40
33
32
60
89
131
455
26
27
800
224
40
74
90
49
39
60
33
27
32
26
48
169
310
106
27
40
60
74
33
131
32
26
49
27
800
39
89
40
60
26
48
33
27
32
74
49
168
225
131
60
27
40
26
106
224
33
39
32
800
74
27
49
90
60
26
40
169
48
27
33
32
455
74
310
131
26
49
60
27
39
40
106
800
89
33
32
27
26
60
74
49
454
40
61
27
48
33
39
32
26
131
60
224
27
74
168
40
49
800
90
26
106
33
27
32
60
169
311
39
40
74
27
26
49
48
131
33
60
32
89
27
310
800
26
40
74
49
60
106
27
33
32
39
455
26
224
40
131
27
48
60
74
33
49
32
90
26
27
800
225
40
169
39
60
107
27
74
33
26
32
106
49
89
168
131
27
40
60
48
26
310
33
74
32
27
800
39
49
60
40
26
27
224
33
131
106
32
74
90
60
49
27
40
26
48
39
800
89
33
27
32
169
60
74
26
40
49
455
27
131
454
33
106
32
60
26
39
27
40
74
168
48
49
800
310
33
27
60
26
32
224
40
131
74
27
49
39
89
26
60
33
90
32
27
106
40
800
48
74
169
26
225
60
27
49
33
32
311
131
40
39
27
26
60
74
33
49
310
32
800
27
106
40
26
48
224
60
168
27
74
39
131
33
89
32
49
26
40
27
455
60
90
800
169
74
33
27
26
32
40
49
48
60
106
39
27
131
26
33
74
32
40
60
27
49
224
107
800
26
89
310
39
27
33
32
74
60
40
48
106
131
49
26
27
90
168
33
60
32
40
27
74
26
39
800
169
49
455
225
27
60
33
131
32
40
26
48
74
27
106
454
49
60
89
33
39
26
27
40
32
224
800
74
310
60
27
131
49
26
33
40
48
32
90
27
106
39
74
60
26
311
33
49
27
40
32
800
169
168
60
26
131
27
74
89
33
48
40
39
49
32
27
26
60
224
106
800
74
455
27
33
40
32
26
49
60
131
310
27
90
39
48
74
33
40
26
32
27
60
49
169
106
800
89
225
27
26
33
40
131
74
60
32
39
49
27
224
26
168
48
40
33
60
27
32
74
800
106
26
49
39
131
27
90
60
40
33
310
32
74
26
27
454
48
49
89
60
40
33
169
27
32
26
39
800
74
131
455
60
27
106
49
40
33
26
224
32
27
107
74
60
48
39
61
40
26
27
33
49
800
32
131
168
90
60
27
74
26
106
40
89
33
310
49
32
27
39
60
26
169
48
74
40
27
800
33
131
311
32
49
60
26
224
27
106
40
39
74
33
225
27
60
26
32
49
455
48
800
131
40
27
90
33
74
26
60
89
32
27
39
49
168
310
40
26
106
60
33
27
74
32
169
131
800
48
49
27
26
40
60
224
33
39
74
32
27
26
89
40
49
60
106
90
27
33
131
800
32
74
26
48
39
27
60
40
454
49
33
310
32
26
27
169
74
60
455
40
224
168
131
27
33
49
39
26
800
106
32
60
48
27
74
40
89
26
33
49
27
32
60
90
225
39
131
40
74
26
27
800
33
106
60
49
32
48
27
26
40
311
74
107
169
33
39
27
60
224
32
310
131
26
49
40
800
27
74
89
33
60
106
26
48
32
27
49
40
168
39
455
60
27
33
74
26
131
90
32
800
40
27
49
60
26
33
48
74
39
106
27
32
224
40
169
60
49
26
131
27
310
33
89
800
74
32
40
27
26
60
39
49
454
33
48
90
27
106
32
74
26
40
60
131
168
27
800
49
33
225
39
26
32
60
27
40
74
224
89
455
48
33
169
27
26
49
60
131
32
40
106
74
27
310
39
800
26
33
60
49
32
27
40
90
74
26
48
131
33
27
60
39
106
32
40
49
800
26
27
89
74
168
60
33
224
311
27
40
32
26
49
169
131
48
39
60
27
74
33
310
26
40
32
800
106
27
49
60
455
90
33
74
26
27
40
32
39
131
60
48
49
89
27
26
33
800
74
224
40
32
107
27
60
106
225
26
49
39
33
169
27
131
40
74
32
60
168
26
48
