0.00101181
0.000525065
0.000535771
1.81685e-05
0.00105965
0.000137625
0.000598325
0.000510663
0.000998076
0.00124038
0.00140869
0.000732874
0.000709354
0.00133009
0.000382612
0.000141698
0.0014209
0.000106862
0.00145284
0.000850095
0.000569802
0.00107276
0.000333171
0.000738535
0.0005708
0.0454198
0.058843
0.00115083
0.00020979
0.000825427
0.000248611
0.0366649
0.0395173
0.000721675
0.000994971
0.000899669
0.000835472
0.00100007
0.018546
0.0450924
0.00102233
0.000583408
0.000157682
0.00129963
8.91831e-05
0.00129923
0.000146461
0.00272966
0.0521321
0.000802836
0.00084237
0.000426293
7.52637e-05
0.00047947
0.000632441
3.4956e-05
0.000694422
0.00121203
0.00145097
0.00263421
0.0424368
0.0010744
6.49577e-05
8.54075e-05
0.001175
0.000201152
0.000688613
0.000266737
0.00128481
0.00142412
0.00014035
0.000757045
0.000969723
0.000610845
0.0014462
0.0334542
0.000240328
0.000718884
0.000193455
0.00109843
0.000658167
0.00038375
0.00139285
0.000253058
0.00057053
0.00975567
0.000691519
0.000307099
0.00081893
0.00119206
0.000102345
0.000867019
4.13576e-05
0.000733259
0.000581441
0.000495548
0.00111824
0.000571998
0.0001564
0.0183196
0.0117036
0.000179497
0.001404
0.000708974
0.000232658
0.00140338
0.000978361
0.00141398
0.000949342
0.00034921
0.000879305
0.00070622
0.000162486
0.00057724
0.000882031
1.22633e-05
0.00106107
0.000465589
0.00110227
0.000734587
0.000806289
0.00122921
0.000481779
0.00109164
0.00134118
8.29599e-05
0.00141254
0.000825266
0.010164
0.0167728
0.00135322
0.00047364
0.000783522
0.00105048
0.000379414
0.000562227
0.000966269
0.0008872
0.000573116
0.00122356
0.000622997
0.000654219
0.000487289
0.00118806
0.00117793
0.000360168
0.00109185
0.000982747
0.000543725
0.0012192
0.00142172
0.000182153
0.000295138
0.0010906
0.000188598
0.000353389
0.000867907
0.000546343
0.00101658
0.000886647
0.000333512
0.000322175
0.00136921
0.000610434
0.00130002
0.000535475
0.000790898
0.000826283
9.10599e-05
0.000469959
0.00140073
0.00862455
0.0146107
0.000917873
0.000931024
0.0012089
0.00063391
0.00024771
0.00102571
6.50043e-05
0.000980802
0.00123346
0.000189756
9.85175e-06
0.000182721
0.0013989
0.00124834
0.000496374
0.00036474
0.00100736
0.00133981
0.00120827
0.00102876
0.00115196
0.000982792
4.97427e-06
0.000944723
0.000326818
0.00127048
0.000166964
0.000544114
0.000799323
0.000659009
0.000181309
0.000521546
0.000862479
0.000951339
0.0013314
0.000938116
0.000624785
0.000208358
0.0009465
0.000968136
0.000659963
0.000293184
0.0012405
0.00140084
8.23083e-05
0.000805961
0.0011127
0.000410165
0.00052631
1.03497e-05
0.000358886
0.000535472
0.00128954
0.000712567
0.00114737
0.000486334
0.000927232
0.00066362
0.000580283
0.000837046
0.000397403
0.000708387
0.00130263
0.000984849
0.00847444
0.0105032
0.000656467
3.78468e-05
0.000284868
0.000644421
0.00123451
0.000247929
0.00119575
0.0014283
0.00108001
0.000230146
0.000851138
0.0012471
0.00145057
0.00108717
0.000893889
0.000480868
0.00109694
0.00131325
0.000751014
0.00122701
0.000301912
0.00127755
0.00124494
0.000981236
0.00078017
0.00131643
0.000966546
0.000563187
0.00105155
0.000372978
0.00138604
0.000470754
0.00054271
0.000886207
0.000974639
0.000156985
0.0012869
0.00108185
0.00111212
0.00145173
0.000656376
0.000302017
0.00106594
0.00048368
0.000702961
0.00143057
0.000632675
0.00024738
0.00034667
0.00114632
0.00115488
0.000871116
0.0011407
0.000703903
0.000267244
0.00114619
0.00120649
0.00135791
0.000579531
0.000313351
0.000992761
0.000310125
0.000493508
0.000836973
0.00133839
0.00114316
0.000721145
0.000205895
0.00104291
0.000764333
0.000179262
0.00144335
0.00137048
0.000107561
0.00127544
0.000421718
0.000932489
0.000558968
0.000600512
0.000607128
0.00105737
0.00092519
0.0010031
0.000498027
0.0013476
0.00132217
0.00138655
0.00117889
0.000974016
0.000843822
4.4062e-06
0.000553978
6.14558e-05
0.000187375
0.00122173
0.000623421
0.00138365
4.08534e-05
6.84905e-06
0.00132393
0.000292534
0.00105042
0.000568107
0.000240835
0.000953678
0.00127047
0.00118325
0.000945388
0.0114764
0.00579519
0.000578635
0.000424139
0.000417353
0.000302652
0.000682734
0.000879529
0.000157971
0.000307873
0.000132626
4.62915e-06
0.000202569
0.000765753
0.00120645
0.000886103
0.00126405
0.00112219
4.6897e-06
0.000691209
0.00117488
0.000616445
0.000218869
0.000480764
0.000900387
0.000262966
0.00102806
0.000654675
0.00141705
0.000157943
0.00140084
2.98913e-06
0.000876649
0.000913326
0.000663083
0.00125857
0.000142526
0.00124503
0.00141014
0.000144609
0.00118276
0.000531076
0.00109456
0.00123579
8.42405e-05
0.000333108
0.000356477
0.00124425
0.000143201
0.000164962
0.000958094
0.000134261
0.00126532
0.000950334
0.000648229
0.000819992
0.00123878
0.000673587
0.000857711
0.000938501
0.000413332
8.3428e-05
0.000725181
0.00112372
0.000471181
0.000471715
0.00106315
0.00136506
0.000670672
0.00070277
0.000637939
0.000497928
0.000320346
0.00081297
0.000471696
0.000781085
0.00053519
0.00120831
0.000855886
0.00103976
9.71547e-05
0.00110532
0.000959388
0.000778959
0.00041
0.00112808
0.000371772
0.000738301
0.000249994
0.000971574
0.000310383
0.000970254
0.00102788
0.000847491
0.000708671
0.000836444
0.000448657
0.000887003
0.00096598
0.000171619
0.00116879
0.000728282
0.000856174
0.000600329
0.00145418
0.000753298
1.19907e-06
0.000708084
0.00139787
0.000872238
0.00135689
0.000686204
0.000329845
0.000256182
0.000594085
0.00054305
0.00105832
0.000847723
0.000785245
0.000929288
0.000849692
0.000726884
0.00108831
0.000346825
0.000746841
0.000723385
0.00145413
0.00125694
0.0012361
0.00120441
0.000176087
0.000207034
0.000752858
0.00107568
0.000615046
4.31165e-05
7.70021e-05
0.00140977
0.00144743
0.000905554
0.000302412
0.000716265
0.000629799
0.000709777
0.00102139
0.000119559
0.0011949
0.000817851
0.000593576
0.000357481
0.000933849
0.000952439
0.00134074
0.00073433
4.04788e-05
0.0013093
0.0010974
0.00109669
0.000850563
0.000701253
0.000568132
0.000216438
0.00111747
0.00061222
0.000339152
0.00135488
0.000884792
9.40839e-05
0.000841757
0.00050272
0.000900644
0.000277216
0.00123744
0.001007
0.00116299
0.000619522
0.00066455
0.000192017
0.000768517
0.00135864
0.000580445
0.00145042
0.000736956
0.00135828
0.000502431
0.00138208
0.00108465
0.000618848
0.000599594
0.0012656
0.000788761
0.000619626
0.0011128
0.000212358
0.000260232
0.000267627
0.0008482
0.000853175
0.00122385
0.000302562
0.00043083
0.000359759
0.000414348
0.000785415
0.000820178
0.000363668
9.12401e-06
0.000693558
0.000983093
0.000238199
0.000150258
0.000423816
0.00126976
0.000945125
0.00121672
0.000537277
0.00127226
0.00139956
0.000386398
0.000154083
0.000644536
0.000271212
0.0010803
0.00136454
0.00114705
0.000913009
0.0012222
0.00107971
0.000881024
0.00134407
0.0013387
0.000179123
0.000392441
0.000401968
0.000889302
0.00061652
0.000822206
0.000412949
0.000723003
0.00111436
0.00129725
0.000946114
0.000496407
0.000613741
0.000942121
0.000605248
0.000139317
0.00115017
0.00136414
0.000401827
0.000952018
0.000250678
0.00119943
0.000648823
0.00145196
0.000149596
0.00115331
0.000981199
0.000381505
0.000989408
0.00130342
0.00120377
0.000668392
0.000420259
0.000149573
0.000554933
0.00107227
0.000251736
0.000663636
0.000709076
0.0013557
0.000800594
0.000795035
0.000419827
0.000446205
0.000518141
0.000965767
0.000488882
0.000601984
0.000745946
5.75314e-05
0.0014326
0.00125277
0.00115846
0.000278383
0.00101976
0.000136238
0.00043181
0.000611286
0.00133916
0.000652195
0.000466971
0.0311837
