2240 2215 1603 106 0 0.722348 0 0 0 0 0 0 0 0 0 0 0 0 0 0 0 0 0 0 0 0.0289855 0.057971 0.101449 0.130435 0.246377 0.188406 0.173913 0.0724638 0 0 0 0 0 0 

2240 2213 1602 95 0 0.723 0 0 0 0 0 0 0 0 0 0 0 0 0 0 0 0 0 0 0.0144928 0.0289855 0.0434783 0.0724638 0.188406 0.188406 0.188406 0.231884 0.0289855 0.0144928 0 0 0 0 0 

2176 2166 1603 100 0 0.738689 0 0 0 0 0 0 0 0 0 0 0 0 0 0 0 0 0 0 0.0149254 0.0149254 0 0.0746269 0.134328 0.208955 0.268657 0.119403 0.149254 0.0149254 0 0 0 0 0 

2176 2159 1603 105 0 0.741084 0 0 0 0 0 0 0 0 0 0 0 0 0 0 0 0 0 0 0 0 0.0298507 0.0597015 0.104478 0.238806 0.253731 0.19403 0.104478 0.0149254 0 0 0 0 0 

2240 2231 1602 98 0 0.717167 0 0 0 0 0 0 0 0 0 0 0 0 0 0 0 0 0 0 0 0 0.0869565 0.15942 0.115942 0.26087 0.231884 0.0869565 0.057971 0 0 0 0 0 0 

2240 2217 1603 106 0 0.721696 0 0 0 0 0 0 0 0 0 0 0 0 0 0 0 0 0 0 0.0289855 0 0.0434783 0.0869565 0.173913 0.26087 0.173913 0.15942 0.057971 0.0144928 0 0 0 0 0 

2176 2167 1602 98 0 0.738348 0 0 0 0 0 0 0 0 0 0 0 0 0 0 0 0 0 0 0 0 0.0149254 0.0149254 0.19403 0.253731 0.268657 0.19403 0.0597015 0 0 0 0 0 0 

2208 2198 1602 96 0 0.727934 0 0 0 0 0 0 0 0 0 0 0 0 0 0 0 0 0 0 0.0147059 0 0 0.0882353 0.176471 0.279412 0.279412 0.102941 0.0588235 0 0 0 0 0 0 

2208 2202 1602 112 0 0.726612 0 0 0 0 0 0 0 0 0 0 0 0 0 0 0 0 0 0 0 0 0 0.176471 0.0882353 0.294118 0.308824 0.0735294 0.0588235 0 0 0 0 0 0 

2240 2222 1603 108 0 0.720072 0 0 0 0 0 0 0 0 0 0 0 0 0 0 0 0 0.0144928 0 0 0.0144928 0.0289855 0.0434783 0.202899 0.333333 0.202899 0.115942 0.0434783 0 0 0 0 0 0 

