736 716 513 56 0 0.502793 0 0 0 0 0 0 0 0 0 0 0 0 0 0 0 0 0 0 0.0454545 0.0454545 0.0909091 0.0454545 0.0909091 0.181818 0.363636 0.136364 0 0 0 0 0 0 0 

704 679 497 56 0 0.530191 0 0 0 0 0 0 0 0 0 0 0 0 0 0 0 0 0 0 0.047619 0 0 0.0952381 0.0952381 0.333333 0.190476 0.0952381 0.0952381 0.047619 0 0 0 0 0 

640 618 459 56 0 0.582524 0 0 0 0 0 0 0 0 0 0 0 0 0 0 0 0 0 0 0 0 0.0526316 0.0526316 0.105263 0.210526 0.210526 0.315789 0.0526316 0 0 0 0 0 0 

640 617 455 56 0 0.583468 0 0 0 0 0 0 0 0 0 0 0 0 0 0 0 0 0 0 0 0.0526316 0.0526316 0 0.0526316 0.368421 0.210526 0.105263 0.157895 0 0 0 0 0 0 

640 617 450 56 0 0.583468 0 0 0 0 0 0 0 0 0 0 0 0 0 0 0 0 0 0 0.0526316 0 0.0526316 0.105263 0.157895 0.157895 0.105263 0.210526 0.157895 0 0 0 0 0 0 

512 505 381 56 0 0.712871 0 0 0 0 0 0 0 0 0 0 0 0 0 0 0 0 0 0 0 0 0 0 0.2 0.2 0.266667 0.333333 0 0 0 0 0 0 0 

512 505 379 56 0 0.712871 0 0 0 0 0 0 0 0 0 0 0 0 0 0 0 0 0 0 0 0 0 0.0666667 0.2 0.2 0.266667 0.133333 0.133333 0 0 0 0 0 0 

640 618 450 56 0 0.582524 0 0 0 0 0 0 0 0 0 0 0 0 0 0 0 0 0 0 0 0 0.0526316 0.157895 0.105263 0.210526 0.263158 0.157895 0.0526316 0 0 0 0 0 0 

640 617 456 56 0 0.583468 0 0 0 0 0 0 0 0 0 0 0 0 0 0 0 0 0 0 0 0 0 0.105263 0 0.368421 0.315789 0.210526 0 0 0 0 0 0 0 

640 618 441 56 0 0.582524 0 0 0 0 0 0 0 0 0 0 0 0 0 0 0 0 0 0 0 0.0526316 0.0526316 0.105263 0.210526 0.315789 0.105263 0.105263 0.0526316 0 0 0 0 0 0 

