576 548 410 53 0 0.583942 0 0 0 0 0 0 0 0 0 0 0 0 0 0 0 0 0 0 0 0 0 0 0.117647 0.176471 0.411765 0.294118 0 0 0 0 0 0 0 

608 587 438 53 0 0.545145 0 0 0 0 0 0 0 0 0 0 0 0 0 0 0 0 0 0 0 0.0555556 0 0 0.0555556 0.277778 0.333333 0.166667 0.111111 0 0 0 0 0 0 

608 597 447 53 0 0.536013 0 0 0 0 0 0 0 0 0 0 0 0 0 0 0 0 0 0 0 0 0.0555556 0.0555556 0 0.277778 0.333333 0.222222 0.0555556 0 0 0 0 0 0 

736 716 517 53 0 0.446927 0 0 0 0 0 0 0 0 0 0 0 0 0 0 0 0 0 0 0.0454545 0.0454545 0 0.0454545 0.181818 0.227273 0.272727 0.181818 0 0 0 0 0 0 0 

608 586 424 53 0 0.546075 0 0 0 0 0 0 0 0 0 0 0 0 0 0 0 0 0 0 0 0 0.0555556 0.111111 0.222222 0.222222 0.222222 0.111111 0.0555556 0 0 0 0 0 0 

608 587 426 53 0 0.545145 0 0 0 0 0 0 0 0 0 0 0 0 0 0 0 0 0 0 0.0555556 0 0.0555556 0.111111 0.222222 0.166667 0.0555556 0.166667 0.111111 0.0555556 0 0 0 0 0 

608 587 425 53 0 0.545145 0 0 0 0 0 0 0 0 0 0 0 0 0 0 0 0 0 0 0 0.0555556 0.166667 0 0.111111 0.166667 0.222222 0.222222 0.0555556 0 0 0 0 0 0 

576 548 394 53 0 0.583942 0 0 0 0 0 0 0 0 0 0 0 0 0 0 0 0 0 0 0 0 0.117647 0.0588235 0.176471 0.294118 0.117647 0.235294 0 0 0 0 0 0 0 

608 586 428 53 0 0.546075 0 0 0 0 0 0 0 0 0 0 0 0 0 0 0 0 0 0 0 0 0 0.0555556 0.222222 0.277778 0.333333 0.111111 0 0 0 0 0 0 0 

608 587 436 53 0 0.545145 0 0 0 0 0 0 0 0 0 0 0 0 0 0 0 0 0 0 0 0 0 0 0.111111 0.444444 0.277778 0.0555556 0.111111 0 0 0 0 0 0 

576 548 410 53 0 0.583942 0 0 0 0 0 0 0 0 0 0 0 0 0 0 0 0 0 0 0 0 0 0.0588235 0.0588235 0.176471 0.352941 0.352941 0 0 0 0 0 0 0 

608 587 427 53 0 0.545145 0 0 0 0 0 0 0 0 0 0 0 0 0 0 0 0 0 0 0 0 0 0.0555556 0.277778 0.333333 0.166667 0.166667 0 0 0 0 0 0 0 

576 548 406 53 0 0.583942 0 0 0 0 0 0 0 0 0 0 0 0 0 0 0 0 0 0 0 0 0 0.117647 0.117647 0.235294 0.294118 0 0.235294 0 0 0 0 0 0 

576 548 406 53 0 0.583942 0 0 0 0 0 0 0 0 0 0 0 0 0 0 0 0 0 0 0 0 0 0.117647 0.235294 0.0588235 0.294118 0.0588235 0.235294 0 0 0 0 0 0 

576 548 390 53 0 0.583942 0 0 0 0 0 0 0 0 0 0 0 0 0 0 0 0 0.0588235 0 0 0 0.0588235 0.0588235 0.176471 0.176471 0.411765 0 0.0588235 0 0 0 0 0 0 

576 548 403 53 0 0.583942 0 0 0 0 0 0 0 0 0 0 0 0 0 0 0 0 0 0 0 0 0.117647 0 0.0588235 0.352941 0.176471 0.176471 0.117647 0 0 0 0 0 0 

576 548 399 53 0 0.583942 0 0 0 0 0 0 0 0 0 0 0 0 0 0 0 0 0 0 0 0 0.0588235 0.117647 0.294118 0.117647 0.117647 0.117647 0.117647 0.0588235 0 0 0 0 0 

576 548 395 53 0 0.583942 0 0 0 0 0 0 0 0 0 0 0 0 0 0 0 0 0 0 0 0 0 0.0588235 0.411765 0.235294 0.117647 0.117647 0.0588235 0 0 0 0 0 0 

608 586 433 53 0 0.546075 0 0 0 0 0 0 0 0 0 0 0 0 0 0 0 0 0 0 0 0 0.0555556 0.0555556 0.111111 0.277778 0.222222 0.166667 0.111111 0 0 0 0 0 0 

608 597 424 53 0 0.536013 0 0 0 0 0 0 0 0 0 0 0 0 0 0 0 0 0 0 0 0.111111 0.166667 0.111111 0.0555556 0.166667 0.277778 0.0555556 0 0.0555556 0 0 0 0 0 

608 587 432 53 0 0.545145 0 0 0 0 0 0 0 0 0 0 0 0 0 0 0 0 0 0 0 0 0.0555556 0.166667 0 0.222222 0.277778 0.222222 0.0555556 0 0 0 0 0 0 

608 586 428 53 0 0.546075 0 0 0 0 0 0 0 0 0 0 0 0 0 0 0 0 0 0 0 0 0.0555556 0.166667 0.166667 0 0.444444 0.0555556 0.111111 0 0 0 0 0 0 

608 594 443 53 0 0.538721 0 0 0 0 0 0 0 0 0 0 0 0 0 0 0 0 0 0 0.0555556 0 0.0555556 0.0555556 0.0555556 0.0555556 0.333333 0.277778 0.111111 0 0 0 0 0 0 

608 586 427 53 0 0.546075 0 0 0 0 0 0 0 0 0 0 0 0 0 0 0 0 0 0 0 0 0.0555556 0.111111 0.166667 0.111111 0.444444 0.0555556 0.0555556 0 0 0 0 0 0 

608 586 417 53 0 0.546075 0 0 0 0 0 0 0 0 0 0 0 0 0 0 0 0 0 0 0.0555556 0 0.0555556 0.111111 0.222222 0.222222 0.222222 0.0555556 0.0555556 0 0 0 0 0 0 

576 550 395 53 0 0.581818 0 0 0 0 0 0 0 0 0 0 0 0 0 0 0 0 0 0 0 0 0.117647 0.117647 0.235294 0.176471 0.117647 0.117647 0.117647 0 0 0 0 0 0 

608 587 423 53 0 0.545145 0 0 0 0 0 0 0 0 0 0 0 0 0 0 0 0 0 0 0 0 0 0.166667 0.166667 0.388889 0.166667 0.111111 0 0 0 0 0 0 0 

608 586 435 53 0 0.546075 0 0 0 0 0 0 0 0 0 0 0 0 0 0 0 0 0 0 0 0 0.0555556 0 0.222222 0.166667 0.277778 0.111111 0.166667 0 0 0 0 0 0 

608 586 437 53 0 0.546075 0 0 0 0 0 0 0 0 0 0 0 0 0 0 0 0 0 0 0 0 0 0.0555556 0.222222 0.111111 0.333333 0.222222 0 0 0.0555556 0 0 0 0 

608 587 416 53 0 0.545145 0 0 0 0 0 0 0 0 0 0 0 0 0 0 0 0 0 0 0 0 0.0555556 0.166667 0.333333 0.222222 0.166667 0 0.0555556 0 0 0 0 0 0 

576 548 409 53 0 0.583942 0 0 0 0 0 0 0 0 0 0 0 0 0 0 0 0 0 0 0 0 0 0 0.235294 0.176471 0.176471 0.352941 0.0588235 0 0 0 0 0 0 

576 548 393 53 0 0.583942 0 0 0 0 0 0 0 0 0 0 0 0 0 0 0 0 0 0 0 0 0.176471 0.176471 0.0588235 0.117647 0.235294 0.176471 0 0.0588235 0 0 0 0 0 

576 548 408 53 0 0.583942 0 0 0 0 0 0 0 0 0 0 0 0 0 0 0 0 0 0 0 0 0 0.0588235 0.0588235 0.176471 0.470588 0.235294 0 0 0 0 0 0 0 

608 586 432 53 0 0.546075 0 0 0 0 0 0 0 0 0 0 0 0 0 0 0 0 0 0 0 0 0 0.222222 0.111111 0.111111 0.333333 0.0555556 0.111111 0.0555556 0 0 0 0 0 

608 586 437 53 0 0.546075 0 0 0 0 0 0 0 0 0 0 0 0 0 0 0 0 0 0 0 0 0 0.0555556 0.111111 0.277778 0.222222 0.277778 0.0555556 0 0 0 0 0 0 

576 548 401 53 0 0.583942 0 0 0 0 0 0 0 0 0 0 0 0 0 0 0 0 0 0 0 0 0.176471 0 0.0588235 0.176471 0.294118 0.235294 0.0588235 0 0 0 0 0 0 

608 587 424 53 0 0.545145 0 0 0 0 0 0 0 0 0 0 0 0 0 0 0 0 0 0 0 0 0.111111 0.0555556 0.111111 0.333333 0.277778 0.111111 0 0 0 0 0 0 0 

608 586 431 53 0 0.546075 0 0 0 0 0 0 0 0 0 0 0 0 0 0 0 0 0 0 0 0.0555556 0.0555556 0 0.111111 0.166667 0.388889 0.166667 0.0555556 0 0 0 0 0 0 

544 520 389 53 0 0.615385 0 0 0 0 0 0 0 0 0 0 0 0 0 0 0 0 0 0 0 0 0.0625 0.0625 0 0.3125 0.125 0.3125 0.125 0 0 0 0 0 0 

576 548 409 53 0 0.583942 0 0 0 0 0 0 0 0 0 0 0 0 0 0 0 0 0 0 0 0 0 0.0588235 0.117647 0.117647 0.470588 0.176471 0 0.0588235 0 0 0 0 0 

576 550 403 53 0 0.581818 0 0 0 0 0 0 0 0 0 0 0 0 0 0 0 0 0 0 0 0.0588235 0.0588235 0.0588235 0.0588235 0.352941 0.176471 0.0588235 0.0588235 0.117647 0 0 0 0 0 

576 548 393 53 0 0.583942 0 0 0 0 0 0 0 0 0 0 0 0 0 0 0 0 0 0 0 0.0588235 0 0.0588235 0.235294 0.235294 0.352941 0.0588235 0 0 0 0 0 0 0 

608 587 423 53 0 0.545145 0 0 0 0 0 0 0 0 0 0 0 0 0 0 0 0 0 0 0 0 0.0555556 0.0555556 0.388889 0.166667 0.166667 0.111111 0.0555556 0 0 0 0 0 0 

608 586 431 53 0 0.546075 0 0 0 0 0 0 0 0 0 0 0 0 0 0 0 0 0 0 0 0 0.0555556 0 0.166667 0.277778 0.333333 0.111111 0.0555556 0 0 0 0 0 0 

576 548 401 53 0 0.583942 0 0 0 0 0 0 0 0 0 0 0 0 0 0 0 0 0 0 0 0 0.0588235 0.0588235 0.117647 0.235294 0.294118 0.235294 0 0 0 0 0 0 0 

576 548 407 53 0 0.583942 0 0 0 0 0 0 0 0 0 0 0 0 0 0 0 0 0 0 0 0 0 0.117647 0.0588235 0.235294 0.294118 0.176471 0.117647 0 0 0 0 0 0 

608 587 418 53 0 0.545145 0 0 0 0 0 0 0 0 0 0 0 0 0 0 0 0 0 0.0555556 0.0555556 0.0555556 0.0555556 0.0555556 0.0555556 0.166667 0.333333 0.0555556 0.111111 0 0 0 0 0 0 

576 548 396 53 0 0.583942 0 0 0 0 0 0 0 0 0 0 0 0 0 0 0 0 0 0 0 0 0 0.0588235 0.352941 0.235294 0.176471 0.176471 0 0 0 0 0 0 0 

608 587 429 53 0 0.545145 0 0 0 0 0 0 0 0 0 0 0 0 0 0 0 0 0 0 0 0 0 0.111111 0.222222 0.277778 0.166667 0.166667 0.0555556 0 0 0 0 0 0 

608 592 431 53 0 0.540541 0 0 0 0 0 0 0 0 0 0 0 0 0 0 0 0 0 0 0.0555556 0 0.0555556 0.0555556 0.166667 0.166667 0.277778 0.166667 0.0555556 0 0 0 0 0 0 

576 548 391 53 0 0.583942 0 0 0 0 0 0 0 0 0 0 0 0 0 0 0 0 0 0 0 0.0588235 0.0588235 0.235294 0.0588235 0.235294 0.117647 0.176471 0 0.0588235 0 0 0 0 0 

576 548 407 53 0 0.583942 0 0 0 0 0 0 0 0 0 0 0 0 0 0 0 0 0 0 0 0 0 0.117647 0.0588235 0.176471 0.294118 0.352941 0 0 0 0 0 0 0 

608 586 432 53 0 0.546075 0 0 0 0 0 0 0 0 0 0 0 0 0 0 0 0 0 0 0 0 0.0555556 0.111111 0.166667 0.111111 0.222222 0.277778 0 0.0555556 0 0 0 0 0 

608 586 440 53 0 0.546075 0 0 0 0 0 0 0 0 0 0 0 0 0 0 0 0 0 0 0 0 0 0.0555556 0.0555556 0.166667 0.388889 0.333333 0 0 0 0 0 0 0 

544 520 385 53 0 0.615385 0 0 0 0 0 0 0 0 0 0 0 0 0 0 0 0 0 0 0 0 0.125 0 0.1875 0.125 0.3125 0 0.1875 0.0625 0 0 0 0 0 

608 586 426 53 0 0.546075 0 0 0 0 0 0 0 0 0 0 0 0 0 0 0 0 0 0 0.0555556 0 0 0.111111 0.111111 0.277778 0.222222 0.166667 0.0555556 0 0 0 0 0 0 

608 586 426 53 0 0.546075 0 0 0 0 0 0 0 0 0 0 0 0 0 0 0 0 0 0 0 0.0555556 0.111111 0.111111 0.111111 0.0555556 0.277778 0.111111 0.166667 0 0 0 0 0 0 

576 548 405 53 0 0.583942 0 0 0 0 0 0 0 0 0 0 0 0 0 0 0 0 0 0 0 0 0.0588235 0.117647 0 0.176471 0.294118 0.352941 0 0 0 0 0 0 0 

608 587 431 53 0 0.545145 0 0 0 0 0 0 0 0 0 0 0 0 0 0 0 0 0 0 0.0555556 0 0.111111 0.0555556 0.0555556 0.222222 0.111111 0.166667 0.222222 0 0 0 0 0 0 

480 455 348 53 0 0.703297 0 0 0 0 0 0 0 0 0 0 0 0 0 0 0 0 0 0 0 0 0 0.0714286 0.0714286 0.142857 0.142857 0.428571 0.0714286 0 0.0714286 0 0 0 0 

608 587 423 53 0 0.545145 0 0 0 0 0 0 0 0 0 0 0 0 0 0 0 0 0 0 0 0 0.0555556 0.0555556 0.277778 0.277778 0.222222 0.111111 0 0 0 0 0 0 0 

576 548 394 53 0 0.583942 0 0 0 0 0 0 0 0 0 0 0 0 0 0 0 0 0 0 0 0.117647 0 0.0588235 0.176471 0.235294 0.176471 0.176471 0.0588235 0 0 0 0 0 0 

576 548 412 53 0 0.583942 0 0 0 0 0 0 0 0 0 0 0 0 0 0 0 0 0 0 0 0 0.0588235 0 0.0588235 0.294118 0.176471 0.176471 0.235294 0 0 0 0 0 0 

608 586 427 53 0 0.546075 0 0 0 0 0 0 0 0 0 0 0 0 0 0 0 0 0 0 0 0 0.0555556 0.111111 0.111111 0.222222 0.388889 0.0555556 0.0555556 0 0 0 0 0 0 

576 548 399 53 0 0.583942 0 0 0 0 0 0 0 0 0 0 0 0 0 0 0 0 0 0 0 0.117647 0 0 0.176471 0.176471 0.294118 0.176471 0 0.0588235 0 0 0 0 0 

576 548 396 53 0 0.583942 0 0 0 0 0 0 0 0 0 0 0 0 0 0 0 0 0 0 0 0 0 0.176471 0.176471 0.235294 0.294118 0.0588235 0.0588235 0 0 0 0 0 0 

608 586 435 53 0 0.546075 0 0 0 0 0 0 0 0 0 0 0 0 0 0 0 0 0 0 0 0 0.166667 0.0555556 0.111111 0.0555556 0.222222 0.166667 0.111111 0.111111 0 0 0 0 0 

672 654 471 53 0 0.489297 0 0 0 0 0 0 0 0 0 0 0 0 0 0 0 0 0 0 0.05 0 0.05 0.1 0.15 0.3 0.15 0.15 0.05 0 0 0 0 0 0 

608 587 427 53 0 0.545145 0 0 0 0 0 0 0 0 0 0 0 0 0 0 0 0 0 0 0 0 0.0555556 0.0555556 0.222222 0.277778 0.222222 0.111111 0.0555556 0 0 0 0 0 0 

576 548 399 53 0 0.583942 0 0 0 0 0 0 0 0 0 0 0 0 0 0 0 0 0 0 0 0.0588235 0 0.0588235 0.235294 0.176471 0.235294 0.176471 0 0.0588235 0 0 0 0 0 

608 586 432 53 0 0.546075 0 0 0 0 0 0 0 0 0 0 0 0 0 0 0 0 0 0 0 0 0 0.111111 0.222222 0.166667 0.222222 0.166667 0.111111 0 0 0 0 0 0 

576 548 406 53 0 0.583942 0 0 0 0 0 0 0 0 0 0 0 0 0 0 0 0 0 0 0 0 0.0588235 0 0.117647 0.411765 0.117647 0.117647 0.117647 0.0588235 0 0 0 0 0 

608 592 425 53 0 0.540541 0 0 0 0 0 0 0 0 0 0 0 0 0 0 0 0 0 0 0 0.0555556 0.166667 0.0555556 0.222222 0.111111 0.111111 0.222222 0 0.0555556 0 0 0 0 0 

576 548 399 53 0 0.583942 0 0 0 0 0 0 0 0 0 0 0 0 0 0 0 0 0 0 0 0 0.0588235 0.117647 0.117647 0.294118 0.117647 0.235294 0.0588235 0 0 0 0 0 0 

608 587 430 53 0 0.545145 0 0 0 0 0 0 0 0 0 0 0 0 0 0 0 0 0 0 0 0 0.111111 0 0.111111 0.333333 0.277778 0.0555556 0.111111 0 0 0 0 0 0 

608 597 435 53 0 0.536013 0 0 0 0 0 0 0 0 0 0 0 0 0 0 0 0 0 0 0 0.0555556 0 0.166667 0.222222 0.0555556 0.333333 0.0555556 0.111111 0 0 0 0 0 0 

576 548 399 53 0 0.583942 0 0 0 0 0 0 0 0 0 0 0 0 0 0 0 0 0 0 0 0 0.0588235 0.117647 0.117647 0.176471 0.352941 0.117647 0.0588235 0 0 0 0 0 0 

608 586 428 53 0 0.546075 0 0 0 0 0 0 0 0 0 0 0 0 0 0 0 0 0 0 0 0 0 0.0555556 0.277778 0.222222 0.333333 0.0555556 0.0555556 0 0 0 0 0 0 

608 587 420 53 0 0.545145 0 0 0 0 0 0 0 0 0 0 0 0 0 0 0 0 0 0 0 0 0.111111 0.222222 0.0555556 0.277778 0.111111 0.222222 0 0 0 0 0 0 0 

608 587 431 53 0 0.545145 0 0 0 0 0 0 0 0 0 0 0 0 0 0 0 0 0 0 0.0555556 0 0 0.0555556 0.222222 0.166667 0.222222 0.111111 0.166667 0 0 0 0 0 0 

576 549 392 53 0 0.582878 0 0 0 0 0 0 0 0 0 0 0 0 0 0 0 0 0 0 0 0 0.0588235 0.117647 0.352941 0.176471 0.117647 0.117647 0.0588235 0 0 0 0 0 0 

608 597 427 53 0 0.536013 0 0 0 0 0 0 0 0 0 0 0 0 0 0 0 0 0 0 0 0.111111 0 0.166667 0.0555556 0.333333 0.277778 0.0555556 0 0 0 0 0 0 0 

608 586 426 53 0 0.546075 0 0 0 0 0 0 0 0 0 0 0 0 0 0 0 0 0 0 0 0 0.0555556 0.0555556 0.166667 0.388889 0.222222 0.0555556 0 0.0555556 0 0 0 0 0 

576 548 411 53 0 0.583942 0 0 0 0 0 0 0 0 0 0 0 0 0 0 0 0 0 0 0 0 0.0588235 0 0.235294 0 0.235294 0.352941 0.0588235 0.0588235 0 0 0 0 0 

576 548 400 53 0 0.583942 0 0 0 0 0 0 0 0 0 0 0 0 0 0 0 0 0 0 0 0.0588235 0 0.117647 0.176471 0.117647 0.235294 0.235294 0 0.0588235 0 0 0 0 0 

608 587 433 53 0 0.545145 0 0 0 0 0 0 0 0 0 0 0 0 0 0 0 0 0 0 0 0 0.111111 0.0555556 0.0555556 0.166667 0.333333 0.222222 0.0555556 0 0 0 0 0 0 

608 586 425 53 0 0.546075 0 0 0 0 0 0 0 0 0 0 0 0 0 0 0 0 0 0 0 0.0555556 0 0 0.333333 0.222222 0.222222 0.111111 0.0555556 0 0 0 0 0 0 

608 586 432 53 0 0.546075 0 0 0 0 0 0 0 0 0 0 0 0 0 0 0 0 0 0 0 0 0 0 0.333333 0.166667 0.277778 0.166667 0.0555556 0 0 0 0 0 0 

608 587 429 53 0 0.545145 0 0 0 0 0 0 0 0 0 0 0 0 0 0 0 0 0 0 0 0 0 0.222222 0.111111 0.166667 0.277778 0.166667 0.0555556 0 0 0 0 0 0 

640 631 461 53 0 0.507132 0 0 0 0 0 0 0 0 0 0 0 0 0 0 0 0 0 0 0.105263 0.0526316 0 0.0526316 0.105263 0.210526 0.0526316 0.315789 0.105263 0 0 0 0 0 0 

544 530 399 53 0 0.603774 0 0 0 0 0 0 0 0 0 0 0 0 0 0 0 0 0 0 0 0 0 0.125 0.1875 0.125 0.1875 0.125 0.1875 0.0625 0 0 0 0 0 

544 520 393 53 0 0.615385 0 0 0 0 0 0 0 0 0 0 0 0 0 0 0 0 0 0 0 0 0 0.125 0 0.125 0.375 0.1875 0.1875 0 0 0 0 0 0 

608 597 436 53 0 0.536013 0 0 0 0 0 0 0 0 0 0 0 0 0 0 0 0 0 0 0 0 0 0.166667 0.222222 0.166667 0.333333 0.0555556 0.0555556 0 0 0 0 0 0 

608 587 422 53 0 0.545145 0 0 0 0 0 0 0 0 0 0 0 0 0 0 0 0 0 0 0 0 0.0555556 0.222222 0.166667 0.222222 0.166667 0.111111 0 0.0555556 0 0 0 0 0 

576 550 390 53 0 0.581818 0 0 0 0 0 0 0 0 0 0 0 0 0 0 0 0 0 0 0 0.0588235 0.0588235 0.0588235 0.117647 0.470588 0.235294 0 0 0 0 0 0 0 0 

608 597 442 53 0 0.536013 0 0 0 0 0 0 0 0 0 0 0 0 0 0 0 0 0 0 0 0 0.0555556 0.0555556 0.111111 0.277778 0.277778 0.166667 0.0555556 0 0 0 0 0 0 

608 587 433 53 0 0.545145 0 0 0 0 0 0 0 0 0 0 0 0 0 0 0 0 0 0 0 0 0.111111 0 0.111111 0.166667 0.388889 0.166667 0.0555556 0 0 0 0 0 0 

608 594 428 53 0 0.538721 0 0 0 0 0 0 0 0 0 0 0 0 0 0 0 0 0 0 0 0.0555556 0.0555556 0.222222 0.0555556 0.277778 0.166667 0.0555556 0.0555556 0.0555556 0 0 0 0 0 

608 597 437 53 0 0.536013 0 0 0 0 0 0 0 0 0 0 0 0 0 0 0 0 0 0 0 0 0.0555556 0.0555556 0.333333 0.111111 0.222222 0.166667 0.0555556 0 0 0 0 0 0 

544 520 387 53 0 0.615385 0 0 0 0 0 0 0 0 0 0 0 0 0 0 0 0 0 0.0625 0 0 0 0 0.1875 0.125 0.25 0.25 0.0625 0 0.0625 0 0 0 0 

