224 210 157 32 0 0.571429 0 0 0 0 0 0 0 0 0 0 0 0 0 0 0 0 0 0 0 0 0 0.166667 0.166667 0.333333 0 0.333333 0 0 0 0 0 0 0 

224 209 153 32 0 0.574163 0 0 0 0 0 0 0 0 0 0 0 0 0 0 0 0 0 0 0 0 0.166667 0.166667 0 0.166667 0.5 0 0 0 0 0 0 0 0 

224 210 160 32 0 0.571429 0 0 0 0 0 0 0 0 0 0 0 0 0 0 0 0 0 0 0 0 0 0.166667 0 0.333333 0.166667 0.166667 0.166667 0 0 0 0 0 0 

224 210 159 32 0 0.571429 0 0 0 0 0 0 0 0 0 0 0 0 0 0 0 0 0 0 0 0 0 0.166667 0 0.166667 0.5 0.166667 0 0 0 0 0 0 0 

256 240 174 32 0 0.5 0 0 0 0 0 0 0 0 0 0 0 0 0 0 0 0 0 0 0 0.142857 0 0 0.142857 0.571429 0 0.142857 0 0 0 0 0 0 0 

224 210 158 32 0 0.571429 0 0 0 0 0 0 0 0 0 0 0 0 0 0 0 0 0 0 0 0 0 0 0.166667 0.333333 0.5 0 0 0 0 0 0 0 0 

224 210 158 32 0 0.571429 0 0 0 0 0 0 0 0 0 0 0 0 0 0 0 0 0 0 0 0 0 0.166667 0.166667 0.166667 0.166667 0.333333 0 0 0 0 0 0 0 

224 208 155 32 0 0.576923 0 0 0 0 0 0 0 0 0 0 0 0 0 0 0 0 0 0 0 0 0.166667 0 0 0.333333 0.333333 0.166667 0 0 0 0 0 0 0 

256 249 185 32 0 0.481928 0 0 0 0 0 0 0 0 0 0 0 0 0 0 0 0 0 0 0 0.142857 0 0 0.285714 0.142857 0.142857 0.285714 0 0 0 0 0 0 0 

224 210 160 32 0 0.571429 0 0 0 0 0 0 0 0 0 0 0 0 0 0 0 0 0 0 0 0 0 0 0.166667 0.166667 0.5 0.166667 0 0 0 0 0 0 0 

