608 590 431 53 0 0.542373 0 0 0 0 0 0 0 0 0 0 0 0 0 0 0 0 0 0 0 0 0.0555556 0 0.333333 0.111111 0.333333 0.166667 0 0 0 0 0 0 0 

512 502 380 53 0 0.63745 0 0 0 0 0 0 0 0 0 0 0 0 0 0 0 0 0 0 0 0 0.0666667 0 0.0666667 0.2 0.266667 0.333333 0.0666667 0 0 0 0 0 0 

576 561 425 53 0 0.57041 0 0 0 0 0 0 0 0 0 0 0 0 0 0 0 0 0 0 0 0 0 0 0.117647 0.235294 0.235294 0.352941 0.0588235 0 0 0 0 0 0 

576 555 415 53 0 0.576577 0 0 0 0 0 0 0 0 0 0 0 0 0 0 0 0 0 0 0 0 0.0588235 0 0.117647 0.235294 0.235294 0.235294 0.117647 0 0 0 0 0 0 

608 582 419 53 0 0.549828 0 0 0 0 0 0 0 0 0 0 0 0 0 0 0 0 0 0 0.0555556 0 0 0.111111 0.166667 0.333333 0.166667 0.0555556 0.111111 0 0 0 0 0 0 

608 586 424 53 0 0.546075 0 0 0 0 0 0 0 0 0 0 0 0 0 0 0 0 0 0.0555556 0 0 0 0.111111 0.0555556 0.388889 0.222222 0.111111 0.0555556 0 0 0 0 0 0 

576 563 409 53 0 0.568384 0 0 0 0 0 0 0 0 0 0 0 0 0 0 0 0 0 0 0 0 0.0588235 0.0588235 0.235294 0.294118 0.235294 0.117647 0 0 0 0 0 0 0 

512 497 365 53 0 0.643863 0 0 0 0 0 0 0 0 0 0 0 0 0 0 0 0 0 0 0 0 0 0.0666667 0.266667 0.333333 0.133333 0.133333 0.0666667 0 0 0 0 0 0 

544 535 406 53 0 0.598131 0 0 0 0 0 0 0 0 0 0 0 0 0 0 0 0 0 0 0 0 0 0.0625 0.125 0.1875 0.25 0.25 0.0625 0.0625 0 0 0 0 0 

512 484 358 53 0 0.661157 0 0 0 0 0 0 0 0 0 0 0 0 0 0 0 0 0 0 0 0 0.133333 0 0.133333 0.133333 0.266667 0.2 0.0666667 0.0666667 0 0 0 0 0 

640 621 460 53 0 0.515298 0 0 0 0 0 0 0 0 0 0 0 0 0 0 0 0 0 0 0 0 0.0526316 0 0.157895 0.368421 0.157895 0.105263 0.157895 0 0 0 0 0 0 

544 516 389 53 0 0.620155 0 0 0 0 0 0 0 0 0 0 0 0 0 0 0 0 0 0 0 0 0 0 0.1875 0.125 0.3125 0.1875 0.1875 0 0 0 0 0 0 

576 555 407 53 0 0.576577 0 0 0 0 0 0 0 0 0 0 0 0 0 0 0 0 0 0 0 0 0 0.176471 0.117647 0.294118 0.235294 0 0.176471 0 0 0 0 0 0 

640 630 467 53 0 0.507937 0 0 0 0 0 0 0 0 0 0 0 0 0 0 0 0 0 0 0 0 0 0.105263 0.210526 0.157895 0.263158 0.210526 0.0526316 0 0 0 0 0 0 

640 634 470 53 0 0.504732 0 0 0 0 0 0 0 0 0 0 0 0 0 0 0 0 0 0 0 0.0526316 0 0 0.315789 0.263158 0.0526316 0.105263 0.210526 0 0 0 0 0 0 

640 615 449 53 0 0.520325 0 0 0 0 0 0 0 0 0 0 0 0 0 0 0 0 0 0 0 0.0526316 0.157895 0 0.0526316 0.105263 0.368421 0.157895 0.105263 0 0 0 0 0 0 

544 525 390 53 0 0.609524 0 0 0 0 0 0 0 0 0 0 0 0 0 0 0 0 0 0 0 0 0.0625 0.25 0 0.0625 0.25 0.125 0.25 0 0 0 0 0 0 

576 560 408 53 0 0.571429 0 0 0 0 0 0 0 0 0 0 0 0 0 0 0 0 0 0 0 0 0.0588235 0.117647 0.0588235 0.352941 0.294118 0.117647 0 0 0 0 0 0 0 

448 440 329 53 0 0.727273 0 0 0 0 0 0 0 0 0 0 0 0 0 0 0 0 0 0 0 0 0.0769231 0.0769231 0.0769231 0.230769 0.307692 0.153846 0 0.0769231 0 0 0 0 0 

544 535 390 53 0 0.598131 0 0 0 0 0 0 0 0 0 0 0 0 0 0 0 0 0 0 0.0625 0 0.0625 0.0625 0.125 0.25 0.3125 0.0625 0 0.0625 0 0 0 0 0 

448 430 321 47 0 0.744186 0 0 0 0 0 0 0 0 0 0 0 0 0 0 0 0 0 0 0 0 0 0.0769231 0.230769 0.153846 0.153846 0.307692 0.0769231 0 0 0 0 0 0 

576 551 404 53 0 0.580762 0 0 0 0 0 0 0 0 0 0 0 0 0 0 0 0 0 0 0 0 0 0 0.235294 0.352941 0.235294 0.176471 0 0 0 0 0 0 0 

448 436 321 52 0 0.733945 0 0 0 0 0 0 0 0 0 0 0 0 0 0 0 0 0 0 0 0 0.0769231 0 0.230769 0.230769 0.307692 0.153846 0 0 0 0 0 0 0 

576 568 437 53 0 0.56338 0 0 0 0 0 0 0 0 0 0 0 0 0 0 0 0 0 0 0 0 0.117647 0 0 0.176471 0.176471 0.235294 0.235294 0 0.0588235 0 0 0 0 

544 518 387 53 0 0.617761 0 0 0 0 0 0 0 0 0 0 0 0 0 0 0 0 0 0 0 0 0.0625 0.125 0.0625 0.1875 0 0.375 0.1875 0 0 0 0 0 0 

576 557 406 53 0 0.574506 0 0 0 0 0 0 0 0 0 0 0 0 0 0 0 0 0 0 0 0.0588235 0.0588235 0.0588235 0.117647 0.294118 0.176471 0.117647 0.117647 0 0 0 0 0 0 

640 616 441 53 0 0.519481 0 0 0 0 0 0 0 0 0 0 0 0 0 0 0 0 0 0.0526316 0 0 0.0526316 0.157895 0.263158 0 0.263158 0.105263 0.0526316 0.0526316 0 0 0 0 0 

544 521 377 53 0 0.614203 0 0 0 0 0 0 0 0 0 0 0 0 0 0 0 0 0 0 0 0 0.125 0.125 0.25 0.0625 0.125 0.1875 0.125 0 0 0 0 0 0 

576 562 400 53 0 0.569395 0 0 0 0 0 0 0 0 0 0 0 0 0 0 0 0 0 0 0 0.0588235 0.117647 0.117647 0.0588235 0.411765 0.117647 0.117647 0 0 0 0 0 0 0 

512 503 377 53 0 0.636183 0 0 0 0 0 0 0 0 0 0 0 0 0 0 0 0 0 0 0 0 0.0666667 0 0.133333 0.2 0.333333 0.2 0.0666667 0 0 0 0 0 0 

576 557 400 53 0 0.574506 0 0 0 0 0 0 0 0 0 0 0 0 0 0 0 0 0 0 0 0.117647 0.0588235 0 0.235294 0.176471 0.235294 0.117647 0.0588235 0 0 0 0 0 0 

608 591 427 53 0 0.541455 0 0 0 0 0 0 0 0 0 0 0 0 0 0 0 0 0 0 0 0 0.111111 0.0555556 0.222222 0.222222 0.222222 0.166667 0 0 0 0 0 0 0 

608 582 424 53 0 0.549828 0 0 0 0 0 0 0 0 0 0 0 0 0 0 0 0 0 0 0 0 0.222222 0 0.166667 0.166667 0.111111 0.166667 0.0555556 0.111111 0 0 0 0 0 

576 547 394 53 0 0.585009 0 0 0 0 0 0 0 0 0 0 0 0 0 0 0 0 0 0 0 0 0 0.411765 0 0.176471 0.0588235 0.294118 0.0588235 0 0 0 0 0 0 

640 618 434 53 0 0.517799 0 0 0 0 0 0 0 0 0 0 0 0 0 0 0 0 0.0526316 0 0 0 0.157895 0.0526316 0.210526 0.157895 0.263158 0.105263 0 0 0 0 0 0 0 

608 592 436 53 0 0.540541 0 0 0 0 0 0 0 0 0 0 0 0 0 0 0 0 0 0 0 0 0 0.111111 0.111111 0.388889 0.166667 0.166667 0.0555556 0 0 0 0 0 0 

512 490 361 53 0 0.653061 0 0 0 0 0 0 0 0 0 0 0 0 0 0 0 0 0 0 0 0 0.0666667 0.0666667 0.133333 0.2 0.266667 0.2 0.0666667 0 0 0 0 0 0 

480 462 344 53 0 0.692641 0 0 0 0 0 0 0 0 0 0 0 0 0 0 0 0 0 0 0 0 0 0.0714286 0.285714 0.142857 0.142857 0.214286 0.142857 0 0 0 0 0 0 

576 549 393 53 0 0.582878 0 0 0 0 0 0 0 0 0 0 0 0 0 0 0 0 0 0 0 0 0.0588235 0.117647 0.294118 0.235294 0.176471 0 0.117647 0 0 0 0 0 0 

576 557 395 53 0 0.574506 0 0 0 0 0 0 0 0 0 0 0 0 0 0 0 0 0 0 0 0.0588235 0.176471 0.0588235 0.176471 0.235294 0.117647 0.117647 0.0588235 0 0 0 0 0 0 

640 613 434 53 0 0.522023 0 0 0 0 0 0 0 0 0 0 0 0 0 0 0 0 0 0 0 0 0.0526316 0.105263 0.368421 0.210526 0.210526 0.0526316 0 0 0 0 0 0 0 

576 551 409 53 0 0.580762 0 0 0 0 0 0 0 0 0 0 0 0 0 0 0 0 0 0 0 0 0 0.0588235 0.117647 0.352941 0.176471 0.235294 0 0.0588235 0 0 0 0 0 

576 562 414 53 0 0.569395 0 0 0 0 0 0 0 0 0 0 0 0 0 0 0 0 0 0 0 0 0.0588235 0 0.117647 0.352941 0.352941 0.117647 0 0 0 0 0 0 0 

640 629 452 53 0 0.508744 0 0 0 0 0 0 0 0 0 0 0 0 0 0 0 0 0 0 0 0 0.157895 0.210526 0.0526316 0.210526 0.210526 0.0526316 0.105263 0 0 0 0 0 0 

608 590 439 53 0 0.542373 0 0 0 0 0 0 0 0 0 0 0 0 0 0 0 0 0 0 0 0 0 0.111111 0.0555556 0.222222 0.333333 0.277778 0 0 0 0 0 0 0 

448 428 321 51 0 0.747664 0 0 0 0 0 0 0 0 0 0 0 0 0 0 0 0 0 0 0 0 0.0769231 0 0.153846 0.153846 0.230769 0.307692 0 0.0769231 0 0 0 0 0 

544 520 381 53 0 0.615385 0 0 0 0 0 0 0 0 0 0 0 0 0 0 0 0 0 0.0625 0 0 0 0 0.1875 0.1875 0.375 0.125 0 0.0625 0 0 0 0 0 

512 499 371 53 0 0.641283 0 0 0 0 0 0 0 0 0 0 0 0 0 0 0 0 0 0 0 0 0 0.133333 0.133333 0.2 0.266667 0.2 0.0666667 0 0 0 0 0 0 

576 556 414 53 0 0.57554 0 0 0 0 0 0 0 0 0 0 0 0 0 0 0 0 0 0 0 0 0 0 0.294118 0.176471 0.117647 0.411765 0 0 0 0 0 0 0 

544 521 374 53 0 0.614203 0 0 0 0 0 0 0 0 0 0 0 0 0 0 0 0 0 0 0 0.0625 0 0.0625 0.25 0.3125 0.1875 0.125 0 0 0 0 0 0 0 

576 564 407 53 0 0.567376 0 0 0 0 0 0 0 0 0 0 0 0 0 0 0 0 0 0 0 0.0588235 0 0.0588235 0.352941 0.235294 0.117647 0.176471 0 0 0 0 0 0 0 

608 583 427 53 0 0.548885 0 0 0 0 0 0 0 0 0 0 0 0 0 0 0 0 0 0 0 0 0 0.111111 0.333333 0.166667 0.0555556 0.222222 0.0555556 0.0555556 0 0 0 0 0 

736 713 523 53 0 0.448808 0 0 0 0 0 0 0 0 0 0 0 0 0 0 0 0 0 0 0 0 0.0909091 0.0909091 0.0909091 0.272727 0.181818 0.136364 0.0909091 0.0454545 0 0 0 0 0 

512 495 363 53 0 0.646465 0 0 0 0 0 0 0 0 0 0 0 0 0 0 0 0 0 0 0 0 0.0666667 0.0666667 0.266667 0.133333 0.2 0.2 0.0666667 0 0 0 0 0 0 

512 483 350 53 0 0.662526 0 0 0 0 0 0 0 0 0 0 0 0 0 0 0 0 0 0 0 0 0.0666667 0.133333 0.2 0.133333 0.266667 0.133333 0 0.0666667 0 0 0 0 0 

576 568 426 53 0 0.56338 0 0 0 0 0 0 0 0 0 0 0 0 0 0 0 0 0 0 0 0.0588235 0.0588235 0 0.117647 0.235294 0.0588235 0.294118 0.176471 0 0 0 0 0 0 

544 526 396 53 0 0.608365 0 0 0 0 0 0 0 0 0 0 0 0 0 0 0 0 0 0 0 0 0 0.0625 0.0625 0.25 0.3125 0.1875 0.125 0 0 0 0 0 0 

608 587 429 53 0 0.545145 0 0 0 0 0 0 0 0 0 0 0 0 0 0 0 0 0 0 0 0 0.0555556 0.111111 0.111111 0.222222 0.277778 0.222222 0 0 0 0 0 0 0 

608 590 425 53 0 0.542373 0 0 0 0 0 0 0 0 0 0 0 0 0 0 0 0 0 0 0.0555556 0 0.111111 0.111111 0.111111 0.222222 0.166667 0.111111 0.0555556 0.0555556 0 0 0 0 0 

576 553 410 53 0 0.578662 0 0 0 0 0 0 0 0 0 0 0 0 0 0 0 0 0 0 0 0 0.0588235 0 0.235294 0.176471 0.235294 0.176471 0.0588235 0.0588235 0 0 0 0 0 

544 515 356 53 0 0.621359 0 0 0 0 0 0 0 0 0 0 0 0 0 0 0 0 0 0 0 0.0625 0.0625 0.375 0.125 0.0625 0.25 0.0625 0 0 0 0 0 0 0 

576 555 410 53 0 0.576577 0 0 0 0 0 0 0 0 0 0 0 0 0 0 0 0 0 0 0 0 0 0 0.176471 0.411765 0.176471 0.235294 0 0 0 0 0 0 0 

512 500 363 53 0 0.64 0 0 0 0 0 0 0 0 0 0 0 0 0 0 0 0 0 0 0 0 0.0666667 0.133333 0.266667 0.133333 0.2 0.2 0 0 0 0 0 0 0 

512 503 365 53 0 0.636183 0 0 0 0 0 0 0 0 0 0 0 0 0 0 0 0 0 0 0 0.0666667 0 0.0666667 0.133333 0.466667 0.2 0.0666667 0 0 0 0 0 0 0 

640 621 449 53 0 0.515298 0 0 0 0 0 0 0 0 0 0 0 0 0 0 0 0 0 0 0 0.0526316 0.0526316 0.157895 0.105263 0.157895 0.263158 0.157895 0.0526316 0 0 0 0 0 0 

576 553 404 53 0 0.578662 0 0 0 0 0 0 0 0 0 0 0 0 0 0 0 0 0 0 0 0 0 0.176471 0.176471 0.235294 0.176471 0.176471 0 0.0588235 0 0 0 0 0 

512 487 351 53 0 0.657084 0 0 0 0 0 0 0 0 0 0 0 0 0 0 0 0 0 0 0 0 0.0666667 0.0666667 0.333333 0.2 0.2 0.0666667 0 0.0666667 0 0 0 0 0 

640 621 464 53 0 0.515298 0 0 0 0 0 0 0 0 0 0 0 0 0 0 0 0 0 0 0 0 0.0526316 0 0.263158 0.157895 0.157895 0.157895 0.157895 0.0526316 0 0 0 0 0 

544 527 383 53 0 0.607211 0 0 0 0 0 0 0 0 0 0 0 0 0 0 0 0 0 0 0 0 0.125 0.0625 0.1875 0.25 0.25 0 0.0625 0.0625 0 0 0 0 0 

576 557 414 53 0 0.574506 0 0 0 0 0 0 0 0 0 0 0 0 0 0 0 0 0 0 0 0 0 0.0588235 0.176471 0.176471 0.352941 0.176471 0.0588235 0 0 0 0 0 0 

608 589 432 53 0 0.543294 0 0 0 0 0 0 0 0 0 0 0 0 0 0 0 0 0 0 0 0 0.0555556 0 0.166667 0.277778 0.388889 0.111111 0 0 0 0 0 0 0 

512 491 368 53 0 0.651731 0 0 0 0 0 0 0 0 0 0 0 0 0 0 0 0 0 0 0 0 0 0.0666667 0.133333 0.333333 0.133333 0.133333 0.133333 0.0666667 0 0 0 0 0 

608 593 436 53 0 0.539629 0 0 0 0 0 0 0 0 0 0 0 0 0 0 0 0 0 0 0 0 0.111111 0 0.111111 0.222222 0.388889 0.166667 0 0 0 0 0 0 0 

480 458 342 53 0 0.69869 0 0 0 0 0 0 0 0 0 0 0 0 0 0 0 0 0 0 0 0 0 0.142857 0.0714286 0.142857 0.285714 0.285714 0.0714286 0 0 0 0 0 0 

576 557 409 53 0 0.574506 0 0 0 0 0 0 0 0 0 0 0 0 0 0 0 0 0 0 0 0 0.0588235 0.0588235 0.235294 0.176471 0.176471 0.235294 0.0588235 0 0 0 0 0 0 

544 522 380 53 0 0.613027 0 0 0 0 0 0 0 0 0 0 0 0 0 0 0 0 0 0 0 0 0 0.125 0.1875 0.3125 0.25 0.0625 0.0625 0 0 0 0 0 0 

480 458 341 53 0 0.69869 0 0 0 0 0 0 0 0 0 0 0 0 0 0 0 0 0 0 0 0 0 0.214286 0.214286 0 0.214286 0.142857 0.0714286 0.142857 0 0 0 0 0 

704 687 500 53 0 0.465793 0 0 0 0 0 0 0 0 0 0 0 0 0 0 0 0 0 0 0 0 0.0952381 0.0952381 0.190476 0.285714 0.047619 0.142857 0.142857 0 0 0 0 0 0 

480 471 339 53 0 0.679406 0 0 0 0 0 0 0 0 0 0 0 0 0 0 0 0 0 0 0 0 0.142857 0.214286 0.142857 0.142857 0.214286 0.0714286 0.0714286 0 0 0 0 0 0 

576 565 417 53 0 0.566372 0 0 0 0 0 0 0 0 0 0 0 0 0 0 0 0 0 0 0 0 0 0.117647 0.235294 0.117647 0.352941 0.117647 0.0588235 0 0 0 0 0 0 

512 486 375 53 0 0.658436 0 0 0 0 0 0 0 0 0 0 0 0 0 0 0 0 0 0 0 0 0 0 0 0.266667 0.266667 0.133333 0.266667 0.0666667 0 0 0 0 0 

448 437 337 53 0 0.732265 0 0 0 0 0 0 0 0 0 0 0 0 0 0 0 0 0 0 0 0 0 0.0769231 0 0.230769 0.230769 0.230769 0.153846 0.0769231 0 0 0 0 0 

544 526 385 53 0 0.608365 0 0 0 0 0 0 0 0 0 0 0 0 0 0 0 0 0 0 0 0 0 0.125 0.25 0.25 0.1875 0.0625 0.125 0 0 0 0 0 0 

640 624 442 53 0 0.512821 0 0 0 0 0 0 0 0 0 0 0 0 0 0 0 0 0 0 0 0.0526316 0.0526316 0.263158 0.210526 0.0526316 0.263158 0.0526316 0.0526316 0 0 0 0 0 0 

608 589 426 53 0 0.543294 0 0 0 0 0 0 0 0 0 0 0 0 0 0 0 0 0 0 0 0.0555556 0.111111 0 0.222222 0.111111 0.277778 0.222222 0 0 0 0 0 0 0 

576 554 398 53 0 0.577617 0 0 0 0 0 0 0 0 0 0 0 0 0 0 0 0 0 0.0588235 0 0.0588235 0.117647 0 0.0588235 0.0588235 0.529412 0.0588235 0.0588235 0 0 0 0 0 0 

608 589 432 53 0 0.543294 0 0 0 0 0 0 0 0 0 0 0 0 0 0 0 0 0 0 0 0 0 0.111111 0.166667 0.388889 0.166667 0.0555556 0.0555556 0.0555556 0 0 0 0 0 

576 557 411 53 0 0.574506 0 0 0 0 0 0 0 0 0 0 0 0 0 0 0 0 0 0 0 0 0 0 0.176471 0.411765 0.294118 0.0588235 0.0588235 0 0 0 0 0 0 

544 528 380 53 0 0.606061 0 0 0 0 0 0 0 0 0 0 0 0 0 0 0 0 0 0 0 0 0.125 0.125 0.25 0.125 0.1875 0.125 0.0625 0 0 0 0 0 0 

608 593 443 53 0 0.539629 0 0 0 0 0 0 0 0 0 0 0 0 0 0 0 0 0 0 0 0 0 0 0.166667 0.388889 0.111111 0.277778 0.0555556 0 0 0 0 0 0 

544 530 397 53 0 0.603774 0 0 0 0 0 0 0 0 0 0 0 0 0 0 0 0 0 0 0 0 0 0 0.125 0.3125 0.375 0.125 0.0625 0 0 0 0 0 0 

608 583 426 53 0 0.548885 0 0 0 0 0 0 0 0 0 0 0 0 0 0 0 0 0 0 0 0 0.0555556 0 0.388889 0 0.333333 0.166667 0.0555556 0 0 0 0 0 0 

576 554 412 53 0 0.577617 0 0 0 0 0 0 0 0 0 0 0 0 0 0 0 0 0 0 0 0.0588235 0 0.0588235 0.0588235 0.235294 0.294118 0.176471 0.0588235 0.0588235 0 0 0 0 0 

640 621 462 53 0 0.515298 0 0 0 0 0 0 0 0 0 0 0 0 0 0 0 0 0 0 0 0 0.0526316 0.105263 0 0.263158 0.315789 0.157895 0.0526316 0.0526316 0 0 0 0 0 

640 615 464 53 0 0.520325 0 0 0 0 0 0 0 0 0 0 0 0 0 0 0 0 0 0 0 0 0 0.157895 0 0.157895 0.210526 0.315789 0.105263 0.0526316 0 0 0 0 0 

544 523 381 53 0 0.611855 0 0 0 0 0 0 0 0 0 0 0 0 0 0 0 0 0 0 0 0 0.0625 0.25 0.125 0.125 0.125 0.1875 0.0625 0.0625 0 0 0 0 0 

640 621 457 53 0 0.515298 0 0 0 0 0 0 0 0 0 0 0 0 0 0 0 0 0 0 0 0 0.105263 0.0526316 0.105263 0.210526 0.263158 0.157895 0.105263 0 0 0 0 0 0 

544 523 396 53 0 0.611855 0 0 0 0 0 0 0 0 0 0 0 0 0 0 0 0 0 0 0 0 0 0.125 0.0625 0.0625 0.4375 0.0625 0.1875 0.0625 0 0 0 0 0 

608 584 414 53 0 0.547945 0 0 0 0 0 0 0 0 0 0 0 0 0 0 0 0 0 0 0 0.0555556 0.111111 0.111111 0.166667 0.222222 0.166667 0.166667 0 0 0 0 0 0 0 

544 513 364 53 0 0.623782 0 0 0 0 0 0 0 0 0 0 0 0 0 0 0 0 0 0 0 0 0.0625 0.25 0.25 0.125 0.1875 0 0.0625 0.0625 0 0 0 0 0 

