1056 1030 740 75 0 0.621359 0 0 0 0 0 0 0 0 0 0 0 0 0 0 0 0 0 0 0.03125 0 0.09375 0.125 0.125 0.25 0.1875 0.09375 0.03125 0.03125 0.03125 0 0 0 0 

992 970 715 75 0 0.659794 0 0 0 0 0 0 0 0 0 0 0 0 0 0 0 0 0 0.0333333 0 0.0333333 0.0333333 0.0333333 0.133333 0.166667 0.3 0.0333333 0.166667 0.0666667 0 0 0 0 0 

1152 1128 813 75 0 0.567376 0 0 0 0 0 0 0 0 0 0 0 0 0 0 0 0 0 0 0 0 0.0285714 0.2 0.171429 0.2 0.171429 0.2 0.0285714 0 0 0 0 0 0 

992 971 711 75 0 0.659114 0 0 0 0 0 0 0 0 0 0 0 0 0 0 0 0 0 0 0 0.0333333 0.0333333 0.0666667 0.133333 0.166667 0.333333 0.2 0.0333333 0 0 0 0 0 0 

1024 996 736 75 0 0.64257 0 0 0 0 0 0 0 0 0 0 0 0 0 0 0 0 0 0 0 0 0 0.0645161 0.129032 0.16129 0.451613 0.16129 0.0322581 0 0 0 0 0 0 

1056 1029 750 75 0 0.621963 0 0 0 0 0 0 0 0 0 0 0 0 0 0 0 0 0 0 0.03125 0.03125 0 0.09375 0.15625 0.1875 0.28125 0.0625 0.125 0.03125 0 0 0 0 0 

1088 1061 767 75 0 0.603205 0 0 0 0 0 0 0 0 0 0 0 0 0 0 0 0 0 0 0 0 0 0.151515 0.212121 0.242424 0.242424 0.0909091 0.0606061 0 0 0 0 0 0 

1056 1030 741 75 0 0.621359 0 0 0 0 0 0 0 0 0 0 0 0 0 0 0 0 0 0 0.03125 0.03125 0.03125 0.03125 0.21875 0.34375 0.09375 0.15625 0.03125 0.03125 0 0 0 0 0 

992 970 716 75 0 0.659794 0 0 0 0 0 0 0 0 0 0 0 0 0 0 0 0 0 0 0 0 0 0.166667 0.2 0.1 0.1 0.333333 0.1 0 0 0 0 0 0 

1056 1029 749 75 0 0.621963 0 0 0 0 0 0 0 0 0 0 0 0 0 0 0 0 0 0 0 0 0.03125 0.03125 0.25 0.3125 0.15625 0.15625 0.0625 0 0 0 0 0 0 

