1280 1252 904 84 0 0.638978 0 0 0 0 0 0 0 0 0 0 0 0 0 0 0 0 0 0 0 0.0512821 0 0.025641 0.205128 0.358974 0.205128 0.128205 0.025641 0 0 0 0 0 0 

1248 1228 899 84 0 0.651466 0 0 0 0 0 0 0 0 0 0 0 0 0 0 0 0 0 0 0 0 0.0526316 0.0789474 0.184211 0.157895 0.315789 0.131579 0.0526316 0.0263158 0 0 0 0 0 

1376 1358 992 84 0 0.589102 0 0 0 0 0 0 0 0 0 0 0 0 0 0 0 0 0 0 0.0238095 0 0.0238095 0.166667 0.142857 0.142857 0.142857 0.261905 0.0952381 0 0 0 0 0 0 

1312 1288 919 84 0 0.621118 0 0 0 0 0 0 0 0 0 0 0 0 0 0 0 0 0 0 0 0 0.125 0.05 0.2 0.3 0.225 0.075 0.025 0 0 0 0 0 0 

1312 1284 940 84 0 0.623053 0 0 0 0 0 0 0 0 0 0 0 0 0 0 0 0 0 0 0 0 0.075 0.075 0.075 0.35 0.1 0.25 0.05 0.025 0 0 0 0 0 

1408 1388 1030 84 0 0.576369 0 0 0 0 0 0 0 0 0 0 0 0 0 0 0 0 0 0 0 0.0232558 0 0.0232558 0.232558 0.186047 0.209302 0.186047 0.0930233 0.0465116 0 0 0 0 0 

1248 1223 887 84 0 0.654129 0 0 0 0 0 0 0 0 0 0 0 0 0 0 0 0.0263158 0 0 0.0263158 0.0263158 0.0263158 0.0263158 0.157895 0.210526 0.236842 0.184211 0.0526316 0 0.0263158 0 0 0 0 

1376 1347 990 84 0 0.593912 0 0 0 0 0 0 0 0 0 0 0 0 0 0 0 0 0 0 0 0.0238095 0.0238095 0.0714286 0.166667 0.285714 0.119048 0.166667 0.0714286 0.047619 0.0238095 0 0 0 0 

1120 1097 802 74 0 0.729262 0 0 0 0 0 0 0 0 0 0 0 0 0 0 0 0 0 0 0 0 0.0882353 0.0294118 0.176471 0.205882 0.235294 0.205882 0.0588235 0 0 0 0 0 0 

1120 1110 801 60 0 0.720721 0 0 0 0 0 0 0 0 0 0 0 0 0 0 0 0 0 0 0 0 0.0294118 0.235294 0.117647 0.264706 0.147059 0.176471 0.0294118 0 0 0 0 0 0 

1152 1122 808 78 0 0.713012 0 0 0 0 0 0 0 0 0 0 0 0 0 0 0 0 0 0 0 0.0285714 0.0285714 0.0857143 0.171429 0.314286 0.2 0.142857 0.0285714 0 0 0 0 0 0 

1344 1315 955 84 0 0.608365 0 0 0 0 0 0 0 0 0 0 0 0 0 0 0 0 0 0 0 0.0243902 0.097561 0.0731707 0.170732 0.170732 0.195122 0.121951 0.097561 0.0487805 0 0 0 0 0 

1152 1127 818 79 0 0.709849 0 0 0 0 0 0 0 0 0 0 0 0 0 0 0 0 0 0 0 0 0.114286 0.114286 0.114286 0.114286 0.257143 0.257143 0.0285714 0 0 0 0 0 0 

1184 1157 820 77 0 0.691443 0 0 0 0 0 0 0 0 0 0 0 0 0 0 0 0 0 0 0 0.0277778 0.0277778 0.138889 0.277778 0.277778 0.138889 0.0833333 0.0277778 0 0 0 0 0 0 

1120 1107 801 66 0 0.722674 0 0 0 0 0 0 0 0 0 0 0 0 0 0 0 0 0 0 0 0 0.0588235 0.117647 0.147059 0.323529 0.176471 0.147059 0.0294118 0 0 0 0 0 0 

1120 1096 801 67 0 0.729927 0 0 0 0 0 0 0 0 0 0 0 0 0 0 0 0 0 0 0 0 0 0.205882 0.176471 0.0882353 0.235294 0.205882 0.0882353 0 0 0 0 0 0 

1184 1173 854 84 0 0.682012 0 0 0 0 0 0 0 0 0 0 0 0 0 0 0 0 0 0 0.0277778 0.0277778 0.0277778 0.0833333 0.166667 0.166667 0.222222 0.25 0.0277778 0 0 0 0 0 0 

1152 1130 820 82 0 0.707965 0 0 0 0 0 0 0 0 0 0 0 0 0 0 0 0 0 0 0 0 0.0857143 0.0857143 0.171429 0.257143 0.171429 0.114286 0.114286 0 0 0 0 0 0 

1248 1235 912 84 0 0.647773 0 0 0 0 0 0 0 0 0 0 0 0 0 0 0 0 0 0 0 0.0263158 0.0263158 0.0789474 0.210526 0.131579 0.210526 0.157895 0.131579 0 0.0263158 0 0 0 0 

1344 1321 969 84 0 0.605602 0 0 0 0 0 0 0 0 0 0 0 0 0 0 0 0 0 0 0 0 0.0243902 0.097561 0.146341 0.121951 0.439024 0.121951 0.0487805 0 0 0 0 0 0 

1440 1426 1048 84 0 0.56101 0 0 0 0 0 0 0 0 0 0 0 0 0 0 0 0 0 0 0 0 0.0454545 0.159091 0.0681818 0.181818 0.227273 0.25 0.0681818 0 0 0 0 0 0 

1216 1189 862 84 0 0.672834 0 0 0 0 0 0 0 0 0 0 0 0 0 0 0 0 0 0 0 0.0540541 0.027027 0.0540541 0.0810811 0.405405 0.189189 0.135135 0.027027 0.027027 0 0 0 0 0 

1376 1348 974 84 0 0.593472 0 0 0 0 0 0 0 0 0 0 0 0 0 0 0 0 0 0 0 0.0238095 0 0.119048 0.214286 0.261905 0.142857 0.214286 0.0238095 0 0 0 0 0 0 

1280 1266 921 84 0 0.631912 0 0 0 0 0 0 0 0 0 0 0 0 0 0 0 0 0 0 0 0.025641 0.0512821 0.0769231 0.153846 0.25641 0.205128 0.179487 0.0512821 0 0 0 0 0 0 

1280 1252 928 84 0 0.638978 0 0 0 0 0 0 0 0 0 0 0 0 0 0 0 0 0 0 0 0 0.025641 0.025641 0.153846 0.179487 0.333333 0.205128 0.0769231 0 0 0 0 0 0 

1312 1283 928 84 0 0.623539 0 0 0 0 0 0 0 0 0 0 0 0 0 0 0 0 0 0 0.025 0 0.1 0.075 0.15 0.1 0.35 0.125 0.05 0.025 0 0 0 0 0 

1152 1121 816 84 0 0.713649 0 0 0 0 0 0 0 0 0 0 0 0 0 0 0 0 0 0.0285714 0 0 0 0.114286 0.142857 0.171429 0.314286 0.2 0 0.0285714 0 0 0 0 0 

1280 1258 904 84 0 0.63593 0 0 0 0 0 0 0 0 0 0 0 0 0 0 0 0 0.025641 0 0 0.025641 0 0.0512821 0.25641 0.179487 0.358974 0.102564 0 0 0 0 0 0 0 

1312 1282 923 84 0 0.624025 0 0 0 0 0 0 0 0 0 0 0 0 0 0 0 0 0 0 0.025 0.025 0.025 0.075 0.175 0.325 0.125 0.15 0.075 0 0 0 0 0 0 

1120 1111 813 69 0 0.720072 0 0 0 0 0 0 0 0 0 0 0 0 0 0 0 0 0 0 0.0294118 0 0.0588235 0.117647 0.117647 0.235294 0.176471 0.117647 0.117647 0 0.0294118 0 0 0 0 

1312 1284 941 84 0 0.623053 0 0 0 0 0 0 0 0 0 0 0 0 0 0 0 0 0 0 0 0 0.025 0.125 0.1 0.325 0.15 0.15 0.1 0.025 0 0 0 0 0 

1216 1188 879 84 0 0.673401 0 0 0 0 0 0 0 0 0 0 0 0 0 0 0 0 0 0 0 0 0.027027 0.162162 0.0540541 0.189189 0.216216 0.162162 0.189189 0 0 0 0 0 0 

1120 1099 802 74 0 0.727934 0 0 0 0 0 0 0 0 0 0 0 0 0 0 0 0 0 0 0 0.0294118 0.0882353 0 0.176471 0.294118 0.117647 0.205882 0.0588235 0.0294118 0 0 0 0 0 

1120 1113 800 73 0 0.718778 0 0 0 0 0 0 0 0 0 0 0 0 0 0 0 0 0.0294118 0 0 0.0588235 0.0588235 0.117647 0.117647 0.176471 0.235294 0.0882353 0.0588235 0.0588235 0 0 0 0 0 

1248 1220 888 84 0 0.655738 0 0 0 0 0 0 0 0 0 0 0 0 0 0 0 0 0 0 0 0.0263158 0.0526316 0.0789474 0.157895 0.263158 0.105263 0.210526 0.105263 0 0 0 0 0 0 

1120 1104 802 79 0 0.724638 0 0 0 0 0 0 0 0 0 0 0 0 0 0 0 0 0 0 0 0.0294118 0 0.0882353 0.235294 0.205882 0.294118 0.0882353 0.0588235 0 0 0 0 0 0 

1152 1135 802 77 0 0.704846 0 0 0 0 0 0 0 0 0 0 0 0 0 0 0 0 0 0 0 0.0571429 0.0857143 0.114286 0.257143 0.2 0.171429 0.0571429 0.0571429 0 0 0 0 0 0 

1088 1080 800 74 0 0.740741 0 0 0 0 0 0 0 0 0 0 0 0 0 0 0 0 0 0 0 0 0.030303 0.0606061 0.151515 0.212121 0.242424 0.212121 0.0909091 0 0 0 0 0 0 

1120 1098 802 74 0 0.728597 0 0 0 0 0 0 0 0 0 0 0 0 0 0 0 0 0 0 0 0 0.0588235 0.147059 0.176471 0.147059 0.205882 0.117647 0.117647 0 0.0294118 0 0 0 0 

1120 1102 802 73 0 0.725953 0 0 0 0 0 0 0 0 0 0 0 0 0 0 0 0 0 0 0 0.0294118 0.0294118 0.0588235 0.147059 0.323529 0.205882 0.176471 0.0294118 0 0 0 0 0 0 

1248 1218 894 84 0 0.656814 0 0 0 0 0 0 0 0 0 0 0 0 0 0 0 0 0 0 0 0 0.0263158 0.0263158 0.210526 0.210526 0.368421 0.0526316 0.0789474 0.0263158 0 0 0 0 0 

1248 1223 882 83 0 0.654129 0 0 0 0 0 0 0 0 0 0 0 0 0 0 0 0 0 0 0 0 0.157895 0.0263158 0.105263 0.263158 0.315789 0.0526316 0.0789474 0 0 0 0 0 0 

1184 1168 845 84 0 0.684932 0 0 0 0 0 0 0 0 0 0 0 0 0 0 0 0 0 0 0.0277778 0.0277778 0 0.222222 0.0277778 0.222222 0.25 0.166667 0.0555556 0 0 0 0 0 0 

1184 1171 856 81 0 0.683177 0 0 0 0 0 0 0 0 0 0 0 0 0 0 0 0 0 0 0 0 0.0555556 0.138889 0.166667 0.194444 0.166667 0.166667 0.0833333 0.0277778 0 0 0 0 0 

1184 1161 848 69 0 0.689061 0 0 0 0 0 0 0 0 0 0 0 0 0 0 0 0 0 0 0 0.0277778 0.0555556 0.0833333 0.111111 0.277778 0.166667 0.166667 0.0833333 0.0277778 0 0 0 0 0 

1152 1124 813 63 0 0.711744 0 0 0 0 0 0 0 0 0 0 0 0 0 0 0 0 0 0 0.0285714 0.0285714 0.0857143 0.0571429 0.0857143 0.285714 0.171429 0.171429 0.0285714 0.0571429 0 0 0 0 0 

1248 1221 880 78 0 0.655201 0 0 0 0 0 0 0 0 0 0 0 0 0 0 0 0 0 0 0.0263158 0 0.0789474 0.0526316 0.210526 0.263158 0.131579 0.131579 0.105263 0 0 0 0 0 0 

1184 1157 831 77 0 0.691443 0 0 0 0 0 0 0 0 0 0 0 0 0 0 0 0 0 0 0.0277778 0 0.111111 0.0833333 0.138889 0.222222 0.166667 0.194444 0.0555556 0 0 0 0 0 0 

1088 1073 802 80 0 0.745573 0 0 0 0 0 0 0 0 0 0 0 0 0 0 0 0 0 0 0 0 0.0909091 0.030303 0.030303 0.121212 0.424242 0.212121 0.0606061 0.030303 0 0 0 0 0 

1120 1096 802 76 0 0.729927 0 0 0 0 0 0 0 0 0 0 0 0 0 0 0 0 0 0 0 0 0.0588235 0.0294118 0.147059 0.235294 0.352941 0.147059 0.0294118 0 0 0 0 0 0 

1120 1095 802 74 0 0.730594 0 0 0 0 0 0 0 0 0 0 0 0 0 0 0 0 0 0 0 0.0294118 0 0.0588235 0.235294 0.117647 0.352941 0.147059 0.0294118 0.0294118 0 0 0 0 0 

1120 1104 802 69 0 0.724638 0 0 0 0 0 0 0 0 0 0 0 0 0 0 0 0 0 0 0 0.0294118 0.0588235 0.117647 0.0882353 0.235294 0.323529 0.0882353 0.0294118 0 0.0294118 0 0 0 0 

1120 1100 806 84 0 0.727273 0 0 0 0 0 0 0 0 0 0 0 0 0 0 0 0 0 0 0 0.0294118 0 0.0588235 0.205882 0.205882 0.205882 0.294118 0 0 0 0 0 0 0 

1088 1077 801 65 0 0.742804 0 0 0 0 0 0 0 0 0 0 0 0 0 0 0 0 0 0 0 0 0.030303 0.0909091 0.181818 0.151515 0.181818 0.181818 0.181818 0 0 0 0 0 0 

1152 1139 802 71 0 0.702371 0 0 0 0 0 0 0 0 0 0 0 0 0 0 0 0 0.0285714 0.0285714 0 0.114286 0 0.142857 0.2 0.142857 0.114286 0.142857 0.0571429 0.0285714 0 0 0 0 0 

1120 1108 802 74 0 0.722022 0 0 0 0 0 0 0 0 0 0 0 0 0 0 0 0 0 0 0 0.0294118 0.0588235 0.0882353 0.147059 0.264706 0.294118 0.0294118 0.0882353 0 0 0 0 0 0 

1120 1115 800 78 0 0.717489 0 0 0 0 0 0 0 0 0 0 0 0 0 0 0 0 0 0.0294118 0 0 0.0882353 0.147059 0.0294118 0.323529 0.235294 0.117647 0.0294118 0 0 0 0 0 0 

1280 1250 913 84 0 0.64 0 0 0 0 0 0 0 0 0 0 0 0 0 0 0 0 0 0 0 0.0512821 0.025641 0.0769231 0.128205 0.205128 0.153846 0.307692 0.0512821 0 0 0 0 0 0 

1152 1124 802 78 0 0.711744 0 0 0 0 0 0 0 0 0 0 0 0 0 0 0 0 0 0 0 0.0857143 0 0.142857 0.228571 0.2 0.114286 0.142857 0.0857143 0 0 0 0 0 0 

1120 1111 802 84 0 0.720072 0 0 0 0 0 0 0 0 0 0 0 0 0 0 0 0 0 0 0.0294118 0 0.0882353 0.0294118 0.235294 0.294118 0.117647 0.117647 0.0882353 0 0 0 0 0 0 

1184 1165 831 68 0 0.686695 0 0 0 0 0 0 0 0 0 0 0 0 0 0 0 0 0 0 0.0277778 0.0833333 0 0.111111 0.222222 0.138889 0.25 0.111111 0.0555556 0 0 0 0 0 0 

1120 1104 802 78 0 0.724638 0 0 0 0 0 0 0 0 0 0 0 0 0 0 0 0 0.0294118 0 0 0.0294118 0.0882353 0.0882353 0.0588235 0.176471 0.205882 0.264706 0.0294118 0.0294118 0 0 0 0 0 

1280 1255 906 84 0 0.63745 0 0 0 0 0 0 0 0 0 0 0 0 0 0 0 0 0 0 0 0.025641 0.025641 0.0769231 0.153846 0.307692 0.282051 0.128205 0 0 0 0 0 0 0 

1120 1096 802 79 0 0.729927 0 0 0 0 0 0 0 0 0 0 0 0 0 0 0 0 0 0 0 0 0.0294118 0.0882353 0.294118 0.176471 0.147059 0.0882353 0.147059 0 0.0294118 0 0 0 0 

1280 1255 934 84 0 0.63745 0 0 0 0 0 0 0 0 0 0 0 0 0 0 0 0 0 0 0 0 0.0512821 0.0512821 0.128205 0.230769 0.153846 0.205128 0.128205 0.0512821 0 0 0 0 0 

1152 1128 815 84 0 0.70922 0 0 0 0 0 0 0 0 0 0 0 0 0 0 0 0 0 0 0 0.0285714 0 0.0857143 0.342857 0.114286 0.228571 0.142857 0.0571429 0 0 0 0 0 0 

1120 1103 802 80 0 0.725295 0 0 0 0 0 0 0 0 0 0 0 0 0 0 0 0 0 0 0 0 0.0294118 0.176471 0.147059 0.264706 0.117647 0.176471 0.0882353 0 0 0 0 0 0 

1216 1187 860 84 0 0.673968 0 0 0 0 0 0 0 0 0 0 0 0 0 0 0 0 0 0 0 0 0.0540541 0.027027 0.243243 0.243243 0.243243 0.189189 0 0 0 0 0 0 0 

1088 1072 802 71 0 0.746269 0 0 0 0 0 0 0 0 0 0 0 0 0 0 0 0 0 0 0 0 0 0 0.242424 0.0909091 0.30303 0.333333 0.030303 0 0 0 0 0 0 

1120 1109 801 66 0 0.721371 0 0 0 0 0 0 0 0 0 0 0 0 0 0 0 0 0 0.0294118 0 0 0.0294118 0.147059 0.205882 0.147059 0.235294 0.147059 0.0588235 0 0 0 0 0 0 

1120 1104 802 74 0 0.724638 0 0 0 0 0 0 0 0 0 0 0 0 0 0 0 0 0 0 0 0.0294118 0.0294118 0.147059 0.176471 0.205882 0.147059 0.147059 0.117647 0 0 0 0 0 0 

1088 1079 802 70 0 0.741427 0 0 0 0 0 0 0 0 0 0 0 0 0 0 0 0 0 0 0 0 0.0606061 0 0.151515 0.272727 0.242424 0.151515 0.0909091 0.030303 0 0 0 0 0 

1408 1397 1022 84 0 0.572656 0 0 0 0 0 0 0 0 0 0 0 0 0 0 0 0 0.0232558 0 0 0 0.0465116 0.0465116 0.139535 0.139535 0.418605 0.162791 0.0232558 0 0 0 0 0 0 

1376 1352 979 84 0 0.591716 0 0 0 0 0 0 0 0 0 0 0 0 0 0 0 0 0 0 0 0.0238095 0 0.142857 0.166667 0.238095 0.190476 0.238095 0 0 0 0 0 0 0 

1408 1386 1012 84 0 0.577201 0 0 0 0 0 0 0 0 0 0 0 0 0 0 0 0 0 0 0 0 0.0232558 0.139535 0.0930233 0.27907 0.255814 0.139535 0.0697674 0 0 0 0 0 0 

1376 1355 970 84 0 0.590406 0 0 0 0 0 0 0 0 0 0 0 0 0 0 0 0 0 0 0.047619 0 0.0952381 0.0952381 0.166667 0.166667 0.238095 0.142857 0 0.047619 0 0 0 0 0 

1376 1353 976 84 0 0.591279 0 0 0 0 0 0 0 0 0 0 0 0 0 0 0 0 0 0 0 0.0238095 0.047619 0.0952381 0.190476 0.238095 0.214286 0.142857 0.047619 0 0 0 0 0 0 

1312 1297 951 84 0 0.616808 0 0 0 0 0 0 0 0 0 0 0 0 0 0 0 0 0 0 0.025 0 0 0.025 0.3 0.125 0.275 0.2 0.05 0 0 0 0 0 0 

1312 1287 920 84 0 0.621601 0 0 0 0 0 0 0 0 0 0 0 0 0 0 0 0 0 0 0.025 0 0.075 0.1 0.15 0.25 0.275 0.125 0 0 0 0 0 0 0 

1376 1360 985 84 0 0.588235 0 0 0 0 0 0 0 0 0 0 0 0 0 0 0 0 0 0 0.0238095 0.047619 0 0.119048 0.142857 0.166667 0.309524 0.119048 0.0714286 0 0 0 0 0 0 

1120 1090 802 84 0 0.733945 0 0 0 0 0 0 0 0 0 0 0 0 0 0 0 0 0 0 0 0.0294118 0.0294118 0 0.176471 0.205882 0.264706 0.235294 0.0588235 0 0 0 0 0 0 

1120 1110 800 84 0 0.720721 0 0 0 0 0 0 0 0 0 0 0 0 0 0 0 0 0 0 0 0.0294118 0.0882353 0.117647 0.235294 0.117647 0.176471 0.147059 0.0294118 0.0588235 0 0 0 0 0 

1184 1160 853 84 0 0.689655 0 0 0 0 0 0 0 0 0 0 0 0 0 0 0 0 0 0 0.0277778 0 0 0.0277778 0.166667 0.277778 0.277778 0.138889 0.0555556 0.0277778 0 0 0 0 0 

1152 1124 802 84 0 0.711744 0 0 0 0 0 0 0 0 0 0 0 0 0 0 0 0 0 0 0 0 0.142857 0.0571429 0.257143 0.171429 0.2 0.114286 0.0571429 0 0 0 0 0 0 

1152 1126 825 84 0 0.71048 0 0 0 0 0 0 0 0 0 0 0 0 0 0 0 0 0 0 0 0 0.0285714 0.114286 0.171429 0.171429 0.285714 0.114286 0.0857143 0.0285714 0 0 0 0 0 

1216 1185 842 84 0 0.675106 0 0 0 0 0 0 0 0 0 0 0 0 0 0 0 0 0 0 0 0 0.108108 0.162162 0.189189 0.162162 0.216216 0.135135 0.027027 0 0 0 0 0 0 

1216 1192 866 84 0 0.671141 0 0 0 0 0 0 0 0 0 0 0 0 0 0 0 0 0 0 0 0 0.0540541 0.108108 0.162162 0.297297 0.0810811 0.27027 0 0.027027 0 0 0 0 0 

1248 1226 899 84 0 0.652529 0 0 0 0 0 0 0 0 0 0 0 0 0 0 0 0 0 0 0 0 0.0263158 0.0789474 0.184211 0.210526 0.263158 0.157895 0.0789474 0 0 0 0 0 0 

1120 1097 802 81 0 0.729262 0 0 0 0 0 0 0 0 0 0 0 0 0 0 0 0 0 0 0 0 0.0588235 0.117647 0.147059 0.294118 0.0882353 0.117647 0.147059 0.0294118 0 0 0 0 0 

1120 1099 802 74 0 0.727934 0 0 0 0 0 0 0 0 0 0 0 0 0 0 0 0 0 0 0 0 0.0588235 0.0294118 0.117647 0.382353 0.264706 0.0882353 0.0588235 0 0 0 0 0 0 

1120 1096 801 66 0 0.729927 0 0 0 0 0 0 0 0 0 0 0 0 0 0 0 0 0 0 0 0 0.0294118 0.117647 0.147059 0.176471 0.323529 0.147059 0.0588235 0 0 0 0 0 0 

1088 1072 801 64 0 0.746269 0 0 0 0 0 0 0 0 0 0 0 0 0 0 0 0 0 0 0 0 0.030303 0.0606061 0.0909091 0.181818 0.333333 0.151515 0.151515 0 0 0 0 0 0 

1280 1257 918 84 0 0.636436 0 0 0 0 0 0 0 0 0 0 0 0 0 0 0 0 0 0 0 0 0.025641 0.102564 0.230769 0.205128 0.179487 0.153846 0.0769231 0.025641 0 0 0 0 0 

1120 1099 802 78 0 0.727934 0 0 0 0 0 0 0 0 0 0 0 0 0 0 0 0 0 0 0 0.0294118 0.0588235 0.0294118 0.235294 0.147059 0.264706 0.176471 0.0294118 0 0.0294118 0 0 0 0 

1216 1194 871 84 0 0.670017 0 0 0 0 0 0 0 0 0 0 0 0 0 0 0 0 0 0 0.0540541 0 0 0.0810811 0.108108 0.243243 0.324324 0.108108 0.0540541 0.027027 0 0 0 0 0 

1216 1193 868 84 0 0.670578 0 0 0 0 0 0 0 0 0 0 0 0 0 0 0 0 0 0 0 0.0540541 0 0.0810811 0.216216 0.189189 0.243243 0.135135 0.027027 0.0540541 0 0 0 0 0 

1312 1288 938 84 0 0.621118 0 0 0 0 0 0 0 0 0 0 0 0 0 0 0 0 0 0 0 0 0.05 0.05 0.225 0.3 0.125 0.15 0.1 0 0 0 0 0 0 

1408 1380 1005 84 0 0.57971 0 0 0 0 0 0 0 0 0 0 0 0 0 0 0 0 0 0 0 0.0232558 0.0232558 0.116279 0.186047 0.186047 0.209302 0.162791 0.0465116 0.0465116 0 0 0 0 0 

1376 1352 977 84 0 0.591716 0 0 0 0 0 0 0 0 0 0 0 0 0 0 0 0 0 0 0 0 0.0952381 0.142857 0.0952381 0.190476 0.238095 0.214286 0.0238095 0 0 0 0 0 0 

1280 1257 925 84 0 0.636436 0 0 0 0 0 0 0 0 0 0 0 0 0 0 0 0 0 0 0 0.0512821 0 0.205128 0.102564 0.102564 0.153846 0.128205 0.230769 0.025641 0 0 0 0 0 

