672 651 473 53 0 0.491551 0 0 0 0 0 0 0 0 0 0 0 0 0 0 0 0 0 0 0 0 0.05 0.1 0.2 0.25 0.2 0.15 0.05 0 0 0 0 0 0 

480 468 348 53 0 0.683761 0 0 0 0 0 0 0 0 0 0 0 0 0 0 0 0 0 0 0 0.0714286 0 0 0.142857 0.142857 0.428571 0.214286 0 0 0 0 0 0 0 

576 554 399 53 0 0.577617 0 0 0 0 0 0 0 0 0 0 0 0 0 0 0 0 0 0 0 0.117647 0 0.176471 0.0588235 0.176471 0.235294 0.176471 0.0588235 0 0 0 0 0 0 

672 658 491 53 0 0.486322 0 0 0 0 0 0 0 0 0 0 0 0 0 0 0 0 0 0 0.05 0 0.05 0.05 0.1 0.1 0.15 0.4 0.1 0 0 0 0 0 0 

544 517 389 53 0 0.618955 0 0 0 0 0 0 0 0 0 0 0 0 0 0 0 0 0 0 0 0 0 0.0625 0.0625 0.1875 0.3125 0.25 0.125 0 0 0 0 0 0 

576 559 416 53 0 0.572451 0 0 0 0 0 0 0 0 0 0 0 0 0 0 0 0 0 0 0 0 0 0.0588235 0.117647 0.294118 0.294118 0.176471 0.0588235 0 0 0 0 0 0 

576 559 408 53 0 0.572451 0 0 0 0 0 0 0 0 0 0 0 0 0 0 0 0 0 0 0 0 0 0.176471 0.176471 0.294118 0.117647 0.176471 0.0588235 0 0 0 0 0 0 

576 552 398 53 0 0.57971 0 0 0 0 0 0 0 0 0 0 0 0 0 0 0 0 0 0 0 0 0.0588235 0.176471 0.176471 0.235294 0.176471 0.0588235 0.117647 0 0 0 0 0 0 

544 522 381 53 0 0.613027 0 0 0 0 0 0 0 0 0 0 0 0 0 0 0 0 0 0 0 0 0.125 0 0.1875 0.25 0.1875 0.1875 0.0625 0 0 0 0 0 0 

608 587 428 53 0 0.545145 0 0 0 0 0 0 0 0 0 0 0 0 0 0 0 0 0 0 0 0 0.0555556 0.166667 0.277778 0.0555556 0.222222 0.0555556 0.0555556 0.111111 0 0 0 0 0 

608 587 427 53 0 0.545145 0 0 0 0 0 0 0 0 0 0 0 0 0 0 0 0 0 0 0 0 0.166667 0 0.111111 0.277778 0.277778 0.0555556 0.111111 0 0 0 0 0 0 

576 564 403 53 0 0.567376 0 0 0 0 0 0 0 0 0 0 0 0 0 0 0 0 0.0588235 0 0 0 0.0588235 0.117647 0.294118 0 0.294118 0.176471 0 0 0 0 0 0 0 

576 556 404 53 0 0.57554 0 0 0 0 0 0 0 0 0 0 0 0 0 0 0 0 0 0 0 0.0588235 0 0.117647 0.176471 0.117647 0.352941 0.176471 0 0 0 0 0 0 0 

544 527 388 53 0 0.607211 0 0 0 0 0 0 0 0 0 0 0 0 0 0 0 0 0 0 0 0.0625 0.0625 0.0625 0.25 0.1875 0 0.0625 0.25 0.0625 0 0 0 0 0 

544 527 391 53 0 0.607211 0 0 0 0 0 0 0 0 0 0 0 0 0 0 0 0 0 0 0 0 0.0625 0 0.125 0.25 0.375 0.125 0.0625 0 0 0 0 0 0 

608 589 428 53 0 0.543294 0 0 0 0 0 0 0 0 0 0 0 0 0 0 0 0 0 0 0 0 0.0555556 0.166667 0.0555556 0.388889 0.111111 0.166667 0.0555556 0 0 0 0 0 0 

576 550 400 53 0 0.581818 0 0 0 0 0 0 0 0 0 0 0 0 0 0 0 0 0 0 0 0.0588235 0 0.0588235 0.0588235 0.470588 0.176471 0.117647 0.0588235 0 0 0 0 0 0 

544 525 394 53 0 0.609524 0 0 0 0 0 0 0 0 0 0 0 0 0 0 0 0 0 0 0 0 0 0 0.0625 0.375 0.3125 0.1875 0.0625 0 0 0 0 0 0 

544 528 386 53 0 0.606061 0 0 0 0 0 0 0 0 0 0 0 0 0 0 0 0 0 0 0 0 0.0625 0.1875 0 0.25 0.375 0.0625 0.0625 0 0 0 0 0 0 

544 528 381 53 0 0.606061 0 0 0 0 0 0 0 0 0 0 0 0 0 0 0 0 0 0 0 0 0.125 0.0625 0.25 0.125 0.375 0 0.0625 0 0 0 0 0 0 

608 588 422 53 0 0.544218 0 0 0 0 0 0 0 0 0 0 0 0 0 0 0 0 0 0 0 0.0555556 0.111111 0.0555556 0.166667 0.111111 0.444444 0 0.0555556 0 0 0 0 0 0 

448 435 321 53 0 0.735632 0 0 0 0 0 0 0 0 0 0 0 0 0 0 0 0 0 0 0 0 0.0769231 0.0769231 0.230769 0.0769231 0.307692 0.153846 0.0769231 0 0 0 0 0 0 

672 651 467 53 0 0.491551 0 0 0 0 0 0 0 0 0 0 0 0 0 0 0 0 0 0 0 0.05 0 0.2 0.1 0.4 0.05 0.15 0.05 0 0 0 0 0 0 

544 522 387 53 0 0.613027 0 0 0 0 0 0 0 0 0 0 0 0 0 0 0 0 0 0 0 0 0.0625 0.0625 0.125 0.25 0.1875 0.125 0.1875 0 0 0 0 0 0 

608 590 434 53 0 0.542373 0 0 0 0 0 0 0 0 0 0 0 0 0 0 0 0 0 0 0 0 0 0.166667 0.166667 0.166667 0.333333 0 0.166667 0 0 0 0 0 0 

576 552 410 53 0 0.57971 0 0 0 0 0 0 0 0 0 0 0 0 0 0 0 0 0 0 0 0 0 0.0588235 0.0588235 0.294118 0.352941 0.235294 0 0 0 0 0 0 0 

608 583 430 53 0 0.548885 0 0 0 0 0 0 0 0 0 0 0 0 0 0 0 0 0 0 0 0 0.0555556 0.111111 0.111111 0.222222 0.166667 0.166667 0.166667 0 0 0 0 0 0 

608 589 430 53 0 0.543294 0 0 0 0 0 0 0 0 0 0 0 0 0 0 0 0 0 0 0 0 0 0.111111 0.222222 0.277778 0.166667 0.222222 0 0 0 0 0 0 0 

608 585 422 53 0 0.547009 0 0 0 0 0 0 0 0 0 0 0 0 0 0 0 0 0 0 0 0 0 0.0555556 0.333333 0.222222 0.388889 0 0 0 0 0 0 0 0 

576 564 424 53 0 0.567376 0 0 0 0 0 0 0 0 0 0 0 0 0 0 0 0 0 0 0 0 0.0588235 0.0588235 0.0588235 0.235294 0.235294 0.235294 0.0588235 0.0588235 0 0 0 0 0 

544 530 394 53 0 0.603774 0 0 0 0 0 0 0 0 0 0 0 0 0 0 0 0 0 0 0 0 0 0.1875 0.1875 0.125 0.1875 0.0625 0.25 0 0 0 0 0 0 

512 496 355 53 0 0.645161 0 0 0 0 0 0 0 0 0 0 0 0 0 0 0 0 0 0 0 0 0.0666667 0.133333 0.2 0.333333 0.266667 0 0 0 0 0 0 0 0 

544 519 392 53 0 0.61657 0 0 0 0 0 0 0 0 0 0 0 0 0 0 0 0 0 0 0 0 0 0.125 0 0.25 0.25 0.125 0.1875 0.0625 0 0 0 0 0 

608 581 427 53 0 0.550775 0 0 0 0 0 0 0 0 0 0 0 0 0 0 0 0 0 0 0 0 0 0.0555556 0.166667 0.388889 0.166667 0.111111 0.111111 0 0 0 0 0 0 

640 618 456 53 0 0.517799 0 0 0 0 0 0 0 0 0 0 0 0 0 0 0 0 0 0 0.105263 0 0.0526316 0 0.0526316 0.0526316 0.421053 0.210526 0.0526316 0.0526316 0 0 0 0 0 

576 554 410 53 0 0.577617 0 0 0 0 0 0 0 0 0 0 0 0 0 0 0 0 0 0 0 0.0588235 0 0.0588235 0.117647 0.235294 0.176471 0.235294 0.117647 0 0 0 0 0 0 

736 721 522 53 0 0.443828 0 0 0 0 0 0 0 0 0 0 0 0 0 0 0 0 0 0 0.0454545 0.0454545 0.0454545 0.0454545 0.136364 0.227273 0.272727 0.0909091 0.0909091 0 0 0 0 0 0 

640 611 448 53 0 0.523732 0 0 0 0 0 0 0 0 0 0 0 0 0 0 0 0 0 0 0 0.0526316 0 0.105263 0.157895 0.210526 0.263158 0.0526316 0.0526316 0.0526316 0.0526316 0 0 0 0 

512 496 365 53 0 0.645161 0 0 0 0 0 0 0 0 0 0 0 0 0 0 0 0 0 0 0 0 0.0666667 0.0666667 0.0666667 0.266667 0.4 0.133333 0 0 0 0 0 0 0 

640 622 447 53 0 0.514469 0 0 0 0 0 0 0 0 0 0 0 0 0 0 0 0 0 0 0 0.0526316 0.0526316 0.157895 0.210526 0.157895 0.105263 0.210526 0.0526316 0 0 0 0 0 0 

544 523 375 53 0 0.611855 0 0 0 0 0 0 0 0 0 0 0 0 0 0 0 0 0 0 0 0 0.0625 0.125 0.125 0.4375 0.1875 0.0625 0 0 0 0 0 0 0 

608 593 435 53 0 0.539629 0 0 0 0 0 0 0 0 0 0 0 0 0 0 0 0 0 0 0 0 0 0.0555556 0.277778 0.222222 0.277778 0.166667 0 0 0 0 0 0 0 

544 517 386 53 0 0.618955 0 0 0 0 0 0 0 0 0 0 0 0 0 0 0 0 0 0 0 0 0 0.0625 0.1875 0.125 0.3125 0.1875 0.0625 0.0625 0 0 0 0 0 

576 550 407 53 0 0.581818 0 0 0 0 0 0 0 0 0 0 0 0 0 0 0 0 0 0 0 0 0 0.176471 0.0588235 0.117647 0.411765 0.117647 0.117647 0 0 0 0 0 0 

544 527 397 53 0 0.607211 0 0 0 0 0 0 0 0 0 0 0 0 0 0 0 0 0 0 0 0 0 0.0625 0 0.375 0.25 0.1875 0.125 0 0 0 0 0 0 

576 551 386 53 0 0.580762 0 0 0 0 0 0 0 0 0 0 0 0 0 0 0 0 0 0 0 0.0588235 0.117647 0.117647 0.235294 0.235294 0.176471 0 0.0588235 0 0 0 0 0 0 

608 588 432 53 0 0.544218 0 0 0 0 0 0 0 0 0 0 0 0 0 0 0 0 0 0 0 0 0.0555556 0.111111 0.111111 0.111111 0.388889 0.222222 0 0 0 0 0 0 0 

512 502 373 53 0 0.63745 0 0 0 0 0 0 0 0 0 0 0 0 0 0 0 0 0 0 0.0666667 0 0 0.133333 0.0666667 0.133333 0.266667 0.2 0.133333 0 0 0 0 0 0 

576 565 417 53 0 0.566372 0 0 0 0 0 0 0 0 0 0 0 0 0 0 0 0 0 0 0 0.0588235 0.0588235 0.0588235 0.0588235 0.235294 0.294118 0.176471 0 0.0588235 0 0 0 0 0 

544 515 364 53 0 0.621359 0 0 0 0 0 0 0 0 0 0 0 0 0 0 0 0 0 0 0.0625 0 0.0625 0.25 0.125 0.125 0.25 0 0.0625 0.0625 0 0 0 0 0 

512 497 370 53 0 0.643863 0 0 0 0 0 0 0 0 0 0 0 0 0 0 0 0 0 0 0 0 0 0.0666667 0.133333 0.4 0.2 0.0666667 0.0666667 0.0666667 0 0 0 0 0 

704 681 491 53 0 0.469897 0 0 0 0 0 0 0 0 0 0 0 0 0 0 0 0 0 0 0 0.047619 0.0952381 0 0.190476 0.285714 0.142857 0.238095 0 0 0 0 0 0 0 

512 497 364 53 0 0.643863 0 0 0 0 0 0 0 0 0 0 0 0 0 0 0 0 0 0 0 0 0.0666667 0.133333 0.0666667 0.333333 0.266667 0 0.133333 0 0 0 0 0 0 

448 437 334 53 0 0.732265 0 0 0 0 0 0 0 0 0 0 0 0 0 0 0 0 0 0 0 0 0 0 0.230769 0.153846 0.230769 0.230769 0.0769231 0 0.0769231 0 0 0 0 

512 502 375 53 0 0.63745 0 0 0 0 0 0 0 0 0 0 0 0 0 0 0 0 0 0 0 0 0 0 0.2 0.4 0.266667 0 0.0666667 0.0666667 0 0 0 0 0 

512 495 370 53 0 0.646465 0 0 0 0 0 0 0 0 0 0 0 0 0 0 0 0 0 0 0 0 0.0666667 0 0.133333 0.2 0.333333 0.133333 0.133333 0 0 0 0 0 0 

608 589 439 53 0 0.543294 0 0 0 0 0 0 0 0 0 0 0 0 0 0 0 0 0 0 0 0 0 0.0555556 0.0555556 0.388889 0.222222 0.222222 0.0555556 0 0 0 0 0 0 

608 584 432 53 0 0.547945 0 0 0 0 0 0 0 0 0 0 0 0 0 0 0 0 0 0 0 0 0.111111 0.0555556 0.222222 0.111111 0.222222 0.0555556 0.111111 0 0.111111 0 0 0 0 

512 498 358 53 0 0.64257 0 0 0 0 0 0 0 0 0 0 0 0 0 0 0 0 0 0 0 0.0666667 0.0666667 0 0.266667 0.4 0 0.2 0 0 0 0 0 0 0 

608 595 430 53 0 0.537815 0 0 0 0 0 0 0 0 0 0 0 0 0 0 0 0 0 0 0 0 0 0.166667 0.333333 0.166667 0.222222 0.0555556 0.0555556 0 0 0 0 0 0 

480 458 340 53 0 0.69869 0 0 0 0 0 0 0 0 0 0 0 0 0 0 0 0 0 0 0 0 0.0714286 0 0.214286 0.142857 0.285714 0.142857 0.142857 0 0 0 0 0 0 

480 461 340 53 0 0.694143 0 0 0 0 0 0 0 0 0 0 0 0 0 0 0 0 0 0 0 0 0 0.0714286 0.357143 0.0714286 0.142857 0.357143 0 0 0 0 0 0 0 

640 624 457 53 0 0.512821 0 0 0 0 0 0 0 0 0 0 0 0 0 0 0 0 0 0 0 0.0526316 0 0.105263 0.105263 0.263158 0.263158 0.157895 0.0526316 0 0 0 0 0 0 

544 533 396 53 0 0.600375 0 0 0 0 0 0 0 0 0 0 0 0 0 0 0 0 0 0 0 0 0.0625 0.1875 0.125 0.125 0.0625 0.3125 0.0625 0.0625 0 0 0 0 0 

672 649 472 53 0 0.493066 0 0 0 0 0 0 0 0 0 0 0 0 0 0 0 0 0 0 0 0 0.05 0.15 0.2 0.2 0.15 0.15 0.05 0.05 0 0 0 0 0 

640 631 458 53 0 0.507132 0 0 0 0 0 0 0 0 0 0 0 0 0 0 0 0 0 0 0 0 0.105263 0 0.315789 0.263158 0.157895 0.105263 0.0526316 0 0 0 0 0 0 

544 523 378 53 0 0.611855 0 0 0 0 0 0 0 0 0 0 0 0 0 0 0 0 0 0 0 0 0.125 0.0625 0.25 0.1875 0.0625 0.3125 0 0 0 0 0 0 0 

576 561 418 53 0 0.57041 0 0 0 0 0 0 0 0 0 0 0 0 0 0 0 0 0 0 0 0 0.0588235 0.117647 0.0588235 0.117647 0.294118 0.294118 0.0588235 0 0 0 0 0 0 

512 502 370 53 0 0.63745 0 0 0 0 0 0 0 0 0 0 0 0 0 0 0 0 0 0 0 0 0.0666667 0.0666667 0.0666667 0.266667 0.466667 0.0666667 0 0 0 0 0 0 0 

576 555 412 53 0 0.576577 0 0 0 0 0 0 0 0 0 0 0 0 0 0 0 0 0 0 0 0 0 0.117647 0.117647 0.294118 0.117647 0.235294 0.117647 0 0 0 0 0 0 

448 429 330 53 0 0.745921 0 0 0 0 0 0 0 0 0 0 0 0 0 0 0 0 0 0 0 0 0 0 0 0.230769 0.384615 0.230769 0.0769231 0.0769231 0 0 0 0 0 

672 656 481 53 0 0.487805 0 0 0 0 0 0 0 0 0 0 0 0 0 0 0 0 0 0 0 0 0 0.05 0.3 0.25 0.2 0.15 0.05 0 0 0 0 0 0 

512 493 364 53 0 0.649087 0 0 0 0 0 0 0 0 0 0 0 0 0 0 0 0 0 0 0 0.0666667 0.0666667 0.0666667 0 0.266667 0.2 0.266667 0 0.0666667 0 0 0 0 0 

608 588 430 53 0 0.544218 0 0 0 0 0 0 0 0 0 0 0 0 0 0 0 0 0 0 0 0.166667 0 0 0 0.222222 0.388889 0.166667 0.0555556 0 0 0 0 0 0 

608 590 438 53 0 0.542373 0 0 0 0 0 0 0 0 0 0 0 0 0 0 0 0 0 0 0 0 0.0555556 0.111111 0.0555556 0.166667 0.333333 0.166667 0.111111 0 0 0 0 0 0 

544 515 383 53 0 0.621359 0 0 0 0 0 0 0 0 0 0 0 0 0 0 0 0 0 0 0 0 0 0 0.25 0.1875 0.1875 0.3125 0.0625 0 0 0 0 0 0 

672 662 484 53 0 0.483384 0 0 0 0 0 0 0 0 0 0 0 0 0 0 0 0 0 0 0 0 0.1 0.05 0.25 0.25 0.05 0.2 0.1 0 0 0 0 0 0 

608 589 430 53 0 0.543294 0 0 0 0 0 0 0 0 0 0 0 0 0 0 0 0 0 0 0 0 0.0555556 0.111111 0.111111 0.333333 0.111111 0.277778 0 0 0 0 0 0 0 

480 462 348 53 0 0.692641 0 0 0 0 0 0 0 0 0 0 0 0 0 0 0 0 0 0 0 0 0 0 0.214286 0.285714 0.214286 0.142857 0 0.142857 0 0 0 0 0 

608 599 427 53 0 0.534224 0 0 0 0 0 0 0 0 0 0 0 0 0 0 0 0 0 0 0.0555556 0 0.0555556 0.111111 0.222222 0.277778 0.222222 0.0555556 0 0 0 0 0 0 0 

576 554 416 53 0 0.577617 0 0 0 0 0 0 0 0 0 0 0 0 0 0 0 0 0 0 0 0 0.0588235 0 0.235294 0.0588235 0.235294 0.176471 0.235294 0 0 0 0 0 0 

576 559 420 53 0 0.572451 0 0 0 0 0 0 0 0 0 0 0 0 0 0 0 0 0 0 0 0 0 0.0588235 0.117647 0.235294 0.294118 0.117647 0.176471 0 0 0 0 0 0 

512 483 365 53 0 0.662526 0 0 0 0 0 0 0 0 0 0 0 0 0 0 0 0 0 0 0 0 0 0 0.0666667 0.266667 0.266667 0.266667 0.133333 0 0 0 0 0 0 

608 582 411 53 0 0.549828 0 0 0 0 0 0 0 0 0 0 0 0 0 0 0 0 0 0 0 0 0 0.166667 0.5 0.111111 0.111111 0.111111 0 0 0 0 0 0 0 

512 501 372 53 0 0.638723 0 0 0 0 0 0 0 0 0 0 0 0 0 0 0 0 0 0 0 0 0.2 0 0.133333 0.0666667 0.2 0.266667 0.133333 0 0 0 0 0 0 

576 554 406 53 0 0.577617 0 0 0 0 0 0 0 0 0 0 0 0 0 0 0 0 0 0.0588235 0 0.0588235 0 0.0588235 0.117647 0 0.294118 0.411765 0 0 0 0 0 0 0 

608 597 440 53 0 0.536013 0 0 0 0 0 0 0 0 0 0 0 0 0 0 0 0 0 0 0 0 0.0555556 0 0.111111 0.388889 0.333333 0.111111 0 0 0 0 0 0 0 

544 515 373 53 0 0.621359 0 0 0 0 0 0 0 0 0 0 0 0 0 0 0 0 0 0 0 0 0.0625 0.0625 0.125 0.3125 0.375 0 0.0625 0 0 0 0 0 0 

608 592 440 53 0 0.540541 0 0 0 0 0 0 0 0 0 0 0 0 0 0 0 0 0 0 0 0 0.0555556 0.0555556 0.111111 0.277778 0.222222 0.166667 0.0555556 0.0555556 0 0 0 0 0 

544 518 374 53 0 0.617761 0 0 0 0 0 0 0 0 0 0 0 0 0 0 0 0 0 0 0 0 0 0.125 0.1875 0.5 0.0625 0.0625 0 0.0625 0 0 0 0 0 

576 557 416 53 0 0.574506 0 0 0 0 0 0 0 0 0 0 0 0 0 0 0 0 0 0 0 0 0 0.117647 0.117647 0.294118 0.117647 0.176471 0.117647 0.0588235 0 0 0 0 0 

480 460 336 53 0 0.695652 0 0 0 0 0 0 0 0 0 0 0 0 0 0 0 0 0 0 0 0 0 0.0714286 0.0714286 0.642857 0.0714286 0.142857 0 0 0 0 0 0 0 

640 618 454 53 0 0.517799 0 0 0 0 0 0 0 0 0 0 0 0 0 0 0 0 0 0 0.0526316 0 0 0.0526316 0.157895 0.210526 0.263158 0.157895 0.105263 0 0 0 0 0 0 

576 561 409 53 0 0.57041 0 0 0 0 0 0 0 0 0 0 0 0 0 0 0 0 0 0 0.0588235 0 0.0588235 0.0588235 0.117647 0.235294 0.352941 0 0.0588235 0.0588235 0 0 0 0 0 

512 495 363 53 0 0.646465 0 0 0 0 0 0 0 0 0 0 0 0 0 0 0 0 0 0 0 0 0 0.133333 0.133333 0.333333 0.2 0.2 0 0 0 0 0 0 0 

544 524 379 53 0 0.610687 0 0 0 0 0 0 0 0 0 0 0 0 0 0 0 0 0 0 0 0.0625 0.0625 0.0625 0.3125 0.0625 0.125 0.25 0.0625 0 0 0 0 0 0 

576 548 388 53 0 0.583942 0 0 0 0 0 0 0 0 0 0 0 0 0 0 0 0 0 0 0.0588235 0 0 0.294118 0.117647 0.294118 0.0588235 0.0588235 0.0588235 0.0588235 0 0 0 0 0 

544 520 379 53 0 0.615385 0 0 0 0 0 0 0 0 0 0 0 0 0 0 0 0 0 0 0 0 0.125 0.125 0.0625 0.375 0 0.125 0.125 0.0625 0 0 0 0 0 

512 496 374 53 0 0.645161 0 0 0 0 0 0 0 0 0 0 0 0 0 0 0 0 0 0 0 0 0 0.0666667 0.133333 0.133333 0.266667 0.333333 0.0666667 0 0 0 0 0 0 

576 561 399 53 0 0.57041 0 0 0 0 0 0 0 0 0 0 0 0 0 0 0 0 0 0 0 0.0588235 0.0588235 0.176471 0.176471 0.235294 0.176471 0.117647 0 0 0 0 0 0 0 

