544 533 381 53 0 0.600375 0 0 0 0 0 0 0 0 0 0 0 0 0 0 0 0 0 0 0.125 0 0 0.0625 0.3125 0.125 0.1875 0.1875 0 0 0 0 0 0 0 

544 533 397 53 0 0.600375 0 0 0 0 0 0 0 0 0 0 0 0 0 0 0 0 0 0 0 0 0.0625 0 0.375 0.125 0.0625 0.125 0.25 0 0 0 0 0 0 

544 533 383 53 0 0.600375 0 0 0 0 0 0 0 0 0 0 0 0 0 0 0 0 0 0 0 0 0.0625 0.1875 0.3125 0.1875 0.125 0.0625 0 0.0625 0 0 0 0 0 

544 534 393 53 0 0.599251 0 0 0 0 0 0 0 0 0 0 0 0 0 0 0 0 0 0 0.0625 0 0 0.0625 0.125 0.3125 0.25 0.0625 0.125 0 0 0 0 0 0 

544 534 399 53 0 0.599251 0 0 0 0 0 0 0 0 0 0 0 0 0 0 0 0 0 0 0 0 0 0.0625 0.25 0.1875 0.1875 0.1875 0.125 0 0 0 0 0 0 

544 535 397 53 0 0.598131 0 0 0 0 0 0 0 0 0 0 0 0 0 0 0 0 0 0 0 0 0.125 0.0625 0.1875 0.1875 0.125 0.125 0.125 0 0.0625 0 0 0 0 

608 596 445 53 0 0.536913 0 0 0 0 0 0 0 0 0 0 0 0 0 0 0 0 0 0 0 0 0 0 0.222222 0.333333 0.222222 0.111111 0.0555556 0.0555556 0 0 0 0 0 

544 533 403 53 0 0.600375 0 0 0 0 0 0 0 0 0 0 0 0 0 0 0 0 0 0 0 0 0 0.0625 0.25 0.125 0.125 0.25 0.125 0.0625 0 0 0 0 0 

544 534 392 53 0 0.599251 0 0 0 0 0 0 0 0 0 0 0 0 0 0 0 0 0 0 0 0 0.125 0.1875 0 0.1875 0.1875 0.25 0.0625 0 0 0 0 0 0 

544 534 401 53 0 0.599251 0 0 0 0 0 0 0 0 0 0 0 0 0 0 0 0 0 0 0.0625 0 0 0.0625 0.125 0.125 0.1875 0.25 0.1875 0 0 0 0 0 0 

544 534 398 53 0 0.599251 0 0 0 0 0 0 0 0 0 0 0 0 0 0 0 0 0 0 0 0 0.0625 0.0625 0.125 0.25 0.125 0.3125 0.0625 0 0 0 0 0 0 

704 687 484 53 0 0.465793 0 0 0 0 0 0 0 0 0 0 0 0 0 0 0 0 0 0 0.0952381 0.047619 0.047619 0.0952381 0.190476 0.0952381 0.333333 0.0952381 0 0 0 0 0 0 0 

544 533 400 53 0 0.600375 0 0 0 0 0 0 0 0 0 0 0 0 0 0 0 0 0 0 0 0 0.0625 0 0.25 0.125 0.1875 0.1875 0.1875 0 0 0 0 0 0 

608 596 426 53 0 0.536913 0 0 0 0 0 0 0 0 0 0 0 0 0 0 0 0 0 0 0 0.0555556 0.0555556 0.111111 0.277778 0.277778 0.0555556 0.111111 0.0555556 0 0 0 0 0 0 

544 533 392 53 0 0.600375 0 0 0 0 0 0 0 0 0 0 0 0 0 0 0 0 0 0 0 0 0.0625 0.125 0.25 0.0625 0.25 0.1875 0 0.0625 0 0 0 0 0 

608 596 434 53 0 0.536913 0 0 0 0 0 0 0 0 0 0 0 0 0 0 0 0 0 0 0 0 0 0.166667 0.111111 0.388889 0.222222 0.111111 0 0 0 0 0 0 0 

608 596 429 53 0 0.536913 0 0 0 0 0 0 0 0 0 0 0 0 0 0 0 0 0 0 0 0 0.166667 0 0.222222 0.277778 0.222222 0.111111 0 0 0 0 0 0 0 

608 596 435 53 0 0.536913 0 0 0 0 0 0 0 0 0 0 0 0 0 0 0 0 0 0 0 0.0555556 0 0.0555556 0.166667 0.222222 0.444444 0.0555556 0 0 0 0 0 0 0 

544 533 400 53 0 0.600375 0 0 0 0 0 0 0 0 0 0 0 0 0 0 0 0 0 0 0 0 0 0.0625 0.0625 0.3125 0.375 0.125 0 0.0625 0 0 0 0 0 

544 534 392 53 0 0.599251 0 0 0 0 0 0 0 0 0 0 0 0 0 0 0 0 0 0 0 0 0.0625 0.1875 0.125 0.0625 0.375 0.125 0.0625 0 0 0 0 0 0 

672 648 458 53 0 0.493827 0 0 0 0 0 0 0 0 0 0 0 0 0 0 0 0 0 0 0 0 0.05 0.2 0.25 0.3 0.15 0 0.05 0 0 0 0 0 0 

608 597 437 53 0 0.536013 0 0 0 0 0 0 0 0 0 0 0 0 0 0 0 0 0 0 0 0 0.0555556 0.166667 0.222222 0.111111 0.166667 0.222222 0 0.0555556 0 0 0 0 0 

608 597 431 53 0 0.536013 0 0 0 0 0 0 0 0 0 0 0 0 0 0 0 0 0 0 0 0.0555556 0.166667 0.0555556 0.111111 0.111111 0.277778 0.222222 0 0 0 0 0 0 0 

608 597 431 53 0 0.536013 0 0 0 0 0 0 0 0 0 0 0 0 0 0 0 0 0 0.0555556 0.111111 0 0 0.0555556 0.0555556 0.277778 0.166667 0.166667 0.111111 0 0 0 0 0 0 

608 596 438 53 0 0.536913 0 0 0 0 0 0 0 0 0 0 0 0 0 0 0 0 0 0 0 0 0 0.166667 0.111111 0.277778 0.222222 0.222222 0 0 0 0 0 0 0 

544 533 406 53 0 0.600375 0 0 0 0 0 0 0 0 0 0 0 0 0 0 0 0 0 0 0 0 0 0 0.0625 0.25 0.375 0.25 0 0.0625 0 0 0 0 0 

544 534 399 53 0 0.599251 0 0 0 0 0 0 0 0 0 0 0 0 0 0 0 0 0 0 0 0 0 0 0.25 0.25 0.25 0.1875 0.0625 0 0 0 0 0 0 

672 648 466 53 0 0.493827 0 0 0 0 0 0 0 0 0 0 0 0 0 0 0 0 0 0 0 0.05 0 0.1 0.25 0.25 0.25 0.05 0 0.05 0 0 0 0 0 

608 596 440 53 0 0.536913 0 0 0 0 0 0 0 0 0 0 0 0 0 0 0 0 0 0 0 0 0.0555556 0.166667 0.111111 0.222222 0.166667 0.111111 0.111111 0.0555556 0 0 0 0 0 

608 597 441 53 0 0.536013 0 0 0 0 0 0 0 0 0 0 0 0 0 0 0 0 0 0 0 0.0555556 0 0.0555556 0.0555556 0.444444 0.111111 0.222222 0.0555556 0 0 0 0 0 0 

608 597 431 53 0 0.536013 0 0 0 0 0 0 0 0 0 0 0 0 0 0 0 0 0 0 0.0555556 0 0 0.111111 0.277778 0.277778 0.111111 0.0555556 0.111111 0 0 0 0 0 0 

576 561 408 53 0 0.57041 0 0 0 0 0 0 0 0 0 0 0 0 0 0 0 0 0 0 0.0588235 0.0588235 0 0 0.117647 0.352941 0.235294 0.117647 0.0588235 0 0 0 0 0 0 

672 648 456 53 0 0.493827 0 0 0 0 0 0 0 0 0 0 0 0 0 0 0 0 0 0 0 0.1 0 0.25 0.15 0.2 0.2 0.05 0.05 0 0 0 0 0 0 

544 534 392 53 0 0.599251 0 0 0 0 0 0 0 0 0 0 0 0 0 0 0 0 0 0 0 0 0.125 0.0625 0.125 0.1875 0.25 0.25 0 0 0 0 0 0 0 

672 648 466 53 0 0.493827 0 0 0 0 0 0 0 0 0 0 0 0 0 0 0 0 0 0 0 0 0.05 0.05 0.2 0.4 0.25 0.05 0 0 0 0 0 0 0 

544 533 388 53 0 0.600375 0 0 0 0 0 0 0 0 0 0 0 0 0 0 0 0 0 0 0 0 0.0625 0.125 0.125 0.375 0.125 0.1875 0 0 0 0 0 0 0 

672 649 455 53 0 0.493066 0 0 0 0 0 0 0 0 0 0 0 0 0 0 0 0 0 0 0.1 0 0.1 0.1 0.2 0.2 0.2 0.05 0 0.05 0 0 0 0 0 

608 597 434 53 0 0.536013 0 0 0 0 0 0 0 0 0 0 0 0 0 0 0 0 0 0 0 0.111111 0.0555556 0.0555556 0.111111 0.222222 0.166667 0.222222 0.0555556 0 0 0 0 0 0 

672 648 468 53 0 0.493827 0 0 0 0 0 0 0 0 0 0 0 0 0 0 0 0 0 0 0 0 0.15 0.1 0.15 0.2 0.15 0.1 0.15 0 0 0 0 0 0 

544 534 399 53 0 0.599251 0 0 0 0 0 0 0 0 0 0 0 0 0 0 0 0 0 0 0 0 0 0.0625 0.1875 0.125 0.4375 0.125 0.0625 0 0 0 0 0 0 

544 533 401 53 0 0.600375 0 0 0 0 0 0 0 0 0 0 0 0 0 0 0 0 0 0 0 0 0.0625 0.0625 0 0.3125 0.1875 0.25 0.125 0 0 0 0 0 0 

544 537 401 53 0 0.595903 0 0 0 0 0 0 0 0 0 0 0 0 0 0 0 0 0 0 0 0 0.0625 0 0.125 0.25 0.3125 0.25 0 0 0 0 0 0 0 

544 534 398 53 0 0.599251 0 0 0 0 0 0 0 0 0 0 0 0 0 0 0 0 0 0 0 0 0 0.125 0.125 0.3125 0.125 0.1875 0.125 0 0 0 0 0 0 

704 687 502 53 0 0.465793 0 0 0 0 0 0 0 0 0 0 0 0 0 0 0 0 0 0 0 0.047619 0.047619 0.047619 0.047619 0.333333 0.333333 0.0952381 0.047619 0 0 0 0 0 0 

608 596 438 53 0 0.536913 0 0 0 0 0 0 0 0 0 0 0 0 0 0 0 0 0 0 0 0 0 0.111111 0.277778 0.222222 0.166667 0.166667 0 0.0555556 0 0 0 0 0 

544 534 400 53 0 0.599251 0 0 0 0 0 0 0 0 0 0 0 0 0 0 0 0 0 0 0 0 0 0 0.125 0.375 0.25 0.25 0 0 0 0 0 0 0 

544 533 394 53 0 0.600375 0 0 0 0 0 0 0 0 0 0 0 0 0 0 0 0 0 0 0 0.0625 0 0.125 0 0.25 0.375 0.125 0.0625 0 0 0 0 0 0 

544 533 397 53 0 0.600375 0 0 0 0 0 0 0 0 0 0 0 0 0 0 0 0 0 0 0 0 0 0.0625 0.25 0.25 0.125 0.1875 0.125 0 0 0 0 0 0 

672 649 459 53 0 0.493066 0 0 0 0 0 0 0 0 0 0 0 0 0 0 0 0 0 0 0 0.1 0.1 0.1 0.2 0.1 0.2 0.2 0 0 0 0 0 0 0 

544 533 399 53 0 0.600375 0 0 0 0 0 0 0 0 0 0 0 0 0 0 0 0 0 0 0 0 0.0625 0 0.1875 0.1875 0.1875 0.3125 0.0625 0 0 0 0 0 0 

544 533 394 53 0 0.600375 0 0 0 0 0 0 0 0 0 0 0 0 0 0 0 0 0 0 0 0 0.125 0 0.1875 0.3125 0.0625 0.125 0.1875 0 0 0 0 0 0 

544 533 395 53 0 0.600375 0 0 0 0 0 0 0 0 0 0 0 0 0 0 0 0 0 0 0 0 0 0.125 0.0625 0.25 0.4375 0.125 0 0 0 0 0 0 0 

608 596 436 53 0 0.536913 0 0 0 0 0 0 0 0 0 0 0 0 0 0 0 0 0 0 0 0 0.0555556 0.0555556 0.166667 0.388889 0.166667 0.111111 0.0555556 0 0 0 0 0 0 

608 596 446 53 0 0.536913 0 0 0 0 0 0 0 0 0 0 0 0 0 0 0 0 0 0 0 0.0555556 0 0.0555556 0.0555556 0.222222 0.277778 0.222222 0.111111 0 0 0 0 0 0 

544 533 395 53 0 0.600375 0 0 0 0 0 0 0 0 0 0 0 0 0 0 0 0 0 0 0 0.0625 0 0 0.125 0.375 0.125 0.3125 0 0 0 0 0 0 0 

544 533 405 53 0 0.600375 0 0 0 0 0 0 0 0 0 0 0 0 0 0 0 0 0 0 0 0 0 0 0.1875 0.1875 0.25 0.25 0.0625 0.0625 0 0 0 0 0 

608 596 444 53 0 0.536913 0 0 0 0 0 0 0 0 0 0 0 0 0 0 0 0 0 0 0 0 0.0555556 0 0.277778 0.222222 0.0555556 0.222222 0.166667 0 0 0 0 0 0 

672 649 468 53 0 0.493066 0 0 0 0 0 0 0 0 0 0 0 0 0 0 0 0 0.05 0 0 0 0 0.1 0.1 0.3 0.3 0.15 0 0 0 0 0 0 0 

608 596 446 53 0 0.536913 0 0 0 0 0 0 0 0 0 0 0 0 0 0 0 0 0 0 0 0 0.0555556 0.111111 0.0555556 0.166667 0.277778 0.222222 0.0555556 0.0555556 0 0 0 0 0 

544 534 394 53 0 0.599251 0 0 0 0 0 0 0 0 0 0 0 0 0 0 0 0 0 0 0 0 0.0625 0.125 0.25 0.0625 0.1875 0.1875 0.125 0 0 0 0 0 0 

672 649 460 53 0 0.493066 0 0 0 0 0 0 0 0 0 0 0 0 0 0 0 0 0 0 0 0.05 0.05 0.15 0.25 0.25 0.1 0.1 0.05 0 0 0 0 0 0 

608 596 424 53 0 0.536913 0 0 0 0 0 0 0 0 0 0 0 0 0 0 0 0 0 0 0 0.0555556 0.0555556 0.222222 0.277778 0 0.222222 0.166667 0 0 0 0 0 0 0 

480 456 345 53 0 0.701754 0 0 0 0 0 0 0 0 0 0 0 0 0 0 0 0 0 0 0 0 0 0 0.142857 0.285714 0.142857 0.214286 0.214286 0 0 0 0 0 0 

544 533 398 53 0 0.600375 0 0 0 0 0 0 0 0 0 0 0 0 0 0 0 0 0 0 0 0 0 0 0.3125 0.25 0.125 0.1875 0.125 0 0 0 0 0 0 

544 531 401 53 0 0.602637 0 0 0 0 0 0 0 0 0 0 0 0 0 0 0 0 0 0 0 0 0.125 0.0625 0 0.125 0.25 0.25 0.125 0.0625 0 0 0 0 0 

672 649 467 53 0 0.493066 0 0 0 0 0 0 0 0 0 0 0 0 0 0 0 0 0 0 0 0.05 0.05 0.1 0.05 0.45 0.15 0.1 0.05 0 0 0 0 0 0 

448 439 337 53 0 0.728929 0 0 0 0 0 0 0 0 0 0 0 0 0 0 0 0 0 0 0 0 0 0 0.230769 0.0769231 0.230769 0.230769 0.230769 0 0 0 0 0 0 

544 533 394 53 0 0.600375 0 0 0 0 0 0 0 0 0 0 0 0 0 0 0 0 0 0 0 0 0 0.125 0.0625 0.3125 0.375 0.125 0 0 0 0 0 0 0 

672 649 466 53 0 0.493066 0 0 0 0 0 0 0 0 0 0 0 0 0 0 0 0 0 0 0 0 0.05 0.05 0.3 0.35 0.15 0.05 0.05 0 0 0 0 0 0 

608 595 438 53 0 0.537815 0 0 0 0 0 0 0 0 0 0 0 0 0 0 0 0 0 0 0.0555556 0 0.0555556 0.111111 0.0555556 0.222222 0.277778 0 0.166667 0.0555556 0 0 0 0 0 

608 596 438 53 0 0.536913 0 0 0 0 0 0 0 0 0 0 0 0 0 0 0 0 0 0 0.0555556 0 0.0555556 0 0.111111 0.277778 0.222222 0.277778 0 0 0 0 0 0 0 

544 534 393 53 0 0.599251 0 0 0 0 0 0 0 0 0 0 0 0 0 0 0 0 0 0 0 0 0.0625 0.0625 0.1875 0.25 0.25 0.125 0.0625 0 0 0 0 0 0 

544 534 395 53 0 0.599251 0 0 0 0 0 0 0 0 0 0 0 0 0 0 0 0 0 0 0 0 0 0.0625 0.3125 0.25 0.0625 0.25 0.0625 0 0 0 0 0 0 

608 596 434 53 0 0.536913 0 0 0 0 0 0 0 0 0 0 0 0 0 0 0 0 0 0 0 0 0.111111 0.0555556 0.277778 0.277778 0.0555556 0.111111 0 0.111111 0 0 0 0 0 

544 534 396 53 0 0.599251 0 0 0 0 0 0 0 0 0 0 0 0 0 0 0 0 0 0 0 0 0 0.1875 0.125 0.3125 0.125 0.0625 0.125 0.0625 0 0 0 0 0 

608 590 434 53 0 0.542373 0 0 0 0 0 0 0 0 0 0 0 0 0 0 0 0 0 0 0 0 0.0555556 0.0555556 0.111111 0.333333 0.166667 0.277778 0 0 0 0 0 0 0 

544 533 398 53 0 0.600375 0 0 0 0 0 0 0 0 0 0 0 0 0 0 0 0 0 0 0 0 0 0.125 0.125 0.25 0.3125 0 0.125 0.0625 0 0 0 0 0 

448 437 339 53 0 0.732265 0 0 0 0 0 0 0 0 0 0 0 0 0 0 0 0 0 0 0 0 0 0 0.0769231 0.0769231 0.384615 0.307692 0.0769231 0.0769231 0 0 0 0 0 

608 595 440 53 0 0.537815 0 0 0 0 0 0 0 0 0 0 0 0 0 0 0 0 0 0 0 0.111111 0 0 0.166667 0.222222 0.222222 0.111111 0.111111 0.0555556 0 0 0 0 0 

672 649 451 53 0 0.493066 0 0 0 0 0 0 0 0 0 0 0 0 0 0 0 0 0 0 0 0.1 0.15 0.05 0.2 0.35 0.05 0.1 0 0 0 0 0 0 0 

608 593 430 53 0 0.539629 0 0 0 0 0 0 0 0 0 0 0 0 0 0 0 0 0 0 0.111111 0 0 0.166667 0.0555556 0.111111 0.277778 0.222222 0.0555556 0 0 0 0 0 0 

544 534 394 53 0 0.599251 0 0 0 0 0 0 0 0 0 0 0 0 0 0 0 0 0 0 0 0.0625 0.0625 0.0625 0.0625 0.375 0.125 0.0625 0.125 0.0625 0 0 0 0 0 

544 534 401 53 0 0.599251 0 0 0 0 0 0 0 0 0 0 0 0 0 0 0 0 0 0 0 0 0 0.125 0.1875 0.125 0.1875 0.1875 0.1875 0 0 0 0 0 0 

544 533 392 53 0 0.600375 0 0 0 0 0 0 0 0 0 0 0 0 0 0 0 0 0 0 0 0 0 0.125 0.3125 0.125 0.25 0.0625 0.125 0 0 0 0 0 0 

480 455 343 53 0 0.703297 0 0 0 0 0 0 0 0 0 0 0 0 0 0 0 0 0 0 0 0 0 0 0.0714286 0.357143 0.357143 0.0714286 0.0714286 0 0.0714286 0 0 0 0 

672 650 463 53 0 0.492308 0 0 0 0 0 0 0 0 0 0 0 0 0 0 0 0 0 0 0 0 0.1 0.2 0.15 0.2 0.2 0.15 0 0 0 0 0 0 0 

544 527 385 53 0 0.607211 0 0 0 0 0 0 0 0 0 0 0 0 0 0 0 0 0 0 0 0 0.1875 0.0625 0.125 0.1875 0.0625 0.25 0.125 0 0 0 0 0 0 

544 533 401 53 0 0.600375 0 0 0 0 0 0 0 0 0 0 0 0 0 0 0 0 0 0 0 0 0 0.0625 0.25 0.125 0.25 0.125 0.125 0.0625 0 0 0 0 0 

544 533 400 53 0 0.600375 0 0 0 0 0 0 0 0 0 0 0 0 0 0 0 0 0 0 0 0 0 0 0.375 0.125 0.25 0.0625 0.125 0 0.0625 0 0 0 0 

608 593 426 53 0 0.539629 0 0 0 0 0 0 0 0 0 0 0 0 0 0 0 0 0 0 0 0.0555556 0.0555556 0.0555556 0.111111 0.5 0.111111 0.111111 0 0 0 0 0 0 0 

544 533 402 53 0 0.600375 0 0 0 0 0 0 0 0 0 0 0 0 0 0 0 0 0 0 0 0 0 0 0.0625 0.375 0.25 0.3125 0 0 0 0 0 0 0 

672 648 457 53 0 0.493827 0 0 0 0 0 0 0 0 0 0 0 0 0 0 0 0 0 0 0 0 0.15 0.2 0.2 0.15 0.2 0.05 0 0.05 0 0 0 0 0 

672 649 479 53 0 0.493066 0 0 0 0 0 0 0 0 0 0 0 0 0 0 0 0 0 0 0 0.1 0 0 0.1 0.25 0.25 0.2 0.05 0.05 0 0 0 0 0 

608 596 429 53 0 0.536913 0 0 0 0 0 0 0 0 0 0 0 0 0 0 0 0 0 0 0 0.0555556 0 0.111111 0.222222 0.333333 0.166667 0.111111 0 0 0 0 0 0 0 

544 537 394 53 0 0.595903 0 0 0 0 0 0 0 0 0 0 0 0 0 0 0 0 0 0 0 0 0.125 0.0625 0.1875 0.25 0.0625 0.25 0.0625 0 0 0 0 0 0 

544 534 399 53 0 0.599251 0 0 0 0 0 0 0 0 0 0 0 0 0 0 0 0 0 0 0 0 0 0.125 0.1875 0.125 0.1875 0.3125 0.0625 0 0 0 0 0 0 

544 533 397 53 0 0.600375 0 0 0 0 0 0 0 0 0 0 0 0 0 0 0 0 0 0 0 0 0 0.1875 0.125 0.1875 0.1875 0.1875 0.0625 0.0625 0 0 0 0 0 

608 596 433 53 0 0.536913 0 0 0 0 0 0 0 0 0 0 0 0 0 0 0 0 0 0 0 0 0 0.166667 0.277778 0.277778 0.0555556 0.166667 0.0555556 0 0 0 0 0 0 

544 533 400 53 0 0.600375 0 0 0 0 0 0 0 0 0 0 0 0 0 0 0 0 0 0 0 0 0 0.0625 0.125 0.1875 0.4375 0.125 0 0.0625 0 0 0 0 0 

448 436 332 53 0 0.733945 0 0 0 0 0 0 0 0 0 0 0 0 0 0 0 0 0 0 0 0.0769231 0 0 0.230769 0 0.230769 0.153846 0.230769 0.0769231 0 0 0 0 0 

