640 618 450 56 0 0.582524 0 0 0 0 0 0 0 0 0 0 0 0 0 0 0 0 0 0 0 0 0 0.0526316 0.210526 0.315789 0.368421 0.0526316 0 0 0 0 0 0 0 

704 679 489 56 0 0.530191 0 0 0 0 0 0 0 0 0 0 0 0 0 0 0 0 0 0 0 0.0952381 0 0.047619 0.190476 0.333333 0.142857 0.0952381 0.0952381 0 0 0 0 0 0 

512 505 382 56 0 0.712871 0 0 0 0 0 0 0 0 0 0 0 0 0 0 0 0 0 0 0 0 0 0.133333 0.133333 0.133333 0.133333 0.333333 0.133333 0 0 0 0 0 0 

640 617 457 56 0 0.583468 0 0 0 0 0 0 0 0 0 0 0 0 0 0 0 0 0 0 0 0 0 0.0526316 0.210526 0.263158 0.157895 0.263158 0 0.0526316 0 0 0 0 0 

512 505 377 56 0 0.712871 0 0 0 0 0 0 0 0 0 0 0 0 0 0 0 0 0 0 0 0 0.0666667 0.0666667 0.133333 0.133333 0.333333 0.2 0.0666667 0 0 0 0 0 0 

640 618 445 56 0 0.582524 0 0 0 0 0 0 0 0 0 0 0 0 0 0 0 0 0 0 0 0 0.105263 0.0526316 0.263158 0.210526 0.157895 0.210526 0 0 0 0 0 0 0 

512 505 378 56 0 0.712871 0 0 0 0 0 0 0 0 0 0 0 0 0 0 0 0 0 0 0 0 0 0.133333 0.0666667 0.266667 0.333333 0.0666667 0.133333 0 0 0 0 0 0 

640 618 450 56 0 0.582524 0 0 0 0 0 0 0 0 0 0 0 0 0 0 0 0 0 0 0 0 0 0.210526 0.105263 0.315789 0.105263 0.210526 0.0526316 0 0 0 0 0 0 

640 618 456 56 0 0.582524 0 0 0 0 0 0 0 0 0 0 0 0 0 0 0 0 0 0 0 0 0 0 0.368421 0.105263 0.315789 0.105263 0.105263 0 0 0 0 0 0 

640 617 462 56 0 0.583468 0 0 0 0 0 0 0 0 0 0 0 0 0 0 0 0 0 0 0 0 0 0.0526316 0.0526316 0.368421 0.315789 0.0526316 0.0526316 0.105263 0 0 0 0 0 

