2560 2538 1825 120 0 0.630418 0 0 0 0 0 0 0 0 0 0 0 0 0 0 0 0 0 0 0 0.0126582 0.101266 0.0886076 0.164557 0.253165 0.189873 0.101266 0.0759494 0.0126582 0 0 0 0 0 

2496 2475 1793 120 0 0.646465 0 0 0 0 0 0 0 0 0 0 0 0 0 0 0 0 0 0.012987 0 0.038961 0.038961 0.0649351 0.181818 0.207792 0.233766 0.12987 0.0779221 0 0 0.012987 0 0 0 

2432 2414 1758 120 0 0.6628 0 0 0 0 0 0 0 0 0 0 0 0 0 0 0 0 0 0 0.0133333 0.0133333 0.0533333 0.0666667 0.173333 0.173333 0.293333 0.106667 0.0933333 0.0133333 0 0 0 0 0 

2336 2326 1695 120 0 0.687876 0 0 0 0 0 0 0 0 0 0 0 0 0 0 0 0 0 0 0.0138889 0.0277778 0 0.0833333 0.180556 0.277778 0.180556 0.138889 0.0833333 0.0138889 0 0 0 0 0 

2400 2392 1754 120 0 0.668896 0 0 0 0 0 0 0 0 0 0 0 0 0 0 0 0 0 0 0 0.0135135 0.0540541 0.0675676 0.135135 0.22973 0.243243 0.162162 0.0810811 0.0135135 0 0 0 0 0 

2784 2773 1979 120 0 0.576992 0 0 0 0 0 0 0 0 0 0 0 0 0 0 0 0 0 0 0.0116279 0.0348837 0.0116279 0.186047 0.186047 0.244186 0.151163 0.116279 0.0581395 0 0 0 0 0 0 

2400 2392 1732 120 0 0.668896 0 0 0 0 0 0 0 0 0 0 0 0 0 0 0 0 0 0.0135135 0 0.0135135 0.0540541 0.0945946 0.175676 0.162162 0.283784 0.148649 0.0540541 0 0 0 0 0 0 

2528 2518 1827 120 0 0.635425 0 0 0 0 0 0 0 0 0 0 0 0 0 0 0 0 0 0 0.0128205 0 0.0512821 0.102564 0.115385 0.294872 0.24359 0.128205 0.025641 0.025641 0 0 0 0 0 

2496 2468 1787 120 0 0.648298 0 0 0 0 0 0 0 0 0 0 0 0 0 0 0 0 0 0.012987 0.012987 0 0.0649351 0.0779221 0.103896 0.285714 0.220779 0.142857 0.0649351 0.012987 0 0 0 0 0 

2688 2677 1936 120 0 0.597684 0 0 0 0 0 0 0 0 0 0 0 0 0 0 0 0 0 0 0 0.0361446 0.0361446 0.0963855 0.192771 0.240964 0.204819 0.120482 0.0361446 0.0240964 0.0120482 0 0 0 0 

