1216 1195 880 84 0 0.669456 0 0 0 0 0 0 0 0 0 0 0 0 0 0 0 0 0 0 0 0 0.0540541 0.0810811 0.243243 0.135135 0.189189 0.108108 0.135135 0.027027 0.027027 0 0 0 0 

1248 1227 886 84 0 0.651997 0 0 0 0 0 0 0 0 0 0 0 0 0 0 0 0 0 0 0 0.0263158 0.0263158 0.0789474 0.236842 0.210526 0.263158 0.131579 0.0263158 0 0 0 0 0 0 

1376 1358 1002 84 0 0.589102 0 0 0 0 0 0 0 0 0 0 0 0 0 0 0 0 0 0 0.0238095 0 0 0.0952381 0.142857 0.142857 0.309524 0.190476 0.0952381 0 0 0 0 0 0 

1312 1288 932 84 0 0.621118 0 0 0 0 0 0 0 0 0 0 0 0 0 0 0 0 0 0 0 0.025 0.075 0.025 0.225 0.225 0.2 0.175 0.05 0 0 0 0 0 0 

1344 1317 964 84 0 0.607441 0 0 0 0 0 0 0 0 0 0 0 0 0 0 0 0 0 0 0 0 0.0243902 0.097561 0.243902 0.097561 0.292683 0.121951 0.121951 0 0 0 0 0 0 

1408 1386 997 84 0 0.577201 0 0 0 0 0 0 0 0 0 0 0 0 0 0 0 0 0 0 0 0.0232558 0.0465116 0.139535 0.186047 0.162791 0.232558 0.209302 0 0 0 0 0 0 0 

1408 1385 1021 84 0 0.577617 0 0 0 0 0 0 0 0 0 0 0 0 0 0 0 0 0 0 0 0.0232558 0 0.0697674 0.162791 0.209302 0.27907 0.186047 0.0232558 0.0232558 0.0232558 0 0 0 0 

1408 1378 1028 84 0 0.580552 0 0 0 0 0 0 0 0 0 0 0 0 0 0 0 0 0 0 0 0.0232558 0.0232558 0.0465116 0.0697674 0.116279 0.465116 0.116279 0.0697674 0.0697674 0 0 0 0 0 

1120 1093 801 62 0 0.73193 0 0 0 0 0 0 0 0 0 0 0 0 0 0 0 0 0 0 0 0 0.0294118 0.0882353 0.205882 0.235294 0.117647 0.205882 0.117647 0 0 0 0 0 0 

1120 1102 801 66 0 0.725953 0 0 0 0 0 0 0 0 0 0 0 0 0 0 0 0 0 0 0 0.0294118 0 0.0882353 0.205882 0.323529 0.0882353 0.235294 0.0294118 0 0 0 0 0 0 

1152 1125 802 72 0 0.711111 0 0 0 0 0 0 0 0 0 0 0 0 0 0 0 0 0 0 0 0.0285714 0.0857143 0.0857143 0.2 0.285714 0.171429 0.0857143 0.0571429 0 0 0 0 0 0 

1120 1100 806 79 0 0.727273 0 0 0 0 0 0 0 0 0 0 0 0 0 0 0 0 0 0 0 0 0.0882353 0.0882353 0.0882353 0.294118 0.176471 0.176471 0.0294118 0.0294118 0.0294118 0 0 0 0 

1152 1124 826 76 0 0.711744 0 0 0 0 0 0 0 0 0 0 0 0 0 0 0 0 0 0 0 0 0.0571429 0 0.171429 0.314286 0.171429 0.2 0.0857143 0 0 0 0 0 0 

1184 1154 816 73 0 0.693241 0 0 0 0 0 0 0 0 0 0 0 0 0 0 0 0 0 0.0277778 0 0.0833333 0.0833333 0.0277778 0.25 0.166667 0.138889 0.166667 0.0277778 0.0277778 0 0 0 0 0 

1120 1101 802 71 0 0.726612 0 0 0 0 0 0 0 0 0 0 0 0 0 0 0 0 0 0 0.0294118 0 0.0588235 0.0882353 0.205882 0.176471 0.147059 0.205882 0.0588235 0 0 0.0294118 0 0 0 

1120 1092 801 67 0 0.732601 0 0 0 0 0 0 0 0 0 0 0 0 0 0 0 0 0 0 0.0294118 0 0.0294118 0 0.176471 0.294118 0.176471 0.205882 0.0882353 0 0 0 0 0 0 

1184 1176 861 84 0 0.680272 0 0 0 0 0 0 0 0 0 0 0 0 0 0 0 0 0 0 0 0.0555556 0.0555556 0.0555556 0.111111 0.194444 0.305556 0.138889 0.0555556 0.0277778 0 0 0 0 0 

1152 1130 824 82 0 0.707965 0 0 0 0 0 0 0 0 0 0 0 0 0 0 0 0 0 0 0 0.0285714 0.0571429 0.0857143 0.142857 0.257143 0.171429 0.114286 0.114286 0.0285714 0 0 0 0 0 

1184 1156 830 84 0 0.692042 0 0 0 0 0 0 0 0 0 0 0 0 0 0 0 0 0 0.0277778 0 0.0277778 0.0555556 0.0555556 0.194444 0.25 0.138889 0.194444 0.0555556 0 0 0 0 0 0 

1280 1251 907 84 0 0.639488 0 0 0 0 0 0 0 0 0 0 0 0 0 0 0 0 0 0 0 0 0 0.128205 0.179487 0.307692 0.205128 0.153846 0 0.025641 0 0 0 0 0 

1376 1366 1001 84 0 0.585652 0 0 0 0 0 0 0 0 0 0 0 0 0 0 0 0 0 0.0238095 0 0.0238095 0.047619 0.047619 0.119048 0.238095 0.238095 0.166667 0.047619 0.047619 0 0 0 0 0 

1216 1191 880 84 0 0.671704 0 0 0 0 0 0 0 0 0 0 0 0 0 0 0 0 0 0 0 0 0.0540541 0.108108 0.108108 0.135135 0.27027 0.162162 0.162162 0 0 0 0 0 0 

1376 1348 988 84 0 0.593472 0 0 0 0 0 0 0 0 0 0 0 0 0 0 0 0 0 0 0.0238095 0 0.047619 0.0238095 0.142857 0.214286 0.309524 0.142857 0.0952381 0 0 0 0 0 0 

1280 1266 932 84 0 0.631912 0 0 0 0 0 0 0 0 0 0 0 0 0 0 0 0 0 0 0 0.025641 0.0512821 0.0512821 0.179487 0.179487 0.205128 0.179487 0.102564 0.025641 0 0 0 0 0 

