2624 2600 1895 84 0 0.307692 0 0 0 0 0 0 0 0 0 0 0 0 0 0 0 0 0 0 0.0123457 0.0123457 0.0246914 0.0493827 0.17284 0.283951 0.234568 0.123457 0.0740741 0.0123457 0 0 0 0 0 

2560 2538 1828 84 0 0.315209 0 0 0 0 0 0 0 0 0 0 0 0 0 0 0 0 0 0 0.0253165 0.0253165 0.0126582 0.151899 0.139241 0.240506 0.189873 0.126582 0.0759494 0.0126582 0 0 0 0 0 

2816 2792 2037 84 0 0.286533 0 0 0 0 0 0 0 0 0 0 0 0 0 0 0 0 0 0 0.0114943 0.0114943 0.0689655 0.045977 0.137931 0.218391 0.241379 0.183908 0.0689655 0.0114943 0 0 0 0 0 

2752 2724 1972 84 0 0.293686 0 0 0 0 0 0 0 0 0 0 0 0 0 0 0 0 0 0 0 0.0470588 0.0117647 0.0705882 0.211765 0.247059 0.2 0.141176 0.0352941 0.0352941 0 0 0 0 0 

2560 2538 1841 84 0 0.315209 0 0 0 0 0 0 0 0 0 0 0 0 0 0 0 0 0 0 0 0.0126582 0.0506329 0.0886076 0.240506 0.202532 0.164557 0.139241 0.0632911 0.0253165 0.0126582 0 0 0 0 

2816 2788 2011 84 0 0.286944 0 0 0 0 0 0 0 0 0 0 0 0 0 0 0 0 0 0.0114943 0 0.0229885 0.0344828 0.0574713 0.229885 0.218391 0.229885 0.16092 0.0229885 0 0.0114943 0 0 0 0 

2560 2538 1842 84 0 0.315209 0 0 0 0 0 0 0 0 0 0 0 0 0 0 0 0 0 0 0 0.0253165 0.0506329 0.101266 0.113924 0.189873 0.329114 0.139241 0.0506329 0 0 0 0 0 0 

2624 2601 1923 84 0 0.307574 0 0 0 0 0 0 0 0 0 0 0 0 0 0 0 0 0 0 0 0 0 0.111111 0.160494 0.209877 0.17284 0.197531 0.148148 0 0 0 0 0 0 

2560 2538 1881 84 0 0.315209 0 0 0 0 0 0 0 0 0 0 0 0 0 0 0 0 0 0 0 0 0.0126582 0.0506329 0.164557 0.21519 0.189873 0.303797 0.0632911 0 0 0 0 0 0 

2560 2538 1846 84 0 0.315209 0 0 0 0 0 0 0 0 0 0 0 0 0 0 0 0 0 0 0.0126582 0 0.0759494 0.0886076 0.151899 0.202532 0.189873 0.189873 0.0632911 0.0253165 0 0 0 0 0 

2560 2538 1841 84 0 0.315209 0 0 0 0 0 0 0 0 0 0 0 0 0 0 0 0 0 0 0 0.0253165 0.0632911 0.0759494 0.202532 0.202532 0.189873 0.139241 0.0632911 0.0253165 0.0126582 0 0 0 0 

2560 2538 1835 84 0 0.315209 0 0 0 0 0 0 0 0 0 0 0 0 0 0 0 0 0 0 0.0126582 0.0379747 0.0759494 0.0632911 0.126582 0.21519 0.240506 0.126582 0.101266 0 0 0 0 0 0 

2624 2601 1893 84 0 0.307574 0 0 0 0 0 0 0 0 0 0 0 0 0 0 0 0 0 0 0 0.0123457 0.0246914 0.148148 0.0740741 0.308642 0.197531 0.148148 0.0864198 0 0 0 0 0 0 

2624 2601 1870 84 0 0.307574 0 0 0 0 0 0 0 0 0 0 0 0 0 0 0 0 0 0 0.0123457 0.0246914 0.0987654 0.111111 0.0987654 0.197531 0.234568 0.160494 0.0493827 0.0123457 0 0 0 0 0 

2880 2866 2078 84 0 0.279135 0 0 0 0 0 0 0 0 0 0 0 0 0 0 0 0 0 0 0.0224719 0.0224719 0 0.101124 0.179775 0.247191 0.191011 0.191011 0.0224719 0.0224719 0 0 0 0 0 

2752 2725 2004 84 0 0.293578 0 0 0 0 0 0 0 0 0 0 0 0 0 0 0 0 0 0 0 0.0117647 0.0117647 0.0588235 0.164706 0.258824 0.247059 0.141176 0.0705882 0.0352941 0 0 0 0 0 

2624 2600 1901 84 0 0.307692 0 0 0 0 0 0 0 0 0 0 0 0 0 0 0 0 0 0 0 0.0123457 0.037037 0.0740741 0.17284 0.222222 0.234568 0.17284 0.037037 0.0246914 0.0123457 0 0 0 0 

2624 2601 1915 84 0 0.307574 0 0 0 0 0 0 0 0 0 0 0 0 0 0 0 0 0 0 0 0 0.037037 0.0740741 0.135802 0.234568 0.234568 0.17284 0.0987654 0.0123457 0 0 0 0 0 

2880 2859 2083 84 0 0.279818 0 0 0 0 0 0 0 0 0 0 0 0 0 0 0 0 0 0 0.011236 0.0224719 0.0449438 0.0898876 0.134831 0.191011 0.258427 0.146067 0.0786517 0.0224719 0 0 0 0 0 

2560 2538 1832 84 0 0.315209 0 0 0 0 0 0 0 0 0 0 0 0 0 0 0 0 0 0 0.0126582 0.0253165 0.0759494 0.0506329 0.189873 0.164557 0.253165 0.189873 0.0379747 0 0 0 0 0 0 

2624 2600 1888 84 0 0.307692 0 0 0 0 0 0 0 0 0 0 0 0 0 0 0 0 0.0123457 0 0 0 0.037037 0.123457 0.17284 0.222222 0.222222 0.0740741 0.0864198 0.0493827 0 0 0 0 0 

2624 2600 1887 84 0 0.307692 0 0 0 0 0 0 0 0 0 0 0 0 0 0 0 0 0.0123457 0 0.0123457 0.0246914 0.0617284 0.0617284 0.0740741 0.234568 0.271605 0.185185 0.0617284 0 0 0 0 0 0 

2752 2725 1984 84 0 0.293578 0 0 0 0 0 0 0 0 0 0 0 0 0 0 0 0 0.0117647 0 0 0.0117647 0.0470588 0.141176 0.129412 0.141176 0.211765 0.188235 0.0941176 0.0235294 0 0 0 0 0 

2624 2600 1866 84 0 0.307692 0 0 0 0 0 0 0 0 0 0 0 0 0 0 0 0 0 0 0.0123457 0.0246914 0.0617284 0.0617284 0.185185 0.283951 0.185185 0.148148 0.037037 0 0 0 0 0 0 

2880 2864 2071 84 0 0.27933 0 0 0 0 0 0 0 0 0 0 0 0 0 0 0 0 0 0.011236 0.011236 0.0224719 0.0449438 0.0561798 0.168539 0.280899 0.179775 0.134831 0.0898876 0 0 0 0 0 0 

2624 2601 1891 84 0 0.307574 0 0 0 0 0 0 0 0 0 0 0 0 0 0 0 0 0 0 0 0.037037 0.037037 0.111111 0.0864198 0.259259 0.222222 0.17284 0.0617284 0.0123457 0 0 0 0 0 

2560 2538 1844 84 0 0.315209 0 0 0 0 0 0 0 0 0 0 0 0 0 0 0 0 0 0 0 0.0126582 0.0506329 0.0759494 0.126582 0.303797 0.227848 0.164557 0.0126582 0.0253165 0 0 0 0 0 

2624 2601 1888 84 0 0.307574 0 0 0 0 0 0 0 0 0 0 0 0 0 0 0 0 0 0 0 0.0246914 0.0493827 0.0740741 0.148148 0.234568 0.246914 0.185185 0.0246914 0.0123457 0 0 0 0 0 

2880 2866 2077 84 0 0.279135 0 0 0 0 0 0 0 0 0 0 0 0 0 0 0 0 0 0.011236 0.011236 0.0224719 0.0224719 0.101124 0.179775 0.247191 0.123596 0.179775 0.0898876 0.011236 0 0 0 0 0 

2560 2538 1869 84 0 0.315209 0 0 0 0 0 0 0 0 0 0 0 0 0 0 0 0 0 0 0 0.0126582 0.0379747 0.0632911 0.177215 0.113924 0.329114 0.164557 0.0632911 0.0379747 0 0 0 0 0 

2560 2538 1835 84 0 0.315209 0 0 0 0 0 0 0 0 0 0 0 0 0 0 0 0 0 0 0 0.0126582 0.0379747 0.113924 0.164557 0.253165 0.240506 0.139241 0.0126582 0.0253165 0 0 0 0 0 

2560 2538 1842 84 0 0.315209 0 0 0 0 0 0 0 0 0 0 0 0 0 0 0 0 0.0126582 0 0.0126582 0 0.0886076 0.0379747 0.177215 0.177215 0.240506 0.151899 0.0886076 0.0126582 0 0 0 0 0 

2624 2601 1893 84 0 0.307574 0 0 0 0 0 0 0 0 0 0 0 0 0 0 0 0 0 0 0 0.0246914 0.0617284 0.0740741 0.111111 0.283951 0.197531 0.160494 0.0617284 0.0246914 0 0 0 0 0 

2624 2600 1900 84 0 0.307692 0 0 0 0 0 0 0 0 0 0 0 0 0 0 0 0 0 0 0 0 0.0246914 0.0740741 0.160494 0.345679 0.135802 0.185185 0.0617284 0.0123457 0 0 0 0 0 

2560 2536 1840 84 0 0.315457 0 0 0 0 0 0 0 0 0 0 0 0 0 0 0 0 0 0 0 0.0126582 0.0506329 0.113924 0.164557 0.202532 0.227848 0.126582 0.101266 0 0 0 0 0 0 

2624 2601 1901 84 0 0.307574 0 0 0 0 0 0 0 0 0 0 0 0 0 0 0 0 0 0 0 0 0.037037 0.123457 0.0740741 0.308642 0.222222 0.148148 0.0740741 0.0123457 0 0 0 0 0 

2624 2601 1883 84 0 0.307574 0 0 0 0 0 0 0 0 0 0 0 0 0 0 0 0 0 0 0 0.0246914 0.0493827 0.0987654 0.135802 0.185185 0.333333 0.135802 0.037037 0 0 0 0 0 0 

2560 2538 1820 84 0 0.315209 0 0 0 0 0 0 0 0 0 0 0 0 0 0 0 0 0 0.0126582 0.0126582 0.0506329 0.0506329 0.113924 0.139241 0.189873 0.189873 0.139241 0.101266 0 0 0 0 0 0 

2560 2538 1844 84 0 0.315209 0 0 0 0 0 0 0 0 0 0 0 0 0 0 0 0 0 0 0 0.0126582 0.101266 0.0886076 0.0886076 0.189873 0.278481 0.164557 0.0759494 0 0 0 0 0 0 

2560 2538 1852 84 0 0.315209 0 0 0 0 0 0 0 0 0 0 0 0 0 0 0 0 0 0.0126582 0.0126582 0.0126582 0.0506329 0.0759494 0.139241 0.189873 0.21519 0.177215 0.0759494 0.0379747 0 0 0 0 0 

2816 2792 2032 84 0 0.286533 0 0 0 0 0 0 0 0 0 0 0 0 0 0 0 0 0 0 0.0114943 0.0229885 0.045977 0.045977 0.149425 0.252874 0.229885 0.172414 0.0574713 0.0114943 0 0 0 0 0 

2560 2538 1865 84 0 0.315209 0 0 0 0 0 0 0 0 0 0 0 0 0 0 0 0 0 0 0 0 0.0759494 0.0759494 0.126582 0.164557 0.265823 0.164557 0.113924 0.0126582 0 0 0 0 0 

2880 2859 2042 84 0 0.279818 0 0 0 0 0 0 0 0 0 0 0 0 0 0 0 0 0 0 0.0224719 0 0.0786517 0.146067 0.146067 0.258427 0.213483 0.0561798 0.0337079 0.0449438 0 0 0 0 0 

2752 2724 1981 84 0 0.293686 0 0 0 0 0 0 0 0 0 0 0 0 0 0 0 0 0 0 0 0.0235294 0.0352941 0.0705882 0.152941 0.247059 0.270588 0.117647 0.0823529 0 0 0 0 0 0 

2816 2792 2050 84 0 0.286533 0 0 0 0 0 0 0 0 0 0 0 0 0 0 0 0 0 0 0 0.0114943 0.0344828 0.0804598 0.16092 0.195402 0.183908 0.241379 0.091954 0 0 0 0 0 0 

2752 2725 1981 84 0 0.293578 0 0 0 0 0 0 0 0 0 0 0 0 0 0 0 0 0 0 0 0.0235294 0.0352941 0.0823529 0.164706 0.211765 0.270588 0.141176 0.0588235 0.0117647 0 0 0 0 0 

2560 2538 1833 84 0 0.315209 0 0 0 0 0 0 0 0 0 0 0 0 0 0 0 0 0 0 0.0126582 0.0506329 0.0253165 0.113924 0.151899 0.227848 0.189873 0.113924 0.0759494 0.0379747 0 0 0 0 0 

2624 2601 1874 84 0 0.307574 0 0 0 0 0 0 0 0 0 0 0 0 0 0 0 0 0 0 0.0123457 0.0123457 0.0246914 0.0987654 0.222222 0.234568 0.222222 0.123457 0.037037 0.0123457 0 0 0 0 0 

2624 2601 1868 84 0 0.307574 0 0 0 0 0 0 0 0 0 0 0 0 0 0 0 0 0 0 0 0.0123457 0.037037 0.135802 0.17284 0.271605 0.197531 0.160494 0.0123457 0 0 0 0 0 0 

2560 2538 1848 84 0 0.315209 0 0 0 0 0 0 0 0 0 0 0 0 0 0 0 0 0 0 0 0.0126582 0.0126582 0.113924 0.139241 0.265823 0.265823 0.126582 0.0506329 0.0126582 0 0 0 0 0 

2560 2536 1871 84 0 0.315457 0 0 0 0 0 0 0 0 0 0 0 0 0 0 0 0 0 0 0 0.0126582 0.0126582 0.0759494 0.101266 0.278481 0.291139 0.0632911 0.151899 0.0126582 0 0 0 0 0 

2560 2538 1877 84 0 0.315209 0 0 0 0 0 0 0 0 0 0 0 0 0 0 0 0 0 0.0126582 0 0.0126582 0.0126582 0.0632911 0.113924 0.21519 0.291139 0.151899 0.0886076 0.0126582 0.0253165 0 0 0 0 

2816 2788 2042 84 0 0.286944 0 0 0 0 0 0 0 0 0 0 0 0 0 0 0 0 0 0 0.0114943 0.0229885 0.045977 0.0574713 0.137931 0.172414 0.275862 0.149425 0.114943 0.0114943 0 0 0 0 0 

2816 2788 2022 84 0 0.286944 0 0 0 0 0 0 0 0 0 0 0 0 0 0 0 0 0 0 0 0.045977 0.0574713 0.0574713 0.16092 0.206897 0.195402 0.195402 0.0804598 0 0 0 0 0 0 

2624 2601 1852 84 0 0.307574 0 0 0 0 0 0 0 0 0 0 0 0 0 0 0 0 0 0 0 0 0.0740741 0.123457 0.259259 0.234568 0.185185 0.0740741 0.0493827 0 0 0 0 0 0 

2752 2724 1987 84 0 0.293686 0 0 0 0 0 0 0 0 0 0 0 0 0 0 0 0 0 0 0.0235294 0.0117647 0.0235294 0.117647 0.152941 0.188235 0.176471 0.2 0.0588235 0.0352941 0.0117647 0 0 0 0 

2624 2600 1880 84 0 0.307692 0 0 0 0 0 0 0 0 0 0 0 0 0 0 0 0 0 0 0.0246914 0.0246914 0.037037 0.0493827 0.197531 0.222222 0.234568 0.148148 0.037037 0.0246914 0 0 0 0 0 

2752 2725 1972 84 0 0.293578 0 0 0 0 0 0 0 0 0 0 0 0 0 0 0 0 0 0 0.0235294 0.0235294 0.0352941 0.0705882 0.223529 0.129412 0.247059 0.176471 0.0588235 0.0117647 0 0 0 0 0 

2560 2538 1868 84 0 0.315209 0 0 0 0 0 0 0 0 0 0 0 0 0 0 0 0 0 0 0 0.0253165 0.0253165 0.0632911 0.101266 0.240506 0.316456 0.139241 0.0506329 0.0253165 0 0.0126582 0 0 0 

2752 2725 2009 84 0 0.293578 0 0 0 0 0 0 0 0 0 0 0 0 0 0 0 0 0 0 0 0 0.0352941 0.0588235 0.141176 0.223529 0.223529 0.235294 0.0823529 0 0 0 0 0 0 

2752 2725 1975 84 0 0.293578 0 0 0 0 0 0 0 0 0 0 0 0 0 0 0 0 0 0 0.0117647 0.0117647 0.0470588 0.0941176 0.164706 0.188235 0.258824 0.164706 0.0470588 0.0117647 0 0 0 0 0 

2816 2790 2013 84 0 0.286738 0 0 0 0 0 0 0 0 0 0 0 0 0 0 0 0 0 0 0 0.0229885 0.0574713 0.114943 0.149425 0.206897 0.241379 0.149425 0.0574713 0 0 0 0 0 0 

2816 2792 2045 84 0 0.286533 0 0 0 0 0 0 0 0 0 0 0 0 0 0 0 0 0 0 0.0114943 0.0114943 0.045977 0.091954 0.103448 0.206897 0.264368 0.183908 0.0229885 0.045977 0.0114943 0 0 0 0 

2624 2601 1877 84 0 0.307574 0 0 0 0 0 0 0 0 0 0 0 0 0 0 0 0 0 0 0.0123457 0 0.0246914 0.111111 0.209877 0.246914 0.209877 0.148148 0.0246914 0.0123457 0 0 0 0 0 

2560 2536 1841 84 0 0.315457 0 0 0 0 0 0 0 0 0 0 0 0 0 0 0 0 0 0 0 0 0.0253165 0.0759494 0.21519 0.227848 0.278481 0.164557 0.0126582 0 0 0 0 0 0 

2880 2859 2060 84 0 0.279818 0 0 0 0 0 0 0 0 0 0 0 0 0 0 0 0 0 0 0 0.011236 0.0674157 0.101124 0.235955 0.179775 0.191011 0.134831 0.0674157 0.011236 0 0 0 0 0 

2624 2601 1884 84 0 0.307574 0 0 0 0 0 0 0 0 0 0 0 0 0 0 0 0 0 0 0.0123457 0.037037 0.0246914 0.111111 0.0864198 0.283951 0.234568 0.135802 0.0617284 0.0123457 0 0 0 0 0 

2560 2538 1858 84 0 0.315209 0 0 0 0 0 0 0 0 0 0 0 0 0 0 0 0 0 0 0 0.0126582 0.0126582 0.0886076 0.151899 0.240506 0.253165 0.177215 0.0506329 0.0126582 0 0 0 0 0 

2752 2724 1956 84 0 0.293686 0 0 0 0 0 0 0 0 0 0 0 0 0 0 0 0 0 0 0.0117647 0.0352941 0.0705882 0.0588235 0.141176 0.270588 0.188235 0.223529 0 0 0 0 0 0 0 

2624 2600 1912 84 0 0.307692 0 0 0 0 0 0 0 0 0 0 0 0 0 0 0 0 0 0 0 0.0246914 0.0246914 0.037037 0.160494 0.209877 0.283951 0.160494 0.0864198 0.0123457 0 0 0 0 0 

2560 2538 1823 84 0 0.315209 0 0 0 0 0 0 0 0 0 0 0 0 0 0 0 0 0.0126582 0 0 0.0253165 0.0379747 0.101266 0.126582 0.303797 0.240506 0.113924 0.0379747 0 0 0 0 0 0 

2624 2601 1917 84 0 0.307574 0 0 0 0 0 0 0 0 0 0 0 0 0 0 0 0 0 0 0 0.0246914 0.037037 0.0740741 0.0987654 0.222222 0.209877 0.209877 0.111111 0.0123457 0 0 0 0 0 

2560 2538 1849 84 0 0.315209 0 0 0 0 0 0 0 0 0 0 0 0 0 0 0 0 0 0 0.0126582 0 0.0126582 0.164557 0.139241 0.21519 0.164557 0.202532 0.0759494 0.0126582 0 0 0 0 0 

2560 2538 1842 84 0 0.315209 0 0 0 0 0 0 0 0 0 0 0 0 0 0 0 0 0 0 0 0.0126582 0.0506329 0.0632911 0.177215 0.316456 0.164557 0.113924 0.101266 0 0 0 0 0 0 

2624 2600 1904 84 0 0.307692 0 0 0 0 0 0 0 0 0 0 0 0 0 0 0 0 0 0 0.0123457 0.037037 0.037037 0.0617284 0.0987654 0.234568 0.222222 0.185185 0.0864198 0.0246914 0 0 0 0 0 

2624 2600 1923 84 0 0.307692 0 0 0 0 0 0 0 0 0 0 0 0 0 0 0 0 0 0 0 0 0.0493827 0.0987654 0.0740741 0.185185 0.246914 0.234568 0.0987654 0.0123457 0 0 0 0 0 

2560 2535 1858 84 0 0.315582 0 0 0 0 0 0 0 0 0 0 0 0 0 0 0 0 0 0 0 0.0126582 0.0506329 0.0632911 0.139241 0.265823 0.189873 0.139241 0.126582 0.0126582 0 0 0 0 0 

2880 2859 2083 84 0 0.279818 0 0 0 0 0 0 0 0 0 0 0 0 0 0 0 0 0 0 0 0.011236 0.0224719 0.11236 0.157303 0.247191 0.247191 0.123596 0.0337079 0.0449438 0 0 0 0 0 

2560 2538 1832 84 0 0.315209 0 0 0 0 0 0 0 0 0 0 0 0 0 0 0 0 0 0 0.0253165 0 0.0506329 0.101266 0.189873 0.202532 0.21519 0.139241 0.0632911 0.0126582 0 0 0 0 0 

2560 2536 1862 84 0 0.315457 0 0 0 0 0 0 0 0 0 0 0 0 0 0 0 0 0 0 0 0 0.0379747 0.139241 0.101266 0.164557 0.291139 0.164557 0.0759494 0.0126582 0.0126582 0 0 0 0 

2624 2600 1884 84 0 0.307692 0 0 0 0 0 0 0 0 0 0 0 0 0 0 0 0 0 0 0 0.0123457 0.0864198 0.0617284 0.17284 0.17284 0.283951 0.160494 0.037037 0.0123457 0 0 0 0 0 

2560 2538 1815 84 0 0.315209 0 0 0 0 0 0 0 0 0 0 0 0 0 0 0 0 0 0 0 0.0253165 0.0632911 0.0759494 0.240506 0.253165 0.177215 0.139241 0.0253165 0 0 0 0 0 0 

2560 2538 1839 84 0 0.315209 0 0 0 0 0 0 0 0 0 0 0 0 0 0 0 0 0 0.0126582 0 0.0126582 0.0632911 0.0886076 0.164557 0.189873 0.227848 0.139241 0.101266 0 0 0 0 0 0 

2560 2538 1831 84 0 0.315209 0 0 0 0 0 0 0 0 0 0 0 0 0 0 0 0 0 0 0 0.0126582 0.0253165 0.139241 0.189873 0.253165 0.164557 0.164557 0.0506329 0 0 0 0 0 0 

2624 2601 1906 84 0 0.307574 0 0 0 0 0 0 0 0 0 0 0 0 0 0 0 0 0 0 0.0123457 0 0.037037 0.0987654 0.0987654 0.259259 0.222222 0.160494 0.0987654 0.0123457 0 0 0 0 0 

2880 2866 2086 84 0 0.279135 0 0 0 0 0 0 0 0 0 0 0 0 0 0 0 0 0 0 0 0.011236 0.011236 0.11236 0.191011 0.269663 0.168539 0.157303 0.0674157 0.011236 0 0 0 0 0 

2752 2722 1970 84 0 0.293902 0 0 0 0 0 0 0 0 0 0 0 0 0 0 0 0 0 0 0 0.0117647 0.0470588 0.0823529 0.176471 0.282353 0.211765 0.117647 0.0470588 0.0235294 0 0 0 0 0 

2560 2536 1837 84 0 0.315457 0 0 0 0 0 0 0 0 0 0 0 0 0 0 0 0 0 0 0 0.0126582 0.0506329 0.164557 0.126582 0.177215 0.21519 0.177215 0.0632911 0.0126582 0 0 0 0 0 

2624 2600 1877 84 0 0.307692 0 0 0 0 0 0 0 0 0 0 0 0 0 0 0 0 0 0 0.0246914 0.0123457 0.0246914 0.135802 0.197531 0.222222 0.135802 0.123457 0.0864198 0.037037 0 0 0 0 0 

2624 2601 1875 84 0 0.307574 0 0 0 0 0 0 0 0 0 0 0 0 0 0 0 0 0 0.0123457 0 0.0246914 0.0493827 0.0493827 0.209877 0.246914 0.197531 0.17284 0.0246914 0.0123457 0 0 0 0 0 

2624 2601 1911 84 0 0.307574 0 0 0 0 0 0 0 0 0 0 0 0 0 0 0 0 0 0 0 0 0.0617284 0.037037 0.160494 0.234568 0.246914 0.135802 0.111111 0.0123457 0 0 0 0 0 

2624 2601 1871 84 0 0.307574 0 0 0 0 0 0 0 0 0 0 0 0 0 0 0 0 0 0 0.0246914 0 0.0493827 0.0740741 0.259259 0.17284 0.197531 0.197531 0.0246914 0 0 0 0 0 0 

2496 2479 1807 84 0 0.322711 0 0 0 0 0 0 0 0 0 0 0 0 0 0 0 0 0 0 0 0 0.025974 0.116883 0.207792 0.155844 0.272727 0.155844 0.0519481 0.012987 0 0 0 0 0 

2560 2538 1865 84 0 0.315209 0 0 0 0 0 0 0 0 0 0 0 0 0 0 0 0 0 0 0.0253165 0.0253165 0.0253165 0.0632911 0.0759494 0.177215 0.367089 0.113924 0.113924 0.0126582 0 0 0 0 0 

2560 2538 1828 84 0 0.315209 0 0 0 0 0 0 0 0 0 0 0 0 0 0 0 0 0 0 0 0.0126582 0.0632911 0.139241 0.139241 0.227848 0.240506 0.113924 0.0506329 0.0126582 0 0 0 0 0 

2624 2601 1917 84 0 0.307574 0 0 0 0 0 0 0 0 0 0 0 0 0 0 0 0 0 0 0.0123457 0.0123457 0.0493827 0.0740741 0.111111 0.17284 0.185185 0.283951 0.0864198 0 0.0123457 0 0 0 0 

2752 2725 1985 84 0 0.293578 0 0 0 0 0 0 0 0 0 0 0 0 0 0 0 0 0 0 0.0117647 0 0.0235294 0.105882 0.152941 0.235294 0.223529 0.176471 0.0705882 0 0 0 0 0 0 

2624 2600 1868 84 0 0.307692 0 0 0 0 0 0 0 0 0 0 0 0 0 0 0 0 0.0123457 0 0.0123457 0.037037 0.037037 0.111111 0.17284 0.185185 0.209877 0.135802 0.0617284 0.0246914 0 0 0 0 0 

2752 2724 1989 84 0 0.293686 0 0 0 0 0 0 0 0 0 0 0 0 0 0 0 0 0 0 0 0.0352941 0.0117647 0.117647 0.117647 0.211765 0.258824 0.129412 0.105882 0.0117647 0 0 0 0 0 

2560 2536 1853 84 0 0.315457 0 0 0 0 0 0 0 0 0 0 0 0 0 0 0 0 0 0 0.0126582 0.0379747 0.0253165 0.101266 0.101266 0.177215 0.265823 0.164557 0.101266 0.0126582 0 0 0 0 0 

2624 2601 1874 84 0 0.307574 0 0 0 0 0 0 0 0 0 0 0 0 0 0 0 0 0 0 0.037037 0.0123457 0.037037 0.123457 0.160494 0.222222 0.185185 0.123457 0.0617284 0.0246914 0.0123457 0 0 0 0 

2752 2725 1953 84 0 0.293578 0 0 0 0 0 0 0 0 0 0 0 0 0 0 0 0 0 0 0 0 0.0823529 0.129412 0.141176 0.235294 0.294118 0.0941176 0.0117647 0.0117647 0 0 0 0 0 

2560 2538 1816 84 0 0.315209 0 0 0 0 0 0 0 0 0 0 0 0 0 0 0 0 0 0.0126582 0.0126582 0.0126582 0.0632911 0.126582 0.177215 0.21519 0.177215 0.139241 0.0379747 0.0253165 0 0 0 0 0 

2624 2601 1914 84 0 0.307574 0 0 0 0 0 0 0 0 0 0 0 0 0 0 0 0 0 0 0 0 0.0617284 0.0740741 0.135802 0.185185 0.296296 0.123457 0.0493827 0.0740741 0 0 0 0 0 

2624 2600 1900 84 0 0.307692 0 0 0 0 0 0 0 0 0 0 0 0 0 0 0 0 0 0.0123457 0 0 0.0246914 0.0246914 0.123457 0.358025 0.259259 0.17284 0.0246914 0 0 0 0 0 0 

2752 2724 2004 84 0 0.293686 0 0 0 0 0 0 0 0 0 0 0 0 0 0 0 0 0 0 0 0.0117647 0.0117647 0.0705882 0.141176 0.294118 0.176471 0.188235 0.0823529 0.0235294 0 0 0 0 0 

2816 2792 2036 84 0 0.286533 0 0 0 0 0 0 0 0 0 0 0 0 0 0 0 0 0 0 0.0114943 0 0.045977 0.0804598 0.183908 0.218391 0.218391 0.114943 0.103448 0.0229885 0 0 0 0 0 

2752 2725 1971 84 0 0.293578 0 0 0 0 0 0 0 0 0 0 0 0 0 0 0 0 0.0117647 0 0 0.0117647 0.0588235 0.0941176 0.152941 0.188235 0.282353 0.117647 0.0705882 0.0117647 0 0 0 0 0 

2752 2725 1959 84 0 0.293578 0 0 0 0 0 0 0 0 0 0 0 0 0 0 0 0 0 0 0 0.0117647 0.105882 0.0705882 0.152941 0.258824 0.235294 0.0941176 0.0588235 0.0117647 0 0 0 0 0 

2560 2538 1869 84 0 0.315209 0 0 0 0 0 0 0 0 0 0 0 0 0 0 0 0 0 0 0 0.0126582 0.0379747 0.0506329 0.202532 0.177215 0.240506 0.101266 0.151899 0.0253165 0 0 0 0 0 

2624 2601 1881 84 0 0.307574 0 0 0 0 0 0 0 0 0 0 0 0 0 0 0 0 0 0.0123457 0 0.0246914 0.037037 0.0864198 0.160494 0.222222 0.246914 0.160494 0.037037 0.0123457 0 0 0 0 0 

2560 2538 1834 84 0 0.315209 0 0 0 0 0 0 0 0 0 0 0 0 0 0 0 0 0 0.0126582 0 0.0506329 0.0506329 0.0886076 0.101266 0.240506 0.21519 0.177215 0.0253165 0.0379747 0 0 0 0 0 

2624 2600 1880 84 0 0.307692 0 0 0 0 0 0 0 0 0 0 0 0 0 0 0 0 0 0 0 0.037037 0.0123457 0.0987654 0.222222 0.222222 0.197531 0.123457 0.0740741 0.0123457 0 0 0 0 0 

2816 2792 2045 84 0 0.286533 0 0 0 0 0 0 0 0 0 0 0 0 0 0 0 0 0 0 0 0.0114943 0.0344828 0.0804598 0.126437 0.298851 0.172414 0.16092 0.103448 0.0114943 0 0 0 0 0 

2560 2536 1856 84 0 0.315457 0 0 0 0 0 0 0 0 0 0 0 0 0 0 0 0 0 0 0.0253165 0 0.0253165 0.0632911 0.126582 0.303797 0.202532 0.139241 0.0886076 0.0253165 0 0 0 0 0 

2624 2601 1904 84 0 0.307574 0 0 0 0 0 0 0 0 0 0 0 0 0 0 0 0 0 0 0 0.0123457 0.0246914 0.0740741 0.123457 0.333333 0.17284 0.17284 0.0740741 0.0123457 0 0 0 0 0 

2560 2538 1873 84 0 0.315209 0 0 0 0 0 0 0 0 0 0 0 0 0 0 0 0 0 0 0.0126582 0 0.0253165 0.0506329 0.139241 0.189873 0.291139 0.202532 0.0886076 0 0 0 0 0 0 

2560 2538 1852 84 0 0.315209 0 0 0 0 0 0 0 0 0 0 0 0 0 0 0 0 0 0 0.0126582 0 0.0126582 0.139241 0.139241 0.240506 0.227848 0.101266 0.101266 0.0253165 0 0 0 0 0 

2624 2601 1869 84 0 0.307574 0 0 0 0 0 0 0 0 0 0 0 0 0 0 0 0 0 0.0246914 0 0.0246914 0.0246914 0.135802 0.185185 0.209877 0.17284 0.135802 0.0493827 0.037037 0 0 0 0 0 

2624 2601 1901 84 0 0.307574 0 0 0 0 0 0 0 0 0 0 0 0 0 0 0 0 0 0 0 0.0493827 0.0123457 0.037037 0.160494 0.259259 0.259259 0.123457 0.0740741 0.0246914 0 0 0 0 0 

2560 2538 1867 84 0 0.315209 0 0 0 0 0 0 0 0 0 0 0 0 0 0 0 0 0 0 0.0253165 0 0.0253165 0.0632911 0.113924 0.329114 0.151899 0.126582 0.113924 0.0506329 0 0 0 0 0 

2880 2866 2096 84 0 0.279135 0 0 0 0 0 0 0 0 0 0 0 0 0 0 0 0 0 0 0 0.011236 0.0224719 0.0786517 0.191011 0.224719 0.202247 0.224719 0.0224719 0.0224719 0 0 0 0 0 

2752 2723 1968 84 0 0.293794 0 0 0 0 0 0 0 0 0 0 0 0 0 0 0 0 0 0 0.0117647 0.0235294 0.0470588 0.0823529 0.188235 0.176471 0.258824 0.141176 0.0588235 0.0117647 0 0 0 0 0 

2560 2538 1832 84 0 0.315209 0 0 0 0 0 0 0 0 0 0 0 0 0 0 0 0 0 0 0 0 0.0759494 0.164557 0.151899 0.139241 0.265823 0.139241 0.0253165 0.0379747 0 0 0 0 0 

2624 2600 1891 84 0 0.307692 0 0 0 0 0 0 0 0 0 0 0 0 0 0 0 0 0 0 0 0.0123457 0.0493827 0.135802 0.123457 0.197531 0.222222 0.185185 0.0617284 0 0.0123457 0 0 0 0 

2624 2600 1873 84 0 0.307692 0 0 0 0 0 0 0 0 0 0 0 0 0 0 0 0 0 0 0.0246914 0 0.0617284 0.123457 0.17284 0.209877 0.209877 0.0864198 0.0864198 0.0123457 0.0123457 0 0 0 0 

2624 2600 1893 84 0 0.307692 0 0 0 0 0 0 0 0 0 0 0 0 0 0 0 0 0 0 0 0 0.0246914 0.0987654 0.185185 0.234568 0.246914 0.148148 0.0617284 0 0 0 0 0 0 

2560 2538 1831 84 0 0.315209 0 0 0 0 0 0 0 0 0 0 0 0 0 0 0 0 0 0 0 0.0253165 0.0379747 0.0886076 0.177215 0.278481 0.227848 0.101266 0.0632911 0 0 0 0 0 0 

2752 2722 1989 84 0 0.293902 0 0 0 0 0 0 0 0 0 0 0 0 0 0 0 0 0 0 0 0 0.0235294 0.0823529 0.164706 0.258824 0.235294 0.176471 0.0470588 0.0117647 0 0 0 0 0 

2752 2725 1981 84 0 0.293578 0 0 0 0 0 0 0 0 0 0 0 0 0 0 0 0 0 0 0 0 0.0352941 0.117647 0.176471 0.188235 0.282353 0.129412 0.0588235 0.0117647 0 0 0 0 0 

2752 2725 1967 84 0 0.293578 0 0 0 0 0 0 0 0 0 0 0 0 0 0 0 0 0 0 0.0117647 0.0235294 0.0588235 0.0941176 0.211765 0.141176 0.223529 0.152941 0.0470588 0.0352941 0 0 0 0 0 

2624 2601 1920 84 0 0.307574 0 0 0 0 0 0 0 0 0 0 0 0 0 0 0 0 0 0 0.0123457 0.0123457 0.0123457 0.037037 0.148148 0.246914 0.209877 0.222222 0.0864198 0.0123457 0 0 0 0 0 

2624 2600 1894 84 0 0.307692 0 0 0 0 0 0 0 0 0 0 0 0 0 0 0 0 0 0 0.0123457 0.0493827 0.0246914 0.0864198 0.123457 0.185185 0.234568 0.185185 0.0864198 0.0123457 0 0 0 0 0 

2752 2724 2005 84 0 0.293686 0 0 0 0 0 0 0 0 0 0 0 0 0 0 0 0 0 0 0 0 0.0235294 0.0941176 0.141176 0.235294 0.223529 0.164706 0.0823529 0.0352941 0 0 0 0 0 

2624 2599 1871 84 0 0.307811 0 0 0 0 0 0 0 0 0 0 0 0 0 0 0 0 0 0 0.0123457 0.0123457 0.0864198 0.0864198 0.123457 0.246914 0.222222 0.17284 0.037037 0 0 0 0 0 0 

2752 2725 1969 84 0 0.293578 0 0 0 0 0 0 0 0 0 0 0 0 0 0 0 0 0 0.0117647 0 0.0117647 0.0352941 0.117647 0.117647 0.2 0.352941 0.129412 0.0235294 0 0 0 0 0 0 

2624 2601 1860 84 0 0.307574 0 0 0 0 0 0 0 0 0 0 0 0 0 0 0 0 0 0 0.0123457 0.037037 0.0123457 0.148148 0.135802 0.283951 0.234568 0.111111 0.0246914 0 0 0 0 0 0 

2560 2538 1843 84 0 0.315209 0 0 0 0 0 0 0 0 0 0 0 0 0 0 0 0 0 0 0 0.0126582 0.0379747 0.0759494 0.227848 0.164557 0.278481 0.139241 0.0632911 0 0 0 0 0 0 

2752 2725 2008 84 0 0.293578 0 0 0 0 0 0 0 0 0 0 0 0 0 0 0 0 0 0 0 0.0117647 0.0117647 0.0588235 0.164706 0.235294 0.211765 0.247059 0.0352941 0 0.0235294 0 0 0 0 

2624 2601 1893 84 0 0.307574 0 0 0 0 0 0 0 0 0 0 0 0 0 0 0 0 0 0 0 0 0.0246914 0.135802 0.17284 0.209877 0.185185 0.222222 0.0493827 0 0 0 0 0 0 

2816 2788 2014 84 0 0.286944 0 0 0 0 0 0 0 0 0 0 0 0 0 0 0 0 0 0.0114943 0 0.0344828 0.0344828 0.091954 0.206897 0.172414 0.241379 0.091954 0.0804598 0.0344828 0 0 0 0 0 

2752 2722 1975 84 0 0.293902 0 0 0 0 0 0 0 0 0 0 0 0 0 0 0 0 0 0.0117647 0.0117647 0.0117647 0.0352941 0.129412 0.117647 0.2 0.235294 0.129412 0.0941176 0.0235294 0 0 0 0 0 

2624 2601 1888 84 0 0.307574 0 0 0 0 0 0 0 0 0 0 0 0 0 0 0 0 0 0 0 0 0.0740741 0.0987654 0.17284 0.17284 0.246914 0.17284 0.0493827 0.0123457 0 0 0 0 0 

2752 2724 1955 84 0 0.293686 0 0 0 0 0 0 0 0 0 0 0 0 0 0 0 0 0 0.0117647 0 0.0470588 0.0705882 0.105882 0.141176 0.188235 0.176471 0.176471 0.0823529 0 0 0 0 0 0 

2560 2538 1853 84 0 0.315209 0 0 0 0 0 0 0 0 0 0 0 0 0 0 0 0 0 0 0 0.0379747 0.0632911 0.0886076 0.139241 0.151899 0.21519 0.164557 0.113924 0.0253165 0 0 0 0 0 

2624 2600 1891 84 0 0.307692 0 0 0 0 0 0 0 0 0 0 0 0 0 0 0 0 0 0.0123457 0.0246914 0.0123457 0.0617284 0.0617284 0.160494 0.123457 0.246914 0.209877 0.0493827 0.037037 0 0 0 0 0 

2624 2601 1889 84 0 0.307574 0 0 0 0 0 0 0 0 0 0 0 0 0 0 0 0 0 0 0 0 0.037037 0.0864198 0.197531 0.283951 0.185185 0.135802 0.0617284 0.0123457 0 0 0 0 0 

2880 2859 2063 84 0 0.279818 0 0 0 0 0 0 0 0 0 0 0 0 0 0 0 0 0 0 0 0.0224719 0.0449438 0.101124 0.213483 0.213483 0.191011 0.146067 0.0561798 0.011236 0 0 0 0 0 

2560 2535 1856 84 0 0.315582 0 0 0 0 0 0 0 0 0 0 0 0 0 0 0 0 0 0 0.0126582 0.0126582 0.0126582 0.113924 0.113924 0.240506 0.227848 0.164557 0.0759494 0.0126582 0.0126582 0 0 0 0 

2816 2792 2034 84 0 0.286533 0 0 0 0 0 0 0 0 0 0 0 0 0 0 0 0 0 0 0 0.0229885 0.0344828 0.137931 0.0804598 0.275862 0.218391 0.126437 0.045977 0.0574713 0 0 0 0 0 

2816 2788 2048 84 0 0.286944 0 0 0 0 0 0 0 0 0 0 0 0 0 0 0 0 0 0 0.0114943 0 0.0689655 0.0689655 0.137931 0.172414 0.241379 0.16092 0.0804598 0.0574713 0 0 0 0 0 

2880 2866 2080 84 0 0.279135 0 0 0 0 0 0 0 0 0 0 0 0 0 0 0 0 0 0.0224719 0 0.011236 0.0337079 0.0561798 0.235955 0.224719 0.146067 0.179775 0.0674157 0.0224719 0 0 0 0 0 

2816 2788 2025 84 0 0.286944 0 0 0 0 0 0 0 0 0 0 0 0 0 0 0 0 0 0 0 0 0.0574713 0.114943 0.137931 0.206897 0.310345 0.0804598 0.0689655 0.0229885 0 0 0 0 0 

2624 2601 1886 84 0 0.307574 0 0 0 0 0 0 0 0 0 0 0 0 0 0 0 0 0 0 0.0123457 0.0246914 0.0246914 0.0864198 0.185185 0.246914 0.197531 0.123457 0.0740741 0.0246914 0 0 0 0 0 

2624 2601 1895 84 0 0.307574 0 0 0 0 0 0 0 0 0 0 0 0 0 0 0 0 0 0 0.0123457 0.0123457 0.0246914 0.0864198 0.135802 0.259259 0.246914 0.135802 0.0864198 0 0 0 0 0 0 

2624 2601 1874 84 0 0.307574 0 0 0 0 0 0 0 0 0 0 0 0 0 0 0 0 0 0 0 0.0123457 0.0493827 0.0864198 0.185185 0.271605 0.222222 0.160494 0.0123457 0 0 0 0 0 0 

2560 2538 1851 84 0 0.315209 0 0 0 0 0 0 0 0 0 0 0 0 0 0 0 0 0 0 0.0126582 0 0.0759494 0.101266 0.0886076 0.240506 0.240506 0.139241 0.0379747 0.0632911 0 0 0 0 0 

2624 2601 1861 84 0 0.307574 0 0 0 0 0 0 0 0 0 0 0 0 0 0 0 0 0 0 0 0.037037 0.0864198 0.111111 0.123457 0.271605 0.185185 0.123457 0.0617284 0 0 0 0 0 0 

2752 2724 1966 84 0 0.293686 0 0 0 0 0 0 0 0 0 0 0 0 0 0 0 0 0 0 0 0.0470588 0.0352941 0.0823529 0.152941 0.294118 0.152941 0.176471 0.0470588 0.0117647 0 0 0 0 0 

2816 2788 2022 84 0 0.286944 0 0 0 0 0 0 0 0 0 0 0 0 0 0 0 0 0 0 0 0.0114943 0.0229885 0.091954 0.183908 0.264368 0.218391 0.172414 0.0229885 0.0114943 0 0 0 0 0 

2624 2601 1888 84 0 0.307574 0 0 0 0 0 0 0 0 0 0 0 0 0 0 0 0 0 0 0.0246914 0 0.0864198 0.0740741 0.111111 0.197531 0.259259 0.160494 0.0864198 0 0 0 0 0 0 

2560 2538 1835 84 0 0.315209 0 0 0 0 0 0 0 0 0 0 0 0 0 0 0 0 0 0 0 0.0126582 0.101266 0.0886076 0.139241 0.189873 0.227848 0.177215 0.0632911 0 0 0 0 0 0 

2816 2792 2054 84 0 0.286533 0 0 0 0 0 0 0 0 0 0 0 0 0 0 0 0 0 0 0 0.0229885 0.045977 0.0229885 0.126437 0.229885 0.298851 0.137931 0.114943 0 0 0 0 0 0 

2880 2864 2097 84 0 0.27933 0 0 0 0 0 0 0 0 0 0 0 0 0 0 0 0 0 0 0.011236 0.0224719 0.0337079 0.0786517 0.157303 0.179775 0.247191 0.146067 0.0898876 0.0337079 0 0 0 0 0 

2624 2601 1891 84 0 0.307574 0 0 0 0 0 0 0 0 0 0 0 0 0 0 0 0 0 0.0123457 0 0.0123457 0.0123457 0.037037 0.246914 0.271605 0.209877 0.111111 0.0617284 0.0246914 0 0 0 0 0 

2752 2724 1963 84 0 0.293686 0 0 0 0 0 0 0 0 0 0 0 0 0 0 0 0 0 0 0.0235294 0.0117647 0.0470588 0.117647 0.2 0.152941 0.176471 0.2 0.0705882 0 0 0 0 0 0 

2880 2859 2065 84 0 0.279818 0 0 0 0 0 0 0 0 0 0 0 0 0 0 0 0 0 0 0.011236 0.011236 0.0337079 0.0674157 0.258427 0.247191 0.168539 0.11236 0.0786517 0.011236 0 0 0 0 0 

2560 2538 1832 84 0 0.315209 0 0 0 0 0 0 0 0 0 0 0 0 0 0 0 0 0 0 0 0 0.0379747 0.113924 0.177215 0.291139 0.21519 0.126582 0.0379747 0 0 0 0 0 0 

2624 2599 1844 84 0 0.307811 0 0 0 0 0 0 0 0 0 0 0 0 0 0 0 0 0 0.0123457 0 0.0493827 0.0617284 0.0740741 0.197531 0.296296 0.17284 0.0987654 0.037037 0 0 0 0 0 0 

2624 2601 1890 84 0 0.307574 0 0 0 0 0 0 0 0 0 0 0 0 0 0 0 0 0 0 0 0.0246914 0.0246914 0.0987654 0.0987654 0.308642 0.259259 0.135802 0.037037 0.0123457 0 0 0 0 0 

2624 2601 1876 84 0 0.307574 0 0 0 0 0 0 0 0 0 0 0 0 0 0 0 0 0 0 0 0.0123457 0.0617284 0.0987654 0.17284 0.283951 0.17284 0.135802 0.0493827 0 0.0123457 0 0 0 0 

2752 2725 1969 84 0 0.293578 0 0 0 0 0 0 0 0 0 0 0 0 0 0 0 0 0 0 0 0.0235294 0.0352941 0.0941176 0.211765 0.247059 0.188235 0.105882 0.0705882 0.0235294 0 0 0 0 0 

2752 2725 1944 84 0 0.293578 0 0 0 0 0 0 0 0 0 0 0 0 0 0 0 0 0 0.0117647 0.0117647 0.0352941 0.0588235 0.152941 0.0941176 0.188235 0.282353 0.117647 0.0470588 0 0 0 0 0 0 

2624 2601 1884 84 0 0.307574 0 0 0 0 0 0 0 0 0 0 0 0 0 0 0 0 0 0 0 0.0246914 0.037037 0.111111 0.197531 0.160494 0.259259 0.135802 0.0493827 0.0246914 0 0 0 0 0 

2752 2724 2002 84 0 0.293686 0 0 0 0 0 0 0 0 0 0 0 0 0 0 0 0 0 0 0 0 0.0470588 0.0941176 0.164706 0.164706 0.223529 0.164706 0.117647 0.0235294 0 0 0 0 0 

2560 2538 1857 84 0 0.315209 0 0 0 0 0 0 0 0 0 0 0 0 0 0 0 0 0 0 0 0.0126582 0.0126582 0.139241 0.151899 0.164557 0.240506 0.189873 0.0759494 0.0126582 0 0 0 0 0 

2624 2601 1875 84 0 0.307574 0 0 0 0 0 0 0 0 0 0 0 0 0 0 0 0 0 0 0 0.0493827 0.037037 0.0987654 0.148148 0.271605 0.185185 0.135802 0.0617284 0.0123457 0 0 0 0 0 

2816 2788 2016 84 0 0.286944 0 0 0 0 0 0 0 0 0 0 0 0 0 0 0 0 0 0 0 0.0114943 0.0344828 0.126437 0.183908 0.218391 0.241379 0.114943 0.045977 0.0114943 0.0114943 0 0 0 0 

2624 2601 1888 84 0 0.307574 0 0 0 0 0 0 0 0 0 0 0 0 0 0 0 0 0 0 0 0.0123457 0.0123457 0.135802 0.160494 0.283951 0.17284 0.135802 0.0740741 0.0123457 0 0 0 0 0 

2752 2725 1969 84 0 0.293578 0 0 0 0 0 0 0 0 0 0 0 0 0 0 0 0 0 0 0.0117647 0.0117647 0.0588235 0.0705882 0.152941 0.317647 0.141176 0.164706 0.0705882 0 0 0 0 0 0 

2624 2601 1884 84 0 0.307574 0 0 0 0 0 0 0 0 0 0 0 0 0 0 0 0 0 0 0 0.0123457 0.0864198 0.0740741 0.185185 0.209877 0.185185 0.160494 0.0740741 0 0.0123457 0 0 0 0 

2624 2600 1878 84 0 0.307692 0 0 0 0 0 0 0 0 0 0 0 0 0 0 0 0 0 0 0.0123457 0 0.0493827 0.0740741 0.197531 0.259259 0.209877 0.160494 0.037037 0 0 0 0 0 0 

2624 2601 1897 84 0 0.307574 0 0 0 0 0 0 0 0 0 0 0 0 0 0 0 0 0 0 0 0 0.037037 0.0740741 0.185185 0.259259 0.209877 0.160494 0.0740741 0 0 0 0 0 0 

2560 2538 1828 84 0 0.315209 0 0 0 0 0 0 0 0 0 0 0 0 0 0 0 0 0 0.0126582 0.0126582 0 0.0506329 0.0759494 0.240506 0.177215 0.240506 0.139241 0.0253165 0.0253165 0 0 0 0 0 

2560 2536 1823 84 0 0.315457 0 0 0 0 0 0 0 0 0 0 0 0 0 0 0 0 0 0 0 0.0379747 0.0886076 0.0506329 0.21519 0.189873 0.202532 0.139241 0.0759494 0 0 0 0 0 0 

2560 2534 1858 84 0 0.315706 0 0 0 0 0 0 0 0 0 0 0 0 0 0 0 0 0 0 0.0126582 0.0253165 0.0253165 0.101266 0.0886076 0.227848 0.189873 0.202532 0.126582 0 0 0 0 0 0 

2624 2600 1885 84 0 0.307692 0 0 0 0 0 0 0 0 0 0 0 0 0 0 0 0 0 0 0.0123457 0 0.0246914 0.0864198 0.234568 0.197531 0.259259 0.123457 0.037037 0.0246914 0 0 0 0 0 

2560 2538 1817 84 0 0.315209 0 0 0 0 0 0 0 0 0 0 0 0 0 0 0 0 0 0.0126582 0 0.0253165 0.0506329 0.151899 0.151899 0.227848 0.164557 0.164557 0.0379747 0.0126582 0 0 0 0 0 

2560 2536 1860 84 0 0.315457 0 0 0 0 0 0 0 0 0 0 0 0 0 0 0 0 0 0 0 0.0126582 0.0632911 0.0759494 0.151899 0.189873 0.202532 0.177215 0.0759494 0.0506329 0 0 0 0 0 

2496 2479 1802 84 0 0.322711 0 0 0 0 0 0 0 0 0 0 0 0 0 0 0 0.012987 0 0 0.025974 0.012987 0.038961 0.0519481 0.0909091 0.337662 0.181818 0.12987 0.103896 0.012987 0 0 0 0 0 

2560 2538 1849 84 0 0.315209 0 0 0 0 0 0 0 0 0 0 0 0 0 0 0 0 0 0.0126582 0 0.0126582 0.0506329 0.0886076 0.126582 0.21519 0.240506 0.164557 0.0632911 0.0253165 0 0 0 0 0 

2624 2597 1887 84 0 0.308048 0 0 0 0 0 0 0 0 0 0 0 0 0 0 0 0 0 0 0.0123457 0.0246914 0.037037 0.0987654 0.135802 0.197531 0.259259 0.148148 0.0617284 0.0246914 0 0 0 0 0 

2560 2538 1857 84 0 0.315209 0 0 0 0 0 0 0 0 0 0 0 0 0 0 0 0 0 0 0 0.0253165 0.0379747 0.0632911 0.113924 0.278481 0.253165 0.113924 0.101266 0.0126582 0 0 0 0 0 

2752 2724 1955 84 0 0.293686 0 0 0 0 0 0 0 0 0 0 0 0 0 0 0 0 0 0 0.0117647 0.0235294 0.0470588 0.141176 0.152941 0.223529 0.2 0.129412 0.0588235 0.0117647 0 0 0 0 0 

2560 2538 1834 84 0 0.315209 0 0 0 0 0 0 0 0 0 0 0 0 0 0 0 0 0.0126582 0.0126582 0.0126582 0.0126582 0.0253165 0.0886076 0.151899 0.227848 0.265823 0.113924 0.0253165 0.0506329 0 0 0 0 0 

2624 2601 1877 84 0 0.307574 0 0 0 0 0 0 0 0 0 0 0 0 0 0 0 0 0 0.0123457 0.037037 0.0123457 0.0246914 0.111111 0.160494 0.185185 0.209877 0.148148 0.0864198 0 0.0123457 0 0 0 0 

2624 2599 1878 84 0 0.307811 0 0 0 0 0 0 0 0 0 0 0 0 0 0 0 0 0 0 0 0.0123457 0.0740741 0.0987654 0.222222 0.160494 0.197531 0.111111 0.123457 0 0 0 0 0 0 

2816 2792 2017 84 0 0.286533 0 0 0 0 0 0 0 0 0 0 0 0 0 0 0 0 0 0 0.0114943 0.045977 0.0689655 0.045977 0.16092 0.195402 0.252874 0.137931 0.0574713 0.0229885 0 0 0 0 0 

2560 2536 1847 84 0 0.315457 0 0 0 0 0 0 0 0 0 0 0 0 0 0 0 0 0 0 0 0.0253165 0.0506329 0.0632911 0.139241 0.21519 0.278481 0.164557 0.0632911 0 0 0 0 0 0 

2816 2792 2025 84 0 0.286533 0 0 0 0 0 0 0 0 0 0 0 0 0 0 0 0 0 0 0.0114943 0.0344828 0.0229885 0.0689655 0.16092 0.252874 0.241379 0.114943 0.091954 0 0 0 0 0 0 

2880 2866 2079 84 0 0.279135 0 0 0 0 0 0 0 0 0 0 0 0 0 0 0 0 0 0 0 0.011236 0.0224719 0.157303 0.123596 0.292135 0.168539 0.146067 0.0674157 0.011236 0 0 0 0 0 

2752 2725 1980 84 0 0.293578 0 0 0 0 0 0 0 0 0 0 0 0 0 0 0 0 0 0 0 0.0117647 0.0235294 0.117647 0.152941 0.235294 0.235294 0.176471 0.0352941 0.0117647 0 0 0 0 0 

2624 2600 1881 84 0 0.307692 0 0 0 0 0 0 0 0 0 0 0 0 0 0 0 0 0 0 0 0.0123457 0.0493827 0.148148 0.160494 0.185185 0.222222 0.135802 0.0617284 0.0246914 0 0 0 0 0 

2560 2538 1844 84 0 0.315209 0 0 0 0 0 0 0 0 0 0 0 0 0 0 0 0 0 0 0 0 0.0379747 0.0759494 0.177215 0.278481 0.240506 0.164557 0.0126582 0.0126582 0 0 0 0 0 

2624 2601 1907 84 0 0.307574 0 0 0 0 0 0 0 0 0 0 0 0 0 0 0 0 0 0 0 0.0123457 0.037037 0.0493827 0.197531 0.197531 0.197531 0.234568 0.0740741 0 0 0 0 0 0 

2816 2792 2017 84 0 0.286533 0 0 0 0 0 0 0 0 0 0 0 0 0 0 0 0 0 0 0.0229885 0.0114943 0.091954 0.0804598 0.126437 0.16092 0.252874 0.206897 0.0344828 0.0114943 0 0 0 0 0 

2624 2601 1872 84 0 0.307574 0 0 0 0 0 0 0 0 0 0 0 0 0 0 0 0 0 0 0.0123457 0 0.0493827 0.123457 0.209877 0.234568 0.209877 0.0493827 0.0987654 0 0.0123457 0 0 0 0 

2752 2724 1970 84 0 0.293686 0 0 0 0 0 0 0 0 0 0 0 0 0 0 0 0 0.0117647 0 0.0117647 0.0117647 0.0470588 0.0470588 0.2 0.223529 0.176471 0.247059 0.0117647 0.0117647 0 0 0 0 0 

2624 2600 1878 84 0 0.307692 0 0 0 0 0 0 0 0 0 0 0 0 0 0 0 0 0 0 0.0123457 0.0123457 0.0493827 0.0740741 0.197531 0.209877 0.271605 0.123457 0.037037 0 0.0123457 0 0 0 0 

2560 2538 1865 84 0 0.315209 0 0 0 0 0 0 0 0 0 0 0 0 0 0 0 0 0 0 0 0.0126582 0.0379747 0.0506329 0.177215 0.21519 0.240506 0.151899 0.0759494 0.0379747 0 0 0 0 0 

2560 2538 1868 84 0 0.315209 0 0 0 0 0 0 0 0 0 0 0 0 0 0 0 0 0 0 0.0126582 0.0126582 0.0379747 0.0506329 0.113924 0.21519 0.253165 0.21519 0.0759494 0.0126582 0 0 0 0 0 

2624 2601 1922 84 0 0.307574 0 0 0 0 0 0 0 0 0 0 0 0 0 0 0 0 0 0 0.0123457 0.0123457 0.0123457 0.0740741 0.123457 0.234568 0.209877 0.197531 0.0617284 0.0617284 0 0 0 0 0 

2752 2725 2006 84 0 0.293578 0 0 0 0 0 0 0 0 0 0 0 0 0 0 0 0 0 0 0 0.0117647 0.0470588 0.0470588 0.176471 0.164706 0.258824 0.164706 0.105882 0.0235294 0 0 0 0 0 

2560 2538 1840 84 0 0.315209 0 0 0 0 0 0 0 0 0 0 0 0 0 0 0 0 0 0 0.0126582 0 0.0253165 0.126582 0.139241 0.278481 0.227848 0.126582 0.0379747 0.0253165 0 0 0 0 0 

2624 2601 1859 84 0 0.307574 0 0 0 0 0 0 0 0 0 0 0 0 0 0 0 0 0 0.0123457 0.0246914 0 0.0617284 0.0864198 0.209877 0.246914 0.17284 0.135802 0.037037 0.0123457 0 0 0 0 0 

2560 2538 1852 84 0 0.315209 0 0 0 0 0 0 0 0 0 0 0 0 0 0 0 0 0 0 0.0126582 0.0126582 0.0253165 0.139241 0.0759494 0.21519 0.227848 0.240506 0.0506329 0 0 0 0 0 0 

2752 2725 1993 84 0 0.293578 0 0 0 0 0 0 0 0 0 0 0 0 0 0 0 0 0 0 0 0 0.0823529 0.105882 0.0823529 0.188235 0.247059 0.223529 0.0470588 0.0235294 0 0 0 0 0 

2560 2538 1867 84 0 0.315209 0 0 0 0 0 0 0 0 0 0 0 0 0 0 0 0 0 0 0 0 0.0126582 0.113924 0.151899 0.240506 0.164557 0.189873 0.126582 0 0 0 0 0 0 

2624 2601 1897 84 0 0.307574 0 0 0 0 0 0 0 0 0 0 0 0 0 0 0 0 0 0 0.0123457 0.0123457 0.0246914 0.111111 0.0864198 0.271605 0.283951 0.0987654 0.0740741 0.0246914 0 0 0 0 0 

2624 2601 1889 84 0 0.307574 0 0 0 0 0 0 0 0 0 0 0 0 0 0 0 0 0 0 0 0.0123457 0.0246914 0.0864198 0.17284 0.234568 0.296296 0.135802 0.037037 0 0 0 0 0 0 

2624 2601 1896 84 0 0.307574 0 0 0 0 0 0 0 0 0 0 0 0 0 0 0 0 0 0 0 0.0246914 0.0617284 0.0617284 0.135802 0.135802 0.382716 0.148148 0.037037 0.0123457 0 0 0 0 0 

2752 2725 1966 84 0 0.293578 0 0 0 0 0 0 0 0 0 0 0 0 0 0 0 0 0.0117647 0 0 0.0470588 0.0470588 0.0588235 0.152941 0.152941 0.341176 0.152941 0.0352941 0 0 0 0 0 0 

2560 2538 1824 84 0 0.315209 0 0 0 0 0 0 0 0 0 0 0 0 0 0 0 0 0 0 0.0126582 0.0126582 0.0759494 0.101266 0.189873 0.151899 0.278481 0.126582 0.0379747 0.0126582 0 0 0 0 0 

2560 2536 1852 84 0 0.315457 0 0 0 0 0 0 0 0 0 0 0 0 0 0 0 0 0 0 0 0.0253165 0.0506329 0.0126582 0.139241 0.303797 0.253165 0.139241 0.0759494 0 0 0 0 0 0 

2624 2601 1899 84 0 0.307574 0 0 0 0 0 0 0 0 0 0 0 0 0 0 0 0 0 0 0 0 0.0987654 0.0493827 0.111111 0.209877 0.308642 0.17284 0.0123457 0.037037 0 0 0 0 0 

