640 618 444 56 0 0.582524 0 0 0 0 0 0 0 0 0 0 0 0 0 0 0 0 0 0 0 0.0526316 0 0 0.368421 0.315789 0.105263 0.157895 0 0 0 0 0 0 0 

544 529 390 56 0 0.680529 0 0 0 0 0 0 0 0 0 0 0 0 0 0 0 0 0 0 0.0625 0.0625 0 0 0.125 0.25 0.125 0.25 0.125 0 0 0 0 0 0 

608 589 430 56 0 0.611205 0 0 0 0 0 0 0 0 0 0 0 0 0 0 0 0 0 0 0 0 0 0.166667 0.111111 0.388889 0.166667 0.0555556 0.111111 0 0 0 0 0 0 

736 716 517 56 0 0.502793 0 0 0 0 0 0 0 0 0 0 0 0 0 0 0 0 0 0 0 0 0.0454545 0.136364 0.272727 0.181818 0.181818 0.0909091 0.0909091 0 0 0 0 0 0 

640 617 451 56 0 0.583468 0 0 0 0 0 0 0 0 0 0 0 0 0 0 0 0 0 0 0.0526316 0.0526316 0 0.105263 0.105263 0.157895 0.263158 0.0526316 0.157895 0.0526316 0 0 0 0 0 

800 778 550 56 0 0.462725 0 0 0 0 0 0 0 0 0 0 0 0 0 0 0 0 0 0.0833333 0 0.0416667 0 0.125 0.166667 0.166667 0.291667 0.0833333 0.0416667 0 0 0 0 0 0 

640 618 459 56 0 0.582524 0 0 0 0 0 0 0 0 0 0 0 0 0 0 0 0 0 0 0 0 0 0.0526316 0.157895 0.157895 0.421053 0.157895 0.0526316 0 0 0 0 0 0 

640 618 453 56 0 0.582524 0 0 0 0 0 0 0 0 0 0 0 0 0 0 0 0 0 0 0 0.0526316 0.0526316 0 0.105263 0.263158 0.315789 0.157895 0.0526316 0 0 0 0 0 0 

640 617 458 56 0 0.583468 0 0 0 0 0 0 0 0 0 0 0 0 0 0 0 0 0 0 0 0 0 0.0526316 0.105263 0.368421 0.210526 0.157895 0.105263 0 0 0 0 0 0 

736 716 519 56 0 0.502793 0 0 0 0 0 0 0 0 0 0 0 0 0 0 0 0 0 0 0 0.0909091 0 0 0.272727 0.227273 0.227273 0.136364 0 0.0454545 0 0 0 0 0 

