960 934 692 75 0 0.685225 0 0 0 0 0 0 0 0 0 0 0 0 0 0 0 0 0 0 0 0.0344828 0 0.0344828 0.206897 0.206897 0.103448 0.310345 0.0689655 0.0344828 0 0 0 0 0 

992 964 704 75 0 0.6639 0 0 0 0 0 0 0 0 0 0 0 0 0 0 0 0 0 0 0 0.0666667 0 0.1 0.166667 0.133333 0.3 0.0666667 0.133333 0.0333333 0 0 0 0 0 

992 963 706 75 0 0.66459 0 0 0 0 0 0 0 0 0 0 0 0 0 0 0 0 0 0 0 0 0.0333333 0.0666667 0.0666667 0.433333 0.2 0.0666667 0.133333 0 0 0 0 0 0 

992 969 693 75 0 0.660475 0 0 0 0 0 0 0 0 0 0 0 0 0 0 0 0 0 0.0333333 0 0.0333333 0.0666667 0.0666667 0.1 0.333333 0.166667 0.2 0 0 0 0 0 0 0 

992 966 700 75 0 0.662526 0 0 0 0 0 0 0 0 0 0 0 0 0 0 0 0 0 0 0.0333333 0 0.0666667 0.0333333 0.166667 0.2 0.3 0.166667 0.0333333 0 0 0 0 0 0 

960 931 677 75 0 0.687433 0 0 0 0 0 0 0 0 0 0 0 0 0 0 0 0 0 0 0 0 0.0344828 0.103448 0.137931 0.275862 0.310345 0.0689655 0.0344828 0.0344828 0 0 0 0 0 

992 972 691 75 0 0.658436 0 0 0 0 0 0 0 0 0 0 0 0 0 0 0 0.0333333 0 0.0333333 0 0.0333333 0.0333333 0.133333 0.0666667 0.266667 0.2 0.133333 0.0666667 0 0 0 0 0 0 

992 966 704 75 0 0.662526 0 0 0 0 0 0 0 0 0 0 0 0 0 0 0 0 0 0 0 0 0 0.1 0.233333 0.266667 0.166667 0.166667 0.0666667 0 0 0 0 0 0 

992 969 705 75 0 0.660475 0 0 0 0 0 0 0 0 0 0 0 0 0 0 0 0 0 0 0 0 0.0666667 0.0666667 0.233333 0.1 0.3 0.233333 0 0 0 0 0 0 0 

992 967 693 75 0 0.661841 0 0 0 0 0 0 0 0 0 0 0 0 0 0 0 0 0 0 0 0.0333333 0.0333333 0.133333 0.266667 0.2 0.1 0.166667 0.0666667 0 0 0 0 0 0 

