672 658 488 53 0 0.486322 0 0 0 0 0 0 0 0 0 0 0 0 0 0 0 0 0 0 0 0.05 0 0.05 0.2 0.15 0.25 0.15 0.15 0 0 0 0 0 0 

576 565 413 53 0 0.566372 0 0 0 0 0 0 0 0 0 0 0 0 0 0 0 0 0 0 0 0 0.117647 0.117647 0.117647 0.117647 0.294118 0.235294 0 0 0 0 0 0 0 

544 533 392 53 0 0.600375 0 0 0 0 0 0 0 0 0 0 0 0 0 0 0 0 0 0 0 0.0625 0.0625 0.125 0.0625 0.1875 0.1875 0.1875 0.125 0 0 0 0 0 0 

672 652 476 53 0 0.490798 0 0 0 0 0 0 0 0 0 0 0 0 0 0 0 0 0 0 0 0 0.05 0.05 0.3 0.15 0.25 0.15 0 0.05 0 0 0 0 0 

672 652 480 53 0 0.490798 0 0 0 0 0 0 0 0 0 0 0 0 0 0 0 0 0 0 0 0 0 0.05 0.25 0.2 0.35 0.05 0.1 0 0 0 0 0 0 

672 652 481 53 0 0.490798 0 0 0 0 0 0 0 0 0 0 0 0 0 0 0 0 0 0 0 0 0 0.1 0 0.4 0.35 0.15 0 0 0 0 0 0 0 

544 534 394 53 0 0.599251 0 0 0 0 0 0 0 0 0 0 0 0 0 0 0 0 0 0 0 0 0 0.0625 0.3125 0.1875 0.1875 0.25 0 0 0 0 0 0 0 

672 652 482 53 0 0.490798 0 0 0 0 0 0 0 0 0 0 0 0 0 0 0 0 0 0 0.05 0 0 0.1 0.05 0.25 0.25 0.2 0.05 0.05 0 0 0 0 0 

672 652 467 53 0 0.490798 0 0 0 0 0 0 0 0 0 0 0 0 0 0 0 0 0 0 0 0 0.15 0.1 0.25 0.2 0.1 0.05 0.15 0 0 0 0 0 0 

672 658 479 53 0 0.486322 0 0 0 0 0 0 0 0 0 0 0 0 0 0 0 0 0 0 0 0.05 0 0.05 0.25 0.2 0.3 0.15 0 0 0 0 0 0 0 

672 652 474 53 0 0.490798 0 0 0 0 0 0 0 0 0 0 0 0 0 0 0 0 0 0 0 0 0.05 0.1 0.15 0.4 0.1 0.1 0.1 0 0 0 0 0 0 

672 652 463 53 0 0.490798 0 0 0 0 0 0 0 0 0 0 0 0 0 0 0 0 0 0 0 0 0.05 0.1 0.35 0.35 0.05 0.1 0 0 0 0 0 0 0 

672 652 469 53 0 0.490798 0 0 0 0 0 0 0 0 0 0 0 0 0 0 0 0 0 0 0 0 0.05 0.05 0.4 0.25 0.1 0.05 0.1 0 0 0 0 0 0 

672 652 471 53 0 0.490798 0 0 0 0 0 0 0 0 0 0 0 0 0 0 0 0 0 0 0 0.05 0.05 0.1 0.15 0.2 0.3 0.1 0.05 0 0 0 0 0 0 

544 534 412 53 0 0.599251 0 0 0 0 0 0 0 0 0 0 0 0 0 0 0 0 0 0 0 0 0 0 0.0625 0.125 0.375 0.3125 0.0625 0.0625 0 0 0 0 0 

672 652 485 53 0 0.490798 0 0 0 0 0 0 0 0 0 0 0 0 0 0 0 0 0 0 0 0 0.05 0.15 0.1 0.2 0.1 0.15 0.2 0.05 0 0 0 0 0 

544 535 396 53 0 0.598131 0 0 0 0 0 0 0 0 0 0 0 0 0 0 0 0 0 0 0 0 0.0625 0.125 0.125 0.1875 0.3125 0 0.1875 0 0 0 0 0 0 

672 658 477 53 0 0.486322 0 0 0 0 0 0 0 0 0 0 0 0 0 0 0 0 0 0 0.05 0 0.1 0 0.15 0.4 0.05 0.15 0.1 0 0 0 0 0 0 

544 533 392 53 0 0.600375 0 0 0 0 0 0 0 0 0 0 0 0 0 0 0 0 0 0 0 0 0.0625 0.125 0.0625 0.3125 0.25 0.125 0.0625 0 0 0 0 0 0 

672 652 479 53 0 0.490798 0 0 0 0 0 0 0 0 0 0 0 0 0 0 0 0 0 0 0 0 0.05 0.1 0.05 0.3 0.25 0.25 0 0 0 0 0 0 0 

672 652 487 53 0 0.490798 0 0 0 0 0 0 0 0 0 0 0 0 0 0 0 0 0 0 0 0 0.05 0.05 0.05 0.2 0.45 0.05 0.1 0.05 0 0 0 0 0 

704 676 491 53 0 0.473373 0 0 0 0 0 0 0 0 0 0 0 0 0 0 0 0 0 0 0 0.047619 0 0.0952381 0.190476 0.238095 0.190476 0.142857 0.0952381 0 0 0 0 0 0 

672 652 495 53 0 0.490798 0 0 0 0 0 0 0 0 0 0 0 0 0 0 0 0 0 0 0 0 0.05 0.05 0.05 0.2 0.15 0.25 0.2 0.05 0 0 0 0 0 

672 658 482 53 0 0.486322 0 0 0 0 0 0 0 0 0 0 0 0 0 0 0 0 0 0 0 0.05 0 0.1 0.15 0.25 0.2 0.2 0.05 0 0 0 0 0 0 

544 534 386 53 0 0.599251 0 0 0 0 0 0 0 0 0 0 0 0 0 0 0 0 0 0 0 0.1875 0 0.0625 0.0625 0.125 0.4375 0.125 0 0 0 0 0 0 0 

544 534 396 53 0 0.599251 0 0 0 0 0 0 0 0 0 0 0 0 0 0 0 0 0 0.0625 0 0 0.125 0 0.0625 0.125 0.25 0.1875 0.1875 0 0 0 0 0 0 

544 534 389 53 0 0.599251 0 0 0 0 0 0 0 0 0 0 0 0 0 0 0 0 0 0 0.0625 0 0.0625 0.125 0.125 0.25 0.125 0.125 0.0625 0.0625 0 0 0 0 0 

544 533 387 53 0 0.600375 0 0 0 0 0 0 0 0 0 0 0 0 0 0 0 0 0 0 0 0 0.0625 0.0625 0.25 0.25 0.3125 0.0625 0 0 0 0 0 0 0 

672 658 480 53 0 0.486322 0 0 0 0 0 0 0 0 0 0 0 0 0 0 0 0 0 0 0 0 0.1 0.05 0.3 0.1 0.2 0.15 0.1 0 0 0 0 0 0 

672 652 473 53 0 0.490798 0 0 0 0 0 0 0 0 0 0 0 0 0 0 0 0 0 0 0 0.05 0 0.15 0.15 0.2 0.3 0.05 0.1 0 0 0 0 0 0 

672 652 480 53 0 0.490798 0 0 0 0 0 0 0 0 0 0 0 0 0 0 0 0 0 0 0 0 0 0.2 0.15 0.15 0.2 0.15 0.15 0 0 0 0 0 0 

672 652 478 53 0 0.490798 0 0 0 0 0 0 0 0 0 0 0 0 0 0 0 0 0 0 0 0 0.1 0.05 0.15 0.25 0.2 0.15 0.05 0.05 0 0 0 0 0 

672 652 470 53 0 0.490798 0 0 0 0 0 0 0 0 0 0 0 0 0 0 0 0 0 0 0.05 0 0 0.2 0.1 0.15 0.35 0.15 0 0 0 0 0 0 0 

544 534 392 53 0 0.599251 0 0 0 0 0 0 0 0 0 0 0 0 0 0 0 0 0 0 0 0.125 0 0.0625 0.1875 0 0.3125 0.3125 0 0 0 0 0 0 0 

672 658 480 53 0 0.486322 0 0 0 0 0 0 0 0 0 0 0 0 0 0 0 0 0 0 0 0 0.1 0.1 0.05 0.35 0.2 0.15 0.05 0 0 0 0 0 0 

672 652 481 53 0 0.490798 0 0 0 0 0 0 0 0 0 0 0 0 0 0 0 0 0 0 0 0 0 0.1 0.2 0.15 0.3 0.2 0.05 0 0 0 0 0 0 

544 536 398 53 0 0.597015 0 0 0 0 0 0 0 0 0 0 0 0 0 0 0 0 0 0 0.0625 0.0625 0 0 0.0625 0.1875 0.3125 0.25 0.0625 0 0 0 0 0 0 

544 534 405 53 0 0.599251 0 0 0 0 0 0 0 0 0 0 0 0 0 0 0 0 0 0 0 0 0.0625 0 0 0.25 0.375 0.1875 0.125 0 0 0 0 0 0 

672 652 477 53 0 0.490798 0 0 0 0 0 0 0 0 0 0 0 0 0 0 0 0 0 0 0 0.05 0 0.25 0 0.1 0.35 0.15 0.1 0 0 0 0 0 0 

544 535 409 53 0 0.598131 0 0 0 0 0 0 0 0 0 0 0 0 0 0 0 0 0 0 0 0 0 0.0625 0.125 0.25 0 0.3125 0.25 0 0 0 0 0 0 

544 534 383 53 0 0.599251 0 0 0 0 0 0 0 0 0 0 0 0 0 0 0 0.0625 0 0 0 0 0 0.125 0.125 0.375 0.1875 0.125 0 0 0 0 0 0 0 

544 534 396 53 0 0.599251 0 0 0 0 0 0 0 0 0 0 0 0 0 0 0 0 0 0 0 0.0625 0.0625 0.0625 0.0625 0.1875 0.25 0.1875 0.125 0 0 0 0 0 0 

672 652 472 53 0 0.490798 0 0 0 0 0 0 0 0 0 0 0 0 0 0 0 0 0 0 0.05 0 0.1 0.05 0.1 0.3 0.15 0.15 0.1 0 0 0 0 0 0 

544 534 409 53 0 0.599251 0 0 0 0 0 0 0 0 0 0 0 0 0 0 0 0 0 0 0 0 0 0 0.125 0.25 0.3125 0.0625 0.125 0.125 0 0 0 0 0 

672 652 479 53 0 0.490798 0 0 0 0 0 0 0 0 0 0 0 0 0 0 0 0 0 0 0 0.05 0.05 0.1 0 0.25 0.25 0.25 0.05 0 0 0 0 0 0 

544 534 395 53 0 0.599251 0 0 0 0 0 0 0 0 0 0 0 0 0 0 0 0 0 0 0 0 0.0625 0.125 0.125 0.1875 0.25 0.1875 0 0.0625 0 0 0 0 0 

704 680 494 53 0 0.470588 0 0 0 0 0 0 0 0 0 0 0 0 0 0 0 0 0 0 0.047619 0.0952381 0 0.047619 0 0.190476 0.428571 0.142857 0.047619 0 0 0 0 0 0 

672 652 483 53 0 0.490798 0 0 0 0 0 0 0 0 0 0 0 0 0 0 0 0 0 0 0 0 0 0.05 0.2 0.2 0.4 0 0.15 0 0 0 0 0 0 

672 652 466 53 0 0.490798 0 0 0 0 0 0 0 0 0 0 0 0 0 0 0 0 0 0 0 0 0.05 0.2 0.25 0.3 0.05 0.1 0 0 0.05 0 0 0 0 

544 534 403 53 0 0.599251 0 0 0 0 0 0 0 0 0 0 0 0 0 0 0 0 0 0 0 0 0 0.0625 0.25 0.125 0.25 0.0625 0.1875 0.0625 0 0 0 0 0 

672 651 468 53 0 0.491551 0 0 0 0 0 0 0 0 0 0 0 0 0 0 0 0 0 0 0 0 0.05 0.2 0.15 0.25 0.15 0.2 0 0 0 0 0 0 0 

544 534 391 53 0 0.599251 0 0 0 0 0 0 0 0 0 0 0 0 0 0 0 0 0 0 0 0 0.125 0.0625 0.0625 0.4375 0.125 0.0625 0.125 0 0 0 0 0 0 

544 534 388 53 0 0.599251 0 0 0 0 0 0 0 0 0 0 0 0 0 0 0 0 0 0 0 0 0 0.125 0.3125 0.25 0.1875 0.125 0 0 0 0 0 0 0 

544 533 392 53 0 0.600375 0 0 0 0 0 0 0 0 0 0 0 0 0 0 0 0 0 0 0 0 0 0.125 0.1875 0.125 0.5 0.0625 0 0 0 0 0 0 0 

544 534 392 53 0 0.599251 0 0 0 0 0 0 0 0 0 0 0 0 0 0 0 0 0 0 0 0 0 0.1875 0.125 0.1875 0.375 0.125 0 0 0 0 0 0 0 

672 652 472 53 0 0.490798 0 0 0 0 0 0 0 0 0 0 0 0 0 0 0 0 0 0 0 0.05 0 0.2 0.05 0.3 0.2 0.15 0.05 0 0 0 0 0 0 

672 652 478 53 0 0.490798 0 0 0 0 0 0 0 0 0 0 0 0 0 0 0 0 0 0 0 0 0.05 0.1 0.15 0.25 0.25 0.05 0.15 0 0 0 0 0 0 

544 534 392 53 0 0.599251 0 0 0 0 0 0 0 0 0 0 0 0 0 0 0 0 0 0 0.0625 0 0 0.0625 0.3125 0.1875 0.0625 0.125 0.1875 0 0 0 0 0 0 

544 533 401 53 0 0.600375 0 0 0 0 0 0 0 0 0 0 0 0 0 0 0 0 0 0 0 0 0 0.25 0.0625 0.125 0.1875 0.1875 0.0625 0.0625 0.0625 0 0 0 0 

544 533 405 53 0 0.600375 0 0 0 0 0 0 0 0 0 0 0 0 0 0 0 0 0 0 0 0 0 0.0625 0.125 0.1875 0.25 0.1875 0.125 0.0625 0 0 0 0 0 

672 652 479 53 0 0.490798 0 0 0 0 0 0 0 0 0 0 0 0 0 0 0 0 0 0 0 0.05 0.05 0.15 0 0.2 0.25 0.2 0.05 0.05 0 0 0 0 0 

672 652 480 53 0 0.490798 0 0 0 0 0 0 0 0 0 0 0 0 0 0 0 0 0 0 0 0 0 0.25 0.1 0.1 0.25 0.2 0.05 0.05 0 0 0 0 0 

672 652 473 53 0 0.490798 0 0 0 0 0 0 0 0 0 0 0 0 0 0 0 0 0 0 0 0 0.05 0.05 0.2 0.4 0.1 0.2 0 0 0 0 0 0 0 

672 652 485 53 0 0.490798 0 0 0 0 0 0 0 0 0 0 0 0 0 0 0 0 0 0 0 0 0 0.05 0.35 0 0.25 0.2 0.15 0 0 0 0 0 0 

672 652 474 53 0 0.490798 0 0 0 0 0 0 0 0 0 0 0 0 0 0 0 0 0 0 0 0 0.05 0.2 0.1 0.25 0.2 0.1 0.05 0.05 0 0 0 0 0 

672 652 465 53 0 0.490798 0 0 0 0 0 0 0 0 0 0 0 0 0 0 0 0 0 0 0 0.1 0 0.2 0.05 0.25 0.3 0.1 0 0 0 0 0 0 0 

672 658 486 53 0 0.486322 0 0 0 0 0 0 0 0 0 0 0 0 0 0 0 0 0 0 0 0.05 0 0.15 0.1 0.25 0.25 0 0.15 0 0 0.05 0 0 0 

672 652 469 53 0 0.490798 0 0 0 0 0 0 0 0 0 0 0 0 0 0 0 0 0 0 0 0 0.1 0.1 0.1 0.35 0.25 0.1 0 0 0 0 0 0 0 

672 658 489 53 0 0.486322 0 0 0 0 0 0 0 0 0 0 0 0 0 0 0 0 0 0 0 0.05 0 0 0.1 0.35 0.25 0.15 0.1 0 0 0 0 0 0 

672 652 475 53 0 0.490798 0 0 0 0 0 0 0 0 0 0 0 0 0 0 0 0 0 0 0 0 0 0.15 0.15 0.3 0.2 0.2 0 0 0 0 0 0 0 

544 533 384 53 0 0.600375 0 0 0 0 0 0 0 0 0 0 0 0 0 0 0 0 0 0 0 0 0.125 0.125 0.125 0.25 0.3125 0.0625 0 0 0 0 0 0 0 

672 652 471 53 0 0.490798 0 0 0 0 0 0 0 0 0 0 0 0 0 0 0 0 0 0 0 0 0 0.2 0.15 0.35 0.15 0.1 0.05 0 0 0 0 0 0 

672 652 487 53 0 0.490798 0 0 0 0 0 0 0 0 0 0 0 0 0 0 0 0 0 0 0 0 0.05 0.05 0.1 0.15 0.4 0.15 0.05 0 0.05 0 0 0 0 

672 652 466 53 0 0.490798 0 0 0 0 0 0 0 0 0 0 0 0 0 0 0 0 0 0 0 0 0.05 0.25 0.15 0.25 0.1 0.2 0 0 0 0 0 0 0 

672 652 471 53 0 0.490798 0 0 0 0 0 0 0 0 0 0 0 0 0 0 0 0 0 0 0 0 0 0.15 0.3 0.2 0.2 0.1 0.05 0 0 0 0 0 0 

672 654 465 53 0 0.489297 0 0 0 0 0 0 0 0 0 0 0 0 0 0 0 0 0 0 0 0.05 0.1 0.2 0.15 0.2 0.15 0.1 0 0 0.05 0 0 0 0 

672 652 483 53 0 0.490798 0 0 0 0 0 0 0 0 0 0 0 0 0 0 0 0 0 0 0 0 0 0.05 0.3 0.1 0.2 0.3 0.05 0 0 0 0 0 0 

672 658 485 53 0 0.486322 0 0 0 0 0 0 0 0 0 0 0 0 0 0 0 0 0 0 0 0 0.1 0.1 0.1 0.2 0.15 0.25 0.1 0 0 0 0 0 0 

672 652 471 53 0 0.490798 0 0 0 0 0 0 0 0 0 0 0 0 0 0 0 0 0 0 0 0 0.15 0.1 0.05 0.3 0.2 0.15 0.05 0 0 0 0 0 0 

672 652 476 53 0 0.490798 0 0 0 0 0 0 0 0 0 0 0 0 0 0 0 0 0 0 0 0 0 0.1 0.1 0.45 0.25 0.05 0.05 0 0 0 0 0 0 

672 658 480 53 0 0.486322 0 0 0 0 0 0 0 0 0 0 0 0 0 0 0 0 0 0.05 0 0 0.05 0.1 0.2 0.05 0.25 0.2 0.1 0 0 0 0 0 0 

544 533 388 53 0 0.600375 0 0 0 0 0 0 0 0 0 0 0 0 0 0 0 0 0 0 0 0 0.0625 0.125 0.25 0.25 0.0625 0.1875 0.0625 0 0 0 0 0 0 

704 676 475 53 0 0.473373 0 0 0 0 0 0 0 0 0 0 0 0 0 0 0 0 0 0 0.047619 0.0952381 0.0952381 0.142857 0.0952381 0.047619 0.285714 0.142857 0.047619 0 0 0 0 0 0 

672 652 474 53 0 0.490798 0 0 0 0 0 0 0 0 0 0 0 0 0 0 0 0 0 0 0 0 0.1 0.1 0.2 0.15 0.2 0.15 0.1 0 0 0 0 0 0 

672 652 472 53 0 0.490798 0 0 0 0 0 0 0 0 0 0 0 0 0 0 0 0 0 0 0.05 0 0.1 0 0.1 0.25 0.4 0.05 0.05 0 0 0 0 0 0 

544 534 402 53 0 0.599251 0 0 0 0 0 0 0 0 0 0 0 0 0 0 0 0 0 0 0 0 0 0.0625 0.1875 0.1875 0.3125 0.0625 0.125 0.0625 0 0 0 0 0 

544 535 404 53 0 0.598131 0 0 0 0 0 0 0 0 0 0 0 0 0 0 0 0 0 0 0 0 0.0625 0 0.1875 0.125 0.3125 0.0625 0.25 0 0 0 0 0 0 

672 652 474 53 0 0.490798 0 0 0 0 0 0 0 0 0 0 0 0 0 0 0 0 0 0 0 0.05 0.05 0.05 0.25 0.1 0.3 0.15 0 0.05 0 0 0 0 0 

672 652 465 53 0 0.490798 0 0 0 0 0 0 0 0 0 0 0 0 0 0 0 0 0 0 0 0.05 0.15 0.1 0.1 0.25 0.2 0.05 0.1 0 0 0 0 0 0 

544 534 394 53 0 0.599251 0 0 0 0 0 0 0 0 0 0 0 0 0 0 0 0 0 0 0 0 0.0625 0 0.3125 0.1875 0.25 0.0625 0.125 0 0 0 0 0 0 

672 652 470 53 0 0.490798 0 0 0 0 0 0 0 0 0 0 0 0 0 0 0 0 0 0.05 0 0.05 0 0.15 0.2 0.1 0.15 0.15 0.15 0 0 0 0 0 0 

544 533 397 53 0 0.600375 0 0 0 0 0 0 0 0 0 0 0 0 0 0 0 0 0 0 0 0 0.125 0.0625 0.0625 0.125 0.375 0.125 0.0625 0.0625 0 0 0 0 0 

544 533 397 53 0 0.600375 0 0 0 0 0 0 0 0 0 0 0 0 0 0 0 0 0 0 0 0 0.0625 0.0625 0.0625 0.3125 0.1875 0.25 0.0625 0 0 0 0 0 0 

544 534 404 53 0 0.599251 0 0 0 0 0 0 0 0 0 0 0 0 0 0 0 0 0 0 0 0 0.0625 0.0625 0 0.3125 0.125 0.3125 0.0625 0.0625 0 0 0 0 0 

544 534 397 53 0 0.599251 0 0 0 0 0 0 0 0 0 0 0 0 0 0 0 0 0 0 0 0 0 0 0.25 0.3125 0.25 0.125 0.0625 0 0 0 0 0 0 

672 652 487 53 0 0.490798 0 0 0 0 0 0 0 0 0 0 0 0 0 0 0 0 0 0 0 0.05 0 0.05 0.05 0.25 0.3 0.15 0.1 0.05 0 0 0 0 0 

672 658 480 53 0 0.486322 0 0 0 0 0 0 0 0 0 0 0 0 0 0 0 0 0 0 0 0 0.05 0 0.3 0.25 0.3 0.05 0.05 0 0 0 0 0 0 

672 658 479 53 0 0.486322 0 0 0 0 0 0 0 0 0 0 0 0 0 0 0 0 0 0 0 0 0.1 0.1 0.25 0.2 0.1 0.1 0.1 0.05 0 0 0 0 0 

544 533 390 53 0 0.600375 0 0 0 0 0 0 0 0 0 0 0 0 0 0 0 0 0 0 0 0.0625 0.0625 0.125 0.0625 0.125 0.3125 0.25 0 0 0 0 0 0 0 

672 658 485 53 0 0.486322 0 0 0 0 0 0 0 0 0 0 0 0 0 0 0 0 0 0 0 0 0.05 0.05 0 0.35 0.5 0.05 0 0 0 0 0 0 0 

