608 589 433 53 0 0.543294 0 0 0 0 0 0 0 0 0 0 0 0 0 0 0 0 0 0 0 0 0 0.166667 0.111111 0.277778 0.222222 0.111111 0.111111 0 0 0 0 0 0 

576 553 399 53 0 0.578662 0 0 0 0 0 0 0 0 0 0 0 0 0 0 0 0 0 0 0 0 0 0.117647 0.294118 0.294118 0.176471 0.0588235 0.0588235 0 0 0 0 0 0 

608 582 409 53 0 0.549828 0 0 0 0 0 0 0 0 0 0 0 0 0 0 0 0 0 0 0.0555556 0 0.0555556 0.222222 0.166667 0.166667 0.277778 0 0.0555556 0 0 0 0 0 0 

576 556 403 53 0 0.57554 0 0 0 0 0 0 0 0 0 0 0 0 0 0 0 0 0 0 0 0 0.0588235 0.235294 0 0.352941 0.117647 0.176471 0.0588235 0 0 0 0 0 0 

544 531 385 53 0 0.602637 0 0 0 0 0 0 0 0 0 0 0 0 0 0 0 0 0 0 0 0 0.0625 0.0625 0.4375 0.1875 0 0.1875 0 0.0625 0 0 0 0 0 

576 564 419 53 0 0.567376 0 0 0 0 0 0 0 0 0 0 0 0 0 0 0 0 0 0 0 0 0 0.117647 0.235294 0.117647 0.176471 0.294118 0.0588235 0 0 0 0 0 0 

576 562 401 53 0 0.569395 0 0 0 0 0 0 0 0 0 0 0 0 0 0 0 0 0 0 0 0 0.0588235 0.117647 0.235294 0.470588 0.0588235 0.0588235 0 0 0 0 0 0 0 

512 497 374 53 0 0.643863 0 0 0 0 0 0 0 0 0 0 0 0 0 0 0 0 0 0 0 0 0.0666667 0 0.133333 0.2 0.2 0.266667 0.133333 0 0 0 0 0 0 

544 536 407 53 0 0.597015 0 0 0 0 0 0 0 0 0 0 0 0 0 0 0 0 0 0 0 0 0 0.0625 0.125 0.125 0.25 0.375 0.0625 0 0 0 0 0 0 

672 660 474 53 0 0.484848 0 0 0 0 0 0 0 0 0 0 0 0 0 0 0 0 0 0 0 0 0 0.25 0.2 0.35 0.1 0 0.1 0 0 0 0 0 0 

480 469 349 53 0 0.682303 0 0 0 0 0 0 0 0 0 0 0 0 0 0 0 0 0 0 0 0 0.0714286 0.0714286 0.214286 0.214286 0.0714286 0.214286 0.0714286 0.0714286 0 0 0 0 0 

576 556 401 53 0 0.57554 0 0 0 0 0 0 0 0 0 0 0 0 0 0 0 0 0 0 0 0 0.0588235 0.117647 0.294118 0.176471 0.117647 0.235294 0 0 0 0 0 0 0 

544 518 379 53 0 0.617761 0 0 0 0 0 0 0 0 0 0 0 0 0 0 0 0 0 0 0 0.0625 0 0.0625 0.0625 0.25 0.375 0.1875 0 0 0 0 0 0 0 

576 559 412 53 0 0.572451 0 0 0 0 0 0 0 0 0 0 0 0 0 0 0 0 0 0 0 0 0 0.0588235 0.176471 0.235294 0.411765 0.117647 0 0 0 0 0 0 0 

480 466 347 53 0 0.686695 0 0 0 0 0 0 0 0 0 0 0 0 0 0 0 0 0 0 0 0 0 0.0714286 0.214286 0.214286 0.285714 0.0714286 0.142857 0 0 0 0 0 0 

448 428 321 52 0 0.747664 0 0 0 0 0 0 0 0 0 0 0 0 0 0 0 0 0 0 0 0 0.0769231 0 0.0769231 0.384615 0.153846 0.0769231 0.153846 0.0769231 0 0 0 0 0 

640 619 453 53 0 0.516963 0 0 0 0 0 0 0 0 0 0 0 0 0 0 0 0 0 0.0526316 0 0 0.0526316 0.0526316 0.157895 0.105263 0.315789 0.157895 0.0526316 0.0526316 0 0 0 0 0 

544 531 386 53 0 0.602637 0 0 0 0 0 0 0 0 0 0 0 0 0 0 0 0 0 0 0 0.125 0 0.125 0.1875 0.125 0.1875 0.125 0.0625 0.0625 0 0 0 0 0 

576 560 417 53 0 0.571429 0 0 0 0 0 0 0 0 0 0 0 0 0 0 0 0 0 0 0 0 0.0588235 0.0588235 0.117647 0.176471 0.352941 0.0588235 0.176471 0 0 0 0 0 0 

544 525 387 53 0 0.609524 0 0 0 0 0 0 0 0 0 0 0 0 0 0 0 0 0 0 0 0 0 0.0625 0.1875 0.3125 0.1875 0.25 0 0 0 0 0 0 0 

544 530 393 53 0 0.603774 0 0 0 0 0 0 0 0 0 0 0 0 0 0 0 0 0 0 0 0 0 0.125 0.25 0.1875 0.0625 0.25 0.125 0 0 0 0 0 0 

576 569 406 53 0 0.56239 0 0 0 0 0 0 0 0 0 0 0 0 0 0 0 0 0 0 0 0 0.0588235 0.176471 0.294118 0.235294 0.235294 0 0 0 0 0 0 0 0 

576 552 391 53 0 0.57971 0 0 0 0 0 0 0 0 0 0 0 0 0 0 0 0 0 0 0.0588235 0.0588235 0.0588235 0.0588235 0.176471 0.294118 0.176471 0.0588235 0 0.0588235 0 0 0 0 0 

576 565 432 53 0 0.566372 0 0 0 0 0 0 0 0 0 0 0 0 0 0 0 0 0 0 0 0 0 0.0588235 0.117647 0.117647 0.176471 0.411765 0.0588235 0.0588235 0 0 0 0 0 

512 484 365 53 0 0.661157 0 0 0 0 0 0 0 0 0 0 0 0 0 0 0 0 0 0 0 0 0 0 0.266667 0.0666667 0.2 0.266667 0.2 0 0 0 0 0 0 

576 552 396 53 0 0.57971 0 0 0 0 0 0 0 0 0 0 0 0 0 0 0 0 0 0 0 0 0.0588235 0.235294 0.176471 0.117647 0.294118 0 0.117647 0 0 0 0 0 0 

576 561 400 53 0 0.57041 0 0 0 0 0 0 0 0 0 0 0 0 0 0 0 0 0 0 0.0588235 0 0.117647 0.117647 0 0.352941 0.294118 0.0588235 0 0 0 0 0 0 0 

544 526 385 53 0 0.608365 0 0 0 0 0 0 0 0 0 0 0 0 0 0 0 0 0 0 0 0 0.0625 0.125 0.125 0.125 0.375 0.1875 0 0 0 0 0 0 0 

512 497 375 53 0 0.643863 0 0 0 0 0 0 0 0 0 0 0 0 0 0 0 0 0 0 0 0 0.0666667 0 0.133333 0.133333 0.333333 0.133333 0.2 0 0 0 0 0 0 

544 515 363 53 0 0.621359 0 0 0 0 0 0 0 0 0 0 0 0 0 0 0 0 0 0 0 0.0625 0.125 0.0625 0.1875 0.1875 0.3125 0.0625 0 0 0 0 0 0 0 

608 599 439 53 0 0.534224 0 0 0 0 0 0 0 0 0 0 0 0 0 0 0 0 0 0 0 0 0.111111 0.111111 0.0555556 0.222222 0.333333 0.111111 0.0555556 0 0 0 0 0 0 

544 522 387 53 0 0.613027 0 0 0 0 0 0 0 0 0 0 0 0 0 0 0 0 0 0 0 0 0.0625 0 0.1875 0.1875 0.3125 0.1875 0 0.0625 0 0 0 0 0 

576 560 416 53 0 0.571429 0 0 0 0 0 0 0 0 0 0 0 0 0 0 0 0 0 0 0 0 0 0 0.294118 0.294118 0.176471 0.0588235 0.176471 0 0 0 0 0 0 

512 492 363 53 0 0.650406 0 0 0 0 0 0 0 0 0 0 0 0 0 0 0 0 0 0.0666667 0 0 0 0 0.133333 0.2 0.4 0.0666667 0.133333 0 0 0 0 0 0 

640 619 455 53 0 0.516963 0 0 0 0 0 0 0 0 0 0 0 0 0 0 0 0 0 0 0 0 0.0526316 0.105263 0.105263 0.315789 0.105263 0.210526 0.105263 0 0 0 0 0 0 

480 461 346 53 0 0.694143 0 0 0 0 0 0 0 0 0 0 0 0 0 0 0 0 0 0 0 0 0 0.0714286 0.0714286 0.285714 0.285714 0.142857 0.142857 0 0 0 0 0 0 

640 626 458 53 0 0.511182 0 0 0 0 0 0 0 0 0 0 0 0 0 0 0 0 0 0 0 0 0.0526316 0.105263 0.105263 0.421053 0.0526316 0.210526 0.0526316 0 0 0 0 0 0 

544 535 402 53 0 0.598131 0 0 0 0 0 0 0 0 0 0 0 0 0 0 0 0 0 0 0 0 0 0 0.125 0.375 0.25 0.1875 0.0625 0 0 0 0 0 0 

608 587 438 53 0 0.545145 0 0 0 0 0 0 0 0 0 0 0 0 0 0 0 0 0 0 0 0.0555556 0 0.0555556 0.111111 0.166667 0.222222 0.222222 0.166667 0 0 0 0 0 0 

576 556 409 53 0 0.57554 0 0 0 0 0 0 0 0 0 0 0 0 0 0 0 0 0 0 0 0 0 0.0588235 0.235294 0.294118 0.117647 0.294118 0 0 0 0 0 0 0 

576 563 420 53 0 0.568384 0 0 0 0 0 0 0 0 0 0 0 0 0 0 0 0 0 0 0 0 0 0.0588235 0.117647 0.352941 0.117647 0.352941 0 0 0 0 0 0 0 

544 516 384 53 0 0.620155 0 0 0 0 0 0 0 0 0 0 0 0 0 0 0 0 0 0 0 0 0 0.0625 0.1875 0.25 0.25 0.0625 0.0625 0.125 0 0 0 0 0 

544 526 388 53 0 0.608365 0 0 0 0 0 0 0 0 0 0 0 0 0 0 0 0 0 0 0 0 0 0.125 0.125 0.25 0.3125 0.125 0.0625 0 0 0 0 0 0 

576 561 411 53 0 0.57041 0 0 0 0 0 0 0 0 0 0 0 0 0 0 0 0 0 0 0 0.0588235 0.0588235 0.0588235 0.176471 0.176471 0.176471 0.176471 0.117647 0 0 0 0 0 0 

576 552 395 53 0 0.57971 0 0 0 0 0 0 0 0 0 0 0 0 0 0 0 0 0 0 0 0 0 0.176471 0.352941 0.176471 0.117647 0.176471 0 0 0 0 0 0 0 

576 560 417 53 0 0.571429 0 0 0 0 0 0 0 0 0 0 0 0 0 0 0 0 0 0 0 0.0588235 0 0 0.117647 0.235294 0.294118 0.235294 0.0588235 0 0 0 0 0 0 

608 589 421 53 0 0.543294 0 0 0 0 0 0 0 0 0 0 0 0 0 0 0 0 0 0 0.0555556 0 0.111111 0.166667 0.0555556 0.166667 0.277778 0.111111 0.0555556 0 0 0 0 0 0 

640 626 450 53 0 0.511182 0 0 0 0 0 0 0 0 0 0 0 0 0 0 0 0 0 0 0 0 0.210526 0.105263 0.105263 0.157895 0.210526 0.157895 0.0526316 0 0 0 0 0 0 

576 554 407 53 0 0.577617 0 0 0 0 0 0 0 0 0 0 0 0 0 0 0 0 0 0 0 0 0 0.117647 0.176471 0.235294 0.235294 0.176471 0.0588235 0 0 0 0 0 0 

576 562 416 53 0 0.569395 0 0 0 0 0 0 0 0 0 0 0 0 0 0 0 0 0 0 0 0 0.0588235 0.0588235 0.176471 0.352941 0.0588235 0.117647 0.117647 0.0588235 0 0 0 0 0 

576 556 412 53 0 0.57554 0 0 0 0 0 0 0 0 0 0 0 0 0 0 0 0 0 0 0 0 0.0588235 0.0588235 0.176471 0.117647 0.235294 0.294118 0.0588235 0 0 0 0 0 0 

544 526 379 53 0 0.608365 0 0 0 0 0 0 0 0 0 0 0 0 0 0 0 0 0 0 0 0.0625 0 0.0625 0.25 0.375 0.1875 0 0 0.0625 0 0 0 0 0 

544 534 400 53 0 0.599251 0 0 0 0 0 0 0 0 0 0 0 0 0 0 0 0 0 0 0 0 0 0.0625 0.1875 0.25 0.1875 0.1875 0.125 0 0 0 0 0 0 

544 519 380 53 0 0.61657 0 0 0 0 0 0 0 0 0 0 0 0 0 0 0 0 0 0 0 0 0.125 0.0625 0.125 0.1875 0.25 0.1875 0 0 0.0625 0 0 0 0 

480 470 347 53 0 0.680851 0 0 0 0 0 0 0 0 0 0 0 0 0 0 0 0 0 0 0 0 0 0.142857 0.214286 0.214286 0.285714 0.0714286 0 0.0714286 0 0 0 0 0 

512 496 364 53 0 0.645161 0 0 0 0 0 0 0 0 0 0 0 0 0 0 0 0 0 0 0 0 0 0 0.2 0.466667 0.266667 0.0666667 0 0 0 0 0 0 0 

512 499 370 53 0 0.641283 0 0 0 0 0 0 0 0 0 0 0 0 0 0 0 0 0 0 0 0 0 0.0666667 0.133333 0.266667 0.4 0.133333 0 0 0 0 0 0 0 

576 564 401 53 0 0.567376 0 0 0 0 0 0 0 0 0 0 0 0 0 0 0 0 0 0 0.0588235 0.0588235 0.0588235 0.117647 0.235294 0.117647 0.117647 0.235294 0 0 0 0 0 0 0 

576 565 424 53 0 0.566372 0 0 0 0 0 0 0 0 0 0 0 0 0 0 0 0 0 0 0 0 0 0.0588235 0.117647 0.176471 0.352941 0.294118 0 0 0 0 0 0 0 

576 560 417 53 0 0.571429 0 0 0 0 0 0 0 0 0 0 0 0 0 0 0 0 0 0 0 0 0 0.0588235 0.352941 0.117647 0.176471 0.117647 0.0588235 0.117647 0 0 0 0 0 

640 623 458 53 0 0.513644 0 0 0 0 0 0 0 0 0 0 0 0 0 0 0 0 0 0 0 0 0 0.0526316 0.210526 0.315789 0.210526 0.210526 0 0 0 0 0 0 0 

512 501 363 53 0 0.638723 0 0 0 0 0 0 0 0 0 0 0 0 0 0 0 0 0 0 0 0 0 0.133333 0.333333 0.2 0.266667 0.0666667 0 0 0 0 0 0 0 

640 618 447 53 0 0.517799 0 0 0 0 0 0 0 0 0 0 0 0 0 0 0 0 0 0 0 0 0 0.157895 0.315789 0.157895 0.210526 0.105263 0 0.0526316 0 0 0 0 0 

512 503 371 53 0 0.636183 0 0 0 0 0 0 0 0 0 0 0 0 0 0 0 0 0 0 0.0666667 0 0 0 0.2 0.333333 0.2 0.0666667 0.133333 0 0 0 0 0 0 

640 621 460 53 0 0.515298 0 0 0 0 0 0 0 0 0 0 0 0 0 0 0 0 0 0 0 0 0.105263 0.105263 0.0526316 0.105263 0.315789 0.210526 0.0526316 0.0526316 0 0 0 0 0 

640 619 455 53 0 0.516963 0 0 0 0 0 0 0 0 0 0 0 0 0 0 0 0 0 0 0 0 0 0.105263 0.105263 0.315789 0.315789 0.105263 0.0526316 0 0 0 0 0 0 

512 499 356 53 0 0.641283 0 0 0 0 0 0 0 0 0 0 0 0 0 0 0 0 0 0 0 0 0.2 0.133333 0.0666667 0.333333 0.133333 0.133333 0 0 0 0 0 0 0 

544 518 372 53 0 0.617761 0 0 0 0 0 0 0 0 0 0 0 0 0 0 0 0 0 0 0 0.125 0 0 0.1875 0.3125 0.3125 0 0 0.0625 0 0 0 0 0 

544 533 399 53 0 0.600375 0 0 0 0 0 0 0 0 0 0 0 0 0 0 0 0 0 0 0 0 0 0.0625 0.0625 0.3125 0.375 0.125 0.0625 0 0 0 0 0 0 

512 491 356 53 0 0.651731 0 0 0 0 0 0 0 0 0 0 0 0 0 0 0 0 0 0 0 0 0.0666667 0.2 0.0666667 0.333333 0.0666667 0.2 0.0666667 0 0 0 0 0 0 

576 550 412 53 0 0.581818 0 0 0 0 0 0 0 0 0 0 0 0 0 0 0 0 0 0 0 0 0 0.0588235 0.176471 0.235294 0.0588235 0.352941 0.0588235 0.0588235 0 0 0 0 0 

576 559 415 53 0 0.572451 0 0 0 0 0 0 0 0 0 0 0 0 0 0 0 0 0 0 0 0.0588235 0 0 0.294118 0.117647 0.235294 0.0588235 0.235294 0 0 0 0 0 0 

768 744 543 53 0 0.430108 0 0 0 0 0 0 0 0 0 0 0 0 0 0 0 0 0 0 0 0 0.0434783 0.130435 0.217391 0.217391 0 0.304348 0.0869565 0 0 0 0 0 0 

544 528 383 53 0 0.606061 0 0 0 0 0 0 0 0 0 0 0 0 0 0 0 0 0 0 0 0.0625 0 0.25 0.125 0.0625 0.25 0.1875 0.0625 0 0 0 0 0 0 

544 536 394 53 0 0.597015 0 0 0 0 0 0 0 0 0 0 0 0 0 0 0 0 0 0 0 0 0.0625 0.1875 0.125 0.125 0.25 0.1875 0.0625 0 0 0 0 0 0 

544 530 390 53 0 0.603774 0 0 0 0 0 0 0 0 0 0 0 0 0 0 0 0 0 0 0 0 0.0625 0 0.1875 0.25 0.375 0.125 0 0 0 0 0 0 0 

544 521 383 53 0 0.614203 0 0 0 0 0 0 0 0 0 0 0 0 0 0 0 0 0 0 0 0 0 0.1875 0.0625 0.25 0.3125 0.0625 0.125 0 0 0 0 0 0 

608 590 431 53 0 0.542373 0 0 0 0 0 0 0 0 0 0 0 0 0 0 0 0 0 0.0555556 0 0.0555556 0 0.111111 0.0555556 0.166667 0.222222 0.222222 0.111111 0 0 0 0 0 0 

640 621 452 53 0 0.515298 0 0 0 0 0 0 0 0 0 0 0 0 0 0 0 0 0 0 0 0 0.105263 0.210526 0.157895 0.0526316 0.0526316 0.315789 0.105263 0 0 0 0 0 0 

640 625 460 53 0 0.512 0 0 0 0 0 0 0 0 0 0 0 0 0 0 0 0 0 0 0 0.0526316 0.0526316 0.105263 0.157895 0.105263 0.157895 0.210526 0.157895 0 0 0 0 0 0 

512 486 371 53 0 0.658436 0 0 0 0 0 0 0 0 0 0 0 0 0 0 0 0 0 0 0 0 0 0 0.0666667 0.266667 0.266667 0.133333 0.2 0.0666667 0 0 0 0 0 

608 592 434 53 0 0.540541 0 0 0 0 0 0 0 0 0 0 0 0 0 0 0 0 0 0 0 0.0555556 0 0.166667 0.111111 0.0555556 0.388889 0.166667 0.0555556 0 0 0 0 0 0 

576 549 400 53 0 0.582878 0 0 0 0 0 0 0 0 0 0 0 0 0 0 0 0 0 0 0 0.0588235 0.0588235 0.0588235 0.0588235 0.235294 0.294118 0.176471 0.0588235 0 0 0 0 0 0 

544 532 392 53 0 0.601504 0 0 0 0 0 0 0 0 0 0 0 0 0 0 0 0 0 0 0 0 0 0.125 0.125 0.375 0.25 0 0.125 0 0 0 0 0 0 

576 554 411 53 0 0.577617 0 0 0 0 0 0 0 0 0 0 0 0 0 0 0 0 0 0 0 0 0.0588235 0.0588235 0.176471 0.176471 0.235294 0.117647 0.117647 0.0588235 0 0 0 0 0 

512 503 360 53 0 0.636183 0 0 0 0 0 0 0 0 0 0 0 0 0 0 0 0 0 0 0.0666667 0.0666667 0 0.2 0.133333 0.266667 0.0666667 0.0666667 0.133333 0 0 0 0 0 0 

480 458 339 53 0 0.69869 0 0 0 0 0 0 0 0 0 0 0 0 0 0 0 0 0 0 0 0 0 0 0.357143 0.142857 0.142857 0.357143 0 0 0 0 0 0 0 

544 518 379 53 0 0.617761 0 0 0 0 0 0 0 0 0 0 0 0 0 0 0 0 0 0 0 0 0.125 0.0625 0 0.1875 0.4375 0.1875 0 0 0 0 0 0 0 

480 454 324 53 0 0.704846 0 0 0 0 0 0 0 0 0 0 0 0 0 0 0 0 0 0 0 0 0 0.285714 0.214286 0.142857 0.214286 0.142857 0 0 0 0 0 0 0 

640 625 460 53 0 0.512 0 0 0 0 0 0 0 0 0 0 0 0 0 0 0 0 0 0 0 0.0526316 0.105263 0 0.210526 0.0526316 0.157895 0.368421 0.0526316 0 0 0 0 0 0 

576 561 402 53 0 0.57041 0 0 0 0 0 0 0 0 0 0 0 0 0 0 0 0 0 0 0 0.117647 0.176471 0.117647 0 0.176471 0.117647 0.117647 0.176471 0 0 0 0 0 0 

640 627 471 53 0 0.510367 0 0 0 0 0 0 0 0 0 0 0 0 0 0 0 0 0 0 0 0 0 0.105263 0.0526316 0.263158 0.210526 0.263158 0.105263 0 0 0 0 0 0 

608 586 432 53 0 0.546075 0 0 0 0 0 0 0 0 0 0 0 0 0 0 0 0 0 0 0 0 0.0555556 0 0.111111 0.388889 0.277778 0.0555556 0.111111 0 0 0 0 0 0 

544 523 380 53 0 0.611855 0 0 0 0 0 0 0 0 0 0 0 0 0 0 0 0 0 0 0 0 0.0625 0.125 0.1875 0.3125 0.0625 0.125 0.125 0 0 0 0 0 0 

576 557 403 53 0 0.574506 0 0 0 0 0 0 0 0 0 0 0 0 0 0 0 0 0 0.0588235 0 0.0588235 0 0.0588235 0.176471 0.0588235 0.411765 0.117647 0.0588235 0 0 0 0 0 0 

576 553 413 53 0 0.578662 0 0 0 0 0 0 0 0 0 0 0 0 0 0 0 0 0 0 0 0.0588235 0.0588235 0.0588235 0.0588235 0.117647 0.235294 0.117647 0.294118 0 0 0 0 0 0 

576 554 415 53 0 0.577617 0 0 0 0 0 0 0 0 0 0 0 0 0 0 0 0 0 0 0 0 0.0588235 0.117647 0 0.176471 0.176471 0.352941 0.117647 0 0 0 0 0 0 

544 523 384 53 0 0.611855 0 0 0 0 0 0 0 0 0 0 0 0 0 0 0 0 0 0 0 0 0 0.0625 0.1875 0.3125 0.25 0.1875 0 0 0 0 0 0 0 

640 623 445 53 0 0.513644 0 0 0 0 0 0 0 0 0 0 0 0 0 0 0 0 0 0 0.105263 0 0.105263 0.0526316 0.0526316 0.210526 0.315789 0.157895 0 0 0 0 0 0 0 

512 488 355 53 0 0.655738 0 0 0 0 0 0 0 0 0 0 0 0 0 0 0 0 0 0 0 0 0 0.133333 0.2 0.266667 0.266667 0.0666667 0.0666667 0 0 0 0 0 0 

