992 964 706 75 0 0.6639 0 0 0 0 0 0 0 0 0 0 0 0 0 0 0 0 0 0 0 0 0.0333333 0.1 0.166667 0.233333 0.166667 0.233333 0.0333333 0.0333333 0 0 0 0 0 

928 900 672 75 0 0.711111 0 0 0 0 0 0 0 0 0 0 0 0 0 0 0 0 0 0 0.0357143 0 0 0.0357143 0.142857 0.178571 0.214286 0.214286 0.107143 0.0714286 0 0 0 0 0 

1024 996 721 75 0 0.64257 0 0 0 0 0 0 0 0 0 0 0 0 0 0 0 0 0 0 0 0.0322581 0.0322581 0.0645161 0.129032 0.387097 0.16129 0.16129 0 0.0322581 0 0 0 0 0 

1024 996 727 75 0 0.64257 0 0 0 0 0 0 0 0 0 0 0 0 0 0 0 0 0 0 0 0 0.0645161 0.129032 0.0967742 0.258065 0.193548 0.0967742 0.16129 0 0 0 0 0 0 

992 971 708 75 0 0.659114 0 0 0 0 0 0 0 0 0 0 0 0 0 0 0 0 0 0 0.0333333 0 0 0.133333 0.166667 0.166667 0.3 0.1 0.0666667 0.0333333 0 0 0 0 0 

992 964 685 75 0 0.6639 0 0 0 0 0 0 0 0 0 0 0 0 0 0 0 0 0 0.0333333 0.0666667 0 0.0666667 0.0333333 0.166667 0.233333 0.2 0.133333 0.0666667 0 0 0 0 0 0 

992 969 703 75 0 0.660475 0 0 0 0 0 0 0 0 0 0 0 0 0 0 0 0 0 0 0 0.0333333 0.0666667 0.133333 0.0333333 0.233333 0.266667 0.2 0.0333333 0 0 0 0 0 0 

992 967 709 75 0 0.661841 0 0 0 0 0 0 0 0 0 0 0 0 0 0 0 0 0 0 0.0333333 0.0333333 0 0.133333 0.0333333 0.2 0.3 0.166667 0.0333333 0.0666667 0 0 0 0 0 

1056 1030 745 75 0 0.621359 0 0 0 0 0 0 0 0 0 0 0 0 0 0 0 0 0 0 0 0.0625 0.0625 0.0625 0.125 0.25 0.1875 0.15625 0.09375 0 0 0 0 0 0 

992 971 694 75 0 0.659114 0 0 0 0 0 0 0 0 0 0 0 0 0 0 0 0 0 0 0.0333333 0.0666667 0.0333333 0.1 0.166667 0.166667 0.233333 0.166667 0.0333333 0 0 0 0 0 0 

1024 996 706 75 0 0.64257 0 0 0 0 0 0 0 0 0 0 0 0 0 0 0 0 0 0 0 0 0.0322581 0.16129 0.322581 0.225806 0.129032 0.129032 0 0 0 0 0 0 0 

928 900 661 75 0 0.711111 0 0 0 0 0 0 0 0 0 0 0 0 0 0 0 0 0 0 0 0 0.0357143 0.142857 0.142857 0.25 0.107143 0.142857 0.107143 0.0714286 0 0 0 0 0 

992 969 699 75 0 0.660475 0 0 0 0 0 0 0 0 0 0 0 0 0 0 0 0 0 0 0 0 0.0666667 0.0666667 0.3 0.2 0.2 0.0666667 0.1 0 0 0 0 0 0 

1056 1027 746 75 0 0.623174 0 0 0 0 0 0 0 0 0 0 0 0 0 0 0 0 0 0 0 0.03125 0.0625 0.0625 0.15625 0.25 0.1875 0.15625 0.0625 0.03125 0 0 0 0 0 

992 967 701 75 0 0.661841 0 0 0 0 0 0 0 0 0 0 0 0 0 0 0 0 0 0 0 0.0333333 0.0666667 0.0666667 0.166667 0.2 0.2 0.233333 0.0333333 0 0 0 0 0 0 

992 967 697 75 0 0.661841 0 0 0 0 0 0 0 0 0 0 0 0 0 0 0 0 0 0 0 0 0.1 0.1 0.133333 0.233333 0.266667 0.133333 0.0333333 0 0 0 0 0 0 

960 933 689 75 0 0.685959 0 0 0 0 0 0 0 0 0 0 0 0 0 0 0 0 0 0 0 0.0344828 0 0 0.103448 0.275862 0.37931 0.172414 0.0344828 0 0 0 0 0 0 

960 931 686 75 0 0.687433 0 0 0 0 0 0 0 0 0 0 0 0 0 0 0 0 0 0 0 0.0344828 0.0689655 0 0.137931 0.206897 0.241379 0.206897 0.0344828 0.0689655 0 0 0 0 0 

928 900 669 75 0 0.711111 0 0 0 0 0 0 0 0 0 0 0 0 0 0 0 0 0 0 0.0357143 0 0.0357143 0.0357143 0.107143 0.142857 0.25 0.214286 0.178571 0 0 0 0 0 0 

992 964 704 75 0 0.6639 0 0 0 0 0 0 0 0 0 0 0 0 0 0 0 0 0 0 0 0 0.0333333 0.0333333 0.166667 0.4 0.133333 0.166667 0.0666667 0 0 0 0 0 0 

992 964 700 75 0 0.6639 0 0 0 0 0 0 0 0 0 0 0 0 0 0 0 0 0 0 0 0 0.0333333 0.1 0.166667 0.233333 0.266667 0.2 0 0 0 0 0 0 0 

992 967 705 75 0 0.661841 0 0 0 0 0 0 0 0 0 0 0 0 0 0 0 0 0 0 0 0.0333333 0 0.2 0.0333333 0.233333 0.2 0.266667 0.0333333 0 0 0 0 0 0 

1056 1030 735 75 0 0.621359 0 0 0 0 0 0 0 0 0 0 0 0 0 0 0 0 0 0 0 0 0.09375 0.21875 0.125 0.21875 0.09375 0.21875 0.03125 0 0 0 0 0 0 

992 969 709 75 0 0.660475 0 0 0 0 0 0 0 0 0 0 0 0 0 0 0 0 0 0 0.0333333 0.0333333 0.0333333 0.0666667 0.1 0.133333 0.3 0.233333 0.0666667 0 0 0 0 0 0 

992 964 703 75 0 0.6639 0 0 0 0 0 0 0 0 0 0 0 0 0 0 0 0 0 0 0 0 0.0333333 0.0666667 0.233333 0.2 0.233333 0.166667 0.0666667 0 0 0 0 0 0 

992 966 711 75 0 0.662526 0 0 0 0 0 0 0 0 0 0 0 0 0 0 0 0 0 0 0 0 0.0666667 0.1 0.133333 0.133333 0.2 0.266667 0.1 0 0 0 0 0 0 

992 966 702 75 0 0.662526 0 0 0 0 0 0 0 0 0 0 0 0 0 0 0 0 0 0 0 0.0333333 0.1 0.0333333 0.1 0.233333 0.233333 0.233333 0.0333333 0 0 0 0 0 0 

960 931 688 75 0 0.687433 0 0 0 0 0 0 0 0 0 0 0 0 0 0 0 0 0 0 0 0 0 0.0689655 0.172414 0.172414 0.344828 0.137931 0.103448 0 0 0 0 0 0 

992 969 709 75 0 0.660475 0 0 0 0 0 0 0 0 0 0 0 0 0 0 0 0 0 0 0 0 0 0.133333 0.133333 0.2 0.333333 0.2 0 0 0 0 0 0 0 

992 966 705 75 0 0.662526 0 0 0 0 0 0 0 0 0 0 0 0 0 0 0 0 0 0.0333333 0 0.0333333 0 0.0333333 0.166667 0.166667 0.333333 0.2 0 0.0333333 0 0 0 0 0 

928 900 663 75 0 0.711111 0 0 0 0 0 0 0 0 0 0 0 0 0 0 0 0 0 0 0 0.0357143 0.0357143 0.0357143 0.107143 0.214286 0.321429 0.142857 0.0714286 0.0357143 0 0 0 0 0 

960 937 691 75 0 0.683031 0 0 0 0 0 0 0 0 0 0 0 0 0 0 0 0 0 0 0 0.0344828 0.0344828 0.0344828 0.172414 0.206897 0.241379 0.103448 0.137931 0.0344828 0 0 0 0 0 

1024 993 714 75 0 0.644512 0 0 0 0 0 0 0 0 0 0 0 0 0 0 0 0 0 0 0.0322581 0 0.0645161 0.0967742 0.0645161 0.387097 0.16129 0.16129 0 0.0322581 0 0 0 0 0 

992 969 711 75 0 0.660475 0 0 0 0 0 0 0 0 0 0 0 0 0 0 0 0 0 0 0 0.0333333 0.133333 0.0333333 0.1 0.0666667 0.333333 0.2 0.0333333 0.0666667 0 0 0 0 0 

992 971 721 75 0 0.659114 0 0 0 0 0 0 0 0 0 0 0 0 0 0 0 0 0 0 0 0 0.0333333 0.0666667 0.166667 0.2 0.266667 0.0333333 0.2 0.0333333 0 0 0 0 0 

992 969 713 75 0 0.660475 0 0 0 0 0 0 0 0 0 0 0 0 0 0 0 0 0 0 0 0.0333333 0 0.1 0.1 0.266667 0.2 0.2 0.1 0 0 0 0 0 0 

992 966 708 75 0 0.662526 0 0 0 0 0 0 0 0 0 0 0 0 0 0 0 0 0 0 0 0 0.0333333 0.0333333 0.133333 0.433333 0.133333 0.166667 0.0333333 0.0333333 0 0 0 0 0 

992 967 706 75 0 0.661841 0 0 0 0 0 0 0 0 0 0 0 0 0 0 0 0 0 0 0 0.0333333 0.0666667 0.0333333 0.2 0.166667 0.2 0.2 0.1 0 0 0 0 0 0 

992 967 701 75 0 0.661841 0 0 0 0 0 0 0 0 0 0 0 0 0 0 0 0 0 0 0.0333333 0 0.0666667 0.1 0.0666667 0.166667 0.4 0.133333 0.0333333 0 0 0 0 0 0 

992 964 712 75 0 0.6639 0 0 0 0 0 0 0 0 0 0 0 0 0 0 0 0 0 0 0 0 0.0333333 0.1 0.133333 0.166667 0.233333 0.233333 0.0666667 0.0333333 0 0 0 0 0 

960 932 680 75 0 0.686695 0 0 0 0 0 0 0 0 0 0 0 0 0 0 0 0 0 0 0 0 0.0689655 0.103448 0.172414 0.137931 0.206897 0.241379 0.0689655 0 0 0 0 0 0 

992 967 701 75 0 0.661841 0 0 0 0 0 0 0 0 0 0 0 0 0 0 0 0 0 0 0 0.0333333 0 0.1 0.2 0.3 0.133333 0.166667 0.0666667 0 0 0 0 0 0 

1056 1030 735 75 0 0.621359 0 0 0 0 0 0 0 0 0 0 0 0 0 0 0 0 0 0 0 0 0.09375 0.21875 0.15625 0.125 0.28125 0.0625 0.03125 0 0.03125 0 0 0 0 

992 967 708 75 0 0.661841 0 0 0 0 0 0 0 0 0 0 0 0 0 0 0 0 0 0 0 0 0.0333333 0.0666667 0.166667 0.366667 0.133333 0.133333 0.0333333 0.0666667 0 0 0 0 0 

992 969 702 75 0 0.660475 0 0 0 0 0 0 0 0 0 0 0 0 0 0 0 0 0 0 0 0 0.0333333 0.133333 0.266667 0.233333 0.1 0.1 0.1 0.0333333 0 0 0 0 0 

992 966 709 75 0 0.662526 0 0 0 0 0 0 0 0 0 0 0 0 0 0 0 0 0 0 0 0 0.0666667 0.1 0.133333 0.233333 0.166667 0.133333 0.133333 0.0333333 0 0 0 0 0 

1024 993 706 75 0 0.644512 0 0 0 0 0 0 0 0 0 0 0 0 0 0 0 0 0 0 0.0322581 0.0322581 0.0645161 0.0967742 0.193548 0.225806 0.16129 0.129032 0.0645161 0 0 0 0 0 0 

992 964 712 75 0 0.6639 0 0 0 0 0 0 0 0 0 0 0 0 0 0 0 0 0 0 0 0 0 0.0333333 0.233333 0.2 0.233333 0.266667 0 0.0333333 0 0 0 0 0 

960 934 679 75 0 0.685225 0 0 0 0 0 0 0 0 0 0 0 0 0 0 0 0 0 0 0.0344828 0 0.0344828 0.103448 0.103448 0.275862 0.206897 0.137931 0.103448 0 0 0 0 0 0 

992 964 706 75 0 0.6639 0 0 0 0 0 0 0 0 0 0 0 0 0 0 0 0 0 0 0 0 0.0333333 0.0333333 0.2 0.333333 0.2 0.0666667 0.1 0.0333333 0 0 0 0 0 

992 967 709 75 0 0.661841 0 0 0 0 0 0 0 0 0 0 0 0 0 0 0 0 0 0 0 0 0.1 0.133333 0.1 0.0666667 0.3 0.2 0.0333333 0.0666667 0 0 0 0 0 

992 967 708 75 0 0.661841 0 0 0 0 0 0 0 0 0 0 0 0 0 0 0 0 0 0 0 0.0333333 0 0 0.2 0.4 0.2 0.0666667 0.0333333 0.0666667 0 0 0 0 0 

992 966 699 75 0 0.662526 0 0 0 0 0 0 0 0 0 0 0 0 0 0 0 0 0 0 0 0 0.1 0.0666667 0.133333 0.266667 0.266667 0.1 0.0666667 0 0 0 0 0 0 

992 971 713 75 0 0.659114 0 0 0 0 0 0 0 0 0 0 0 0 0 0 0 0 0 0 0 0.0333333 0.0333333 0.0333333 0.1 0.366667 0.2 0.1 0.133333 0 0 0 0 0 0 

960 931 689 75 0 0.687433 0 0 0 0 0 0 0 0 0 0 0 0 0 0 0 0 0 0 0 0 0.0344828 0.0689655 0.103448 0.275862 0.206897 0.172414 0.103448 0.0344828 0 0 0 0 0 

896 867 642 75 0 0.738178 0 0 0 0 0 0 0 0 0 0 0 0 0 0 0 0 0 0 0 0 0 0.148148 0.148148 0 0.444444 0.185185 0.037037 0 0.037037 0 0 0 0 

992 964 713 75 0 0.6639 0 0 0 0 0 0 0 0 0 0 0 0 0 0 0 0 0 0 0 0.0333333 0 0.0333333 0.1 0.233333 0.333333 0.2 0.0666667 0 0 0 0 0 0 

992 966 709 75 0 0.662526 0 0 0 0 0 0 0 0 0 0 0 0 0 0 0 0 0 0 0 0.0333333 0 0.0666667 0.133333 0.333333 0.2 0.1 0.1 0.0333333 0 0 0 0 0 

992 967 710 75 0 0.661841 0 0 0 0 0 0 0 0 0 0 0 0 0 0 0 0 0 0 0 0 0.0333333 0.133333 0.1 0.266667 0.133333 0.233333 0.1 0 0 0 0 0 0 

992 964 699 75 0 0.6639 0 0 0 0 0 0 0 0 0 0 0 0 0 0 0 0 0 0 0 0 0.0333333 0.0333333 0.2 0.333333 0.266667 0.133333 0 0 0 0 0 0 0 

992 972 695 75 0 0.658436 0 0 0 0 0 0 0 0 0 0 0 0 0 0 0 0 0 0 0 0.0666667 0.1 0.1 0.1 0.2 0.3 0.0666667 0.0666667 0 0 0 0 0 0 

992 966 704 75 0 0.662526 0 0 0 0 0 0 0 0 0 0 0 0 0 0 0 0 0 0 0 0 0.0666667 0.0666667 0.0666667 0.4 0.233333 0.0666667 0.1 0 0 0 0 0 0 

992 964 714 75 0 0.6639 0 0 0 0 0 0 0 0 0 0 0 0 0 0 0 0 0 0 0 0 0.0333333 0.0333333 0.133333 0.266667 0.166667 0.3 0.0666667 0 0 0 0 0 0 

992 966 704 75 0 0.662526 0 0 0 0 0 0 0 0 0 0 0 0 0 0 0 0 0 0 0 0 0 0.1 0.166667 0.333333 0.2 0.166667 0.0333333 0 0 0 0 0 0 

992 969 687 75 0 0.660475 0 0 0 0 0 0 0 0 0 0 0 0 0 0 0 0 0 0 0.0333333 0.0666667 0.0666667 0.1 0.166667 0.2 0.2 0.1 0.0666667 0 0 0 0 0 0 

992 971 710 75 0 0.659114 0 0 0 0 0 0 0 0 0 0 0 0 0 0 0 0 0 0 0 0.0333333 0 0.1 0.166667 0.233333 0.233333 0.166667 0.0333333 0.0333333 0 0 0 0 0 

992 971 703 75 0 0.659114 0 0 0 0 0 0 0 0 0 0 0 0 0 0 0 0 0 0 0 0.0333333 0.0333333 0.133333 0.0666667 0.3 0.3 0.0666667 0.0666667 0 0 0 0 0 0 

1024 993 711 75 0 0.644512 0 0 0 0 0 0 0 0 0 0 0 0 0 0 0 0 0 0 0 0 0.0967742 0.16129 0.16129 0.16129 0.193548 0.193548 0.0322581 0 0 0 0 0 0 

960 934 686 75 0 0.685225 0 0 0 0 0 0 0 0 0 0 0 0 0 0 0 0 0 0 0 0 0.0344828 0.103448 0.241379 0.137931 0.241379 0.0344828 0.137931 0.0689655 0 0 0 0 0 

992 971 703 75 0 0.659114 0 0 0 0 0 0 0 0 0 0 0 0 0 0 0 0 0 0 0 0 0.0666667 0.1 0.166667 0.266667 0.233333 0.1 0.0666667 0 0 0 0 0 0 

992 971 701 75 0 0.659114 0 0 0 0 0 0 0 0 0 0 0 0 0 0 0 0 0 0 0 0 0.133333 0.0666667 0.2 0.1 0.366667 0.0666667 0.0333333 0.0333333 0 0 0 0 0 

992 966 716 75 0 0.662526 0 0 0 0 0 0 0 0 0 0 0 0 0 0 0 0 0 0 0 0 0.0666667 0 0.166667 0.133333 0.333333 0.2 0.1 0 0 0 0 0 0 

992 967 705 75 0 0.661841 0 0 0 0 0 0 0 0 0 0 0 0 0 0 0 0 0 0 0 0.0333333 0 0.1 0.1 0.266667 0.366667 0.0666667 0.0666667 0 0 0 0 0 0 

1120 1089 784 75 0 0.587695 0 0 0 0 0 0 0 0 0 0 0 0 0 0 0 0 0 0 0.0294118 0.0294118 0.0294118 0.147059 0.176471 0.117647 0.176471 0.235294 0.0294118 0.0294118 0 0 0 0 0 

1088 1059 757 75 0 0.604344 0 0 0 0 0 0 0 0 0 0 0 0 0 0 0 0 0 0.030303 0 0 0.0606061 0.212121 0.0909091 0.212121 0.181818 0.121212 0.0606061 0.030303 0 0 0 0 0 

992 967 693 75 0 0.661841 0 0 0 0 0 0 0 0 0 0 0 0 0 0 0 0 0 0 0 0 0.0333333 0.166667 0.233333 0.266667 0.1 0.166667 0.0333333 0 0 0 0 0 0 

960 934 688 75 0 0.685225 0 0 0 0 0 0 0 0 0 0 0 0 0 0 0 0 0 0 0 0 0.0344828 0.0689655 0.137931 0.275862 0.206897 0.172414 0.0689655 0.0344828 0 0 0 0 0 

992 969 710 75 0 0.660475 0 0 0 0 0 0 0 0 0 0 0 0 0 0 0 0 0 0 0 0 0 0.1 0.2 0.266667 0.133333 0.266667 0.0333333 0 0 0 0 0 0 

928 900 664 75 0 0.711111 0 0 0 0 0 0 0 0 0 0 0 0 0 0 0 0 0 0 0 0 0 0.0714286 0.178571 0.25 0.214286 0.214286 0.0357143 0.0357143 0 0 0 0 0 

1056 1028 750 75 0 0.622568 0 0 0 0 0 0 0 0 0 0 0 0 0 0 0 0 0 0 0.03125 0.03125 0 0.03125 0.1875 0.25 0.25 0.15625 0 0.03125 0.03125 0 0 0 0 

992 971 709 75 0 0.659114 0 0 0 0 0 0 0 0 0 0 0 0 0 0 0 0 0 0 0 0 0 0.166667 0.133333 0.233333 0.333333 0 0.133333 0 0 0 0 0 0 

960 931 691 75 0 0.687433 0 0 0 0 0 0 0 0 0 0 0 0 0 0 0 0 0 0 0 0 0 0 0.275862 0.172414 0.241379 0.206897 0.0689655 0.0344828 0 0 0 0 0 

1088 1060 757 75 0 0.603774 0 0 0 0 0 0 0 0 0 0 0 0 0 0 0 0 0 0.030303 0 0 0.0606061 0.030303 0.333333 0.212121 0.121212 0.181818 0.030303 0 0 0 0 0 0 

992 969 706 75 0 0.660475 0 0 0 0 0 0 0 0 0 0 0 0 0 0 0 0 0 0 0 0 0.0333333 0.0666667 0.233333 0.2 0.266667 0.166667 0.0333333 0 0 0 0 0 0 

1024 993 700 75 0 0.644512 0 0 0 0 0 0 0 0 0 0 0 0 0 0 0 0 0 0 0 0.0322581 0.0322581 0.193548 0.290323 0.193548 0.129032 0.0967742 0 0.0322581 0 0 0 0 0 

960 934 682 75 0 0.685225 0 0 0 0 0 0 0 0 0 0 0 0 0 0 0 0 0 0 0 0 0.0344828 0.0689655 0.172414 0.275862 0.275862 0.103448 0.0344828 0.0344828 0 0 0 0 0 

992 971 693 75 0 0.659114 0 0 0 0 0 0 0 0 0 0 0 0 0 0 0 0 0 0 0.0333333 0 0.0333333 0.166667 0.166667 0.2 0.333333 0.0333333 0.0333333 0 0 0 0 0 0 

992 969 715 75 0 0.660475 0 0 0 0 0 0 0 0 0 0 0 0 0 0 0 0 0 0 0 0 0.0333333 0.0666667 0.0666667 0.3 0.3 0.166667 0.0666667 0 0 0 0 0 0 

1024 993 703 75 0 0.644512 0 0 0 0 0 0 0 0 0 0 0 0 0 0 0 0 0 0 0.0645161 0 0.0322581 0.129032 0.129032 0.322581 0.225806 0.0645161 0.0322581 0 0 0 0 0 0 

992 964 711 75 0 0.6639 0 0 0 0 0 0 0 0 0 0 0 0 0 0 0 0 0 0 0 0 0.0333333 0.1 0.2 0.1 0.266667 0.1 0.2 0 0 0 0 0 0 

928 902 665 75 0 0.709534 0 0 0 0 0 0 0 0 0 0 0 0 0 0 0 0 0 0 0 0 0 0.142857 0.214286 0.0714286 0.25 0.25 0.0357143 0 0.0357143 0 0 0 0 

992 964 705 75 0 0.6639 0 0 0 0 0 0 0 0 0 0 0 0 0 0 0 0 0 0 0 0 0 0.1 0.233333 0.166667 0.266667 0.166667 0.0666667 0 0 0 0 0 0 

992 967 703 75 0 0.661841 0 0 0 0 0 0 0 0 0 0 0 0 0 0 0 0 0 0 0.0333333 0.0333333 0.0333333 0.0666667 0.0666667 0.333333 0.133333 0.233333 0.0666667 0 0 0 0 0 0 

992 964 704 75 0 0.6639 0 0 0 0 0 0 0 0 0 0 0 0 0 0 0 0 0 0 0 0 0.0666667 0.0666667 0.2 0.133333 0.3 0.133333 0.1 0 0 0 0 0 0 

992 966 695 75 0 0.662526 0 0 0 0 0 0 0 0 0 0 0 0 0 0 0 0 0 0 0 0.0333333 0.1 0.133333 0.2 0.1 0.166667 0.133333 0.1 0.0333333 0 0 0 0 0 

960 934 690 75 0 0.685225 0 0 0 0 0 0 0 0 0 0 0 0 0 0 0 0 0 0 0 0.0344828 0 0.0689655 0.0689655 0.275862 0.310345 0.137931 0.0689655 0.0344828 0 0 0 0 0 

992 967 700 75 0 0.661841 0 0 0 0 0 0 0 0 0 0 0 0 0 0 0 0 0 0 0 0 0.133333 0.0666667 0.166667 0.166667 0.2 0.2 0.0666667 0 0 0 0 0 0 

992 969 694 75 0 0.660475 0 0 0 0 0 0 0 0 0 0 0 0 0 0 0 0 0 0 0 0 0.1 0.166667 0.166667 0.2 0.166667 0.133333 0.0666667 0 0 0 0 0 0 

1024 995 727 75 0 0.643216 0 0 0 0 0 0 0 0 0 0 0 0 0 0 0 0 0 0 0 0.0967742 0.0322581 0.0322581 0.0645161 0.193548 0.290323 0.193548 0.0967742 0 0 0 0 0 0 

1056 1030 744 75 0 0.621359 0 0 0 0 0 0 0 0 0 0 0 0 0 0 0 0 0 0 0 0.03125 0.125 0.03125 0.21875 0.125 0.21875 0.125 0.125 0 0 0 0 0 0 

