544 523 387 53 0 0.611855 0 0 0 0 0 0 0 0 0 0 0 0 0 0 0 0 0 0 0 0 0 0.125 0.0625 0.3125 0.1875 0.3125 0 0 0 0 0 0 0 

544 524 386 53 0 0.610687 0 0 0 0 0 0 0 0 0 0 0 0 0 0 0 0 0 0 0.0625 0 0 0 0.25 0.25 0.125 0.125 0.1875 0 0 0 0 0 0 

544 523 385 53 0 0.611855 0 0 0 0 0 0 0 0 0 0 0 0 0 0 0 0 0 0 0 0 0 0.0625 0.125 0.375 0.3125 0.0625 0.0625 0 0 0 0 0 0 

544 533 394 53 0 0.600375 0 0 0 0 0 0 0 0 0 0 0 0 0 0 0 0 0 0 0 0.0625 0 0.0625 0.1875 0.125 0.3125 0.1875 0.0625 0 0 0 0 0 0 

576 562 408 53 0 0.569395 0 0 0 0 0 0 0 0 0 0 0 0 0 0 0 0 0 0 0 0 0 0.117647 0.352941 0.294118 0.0588235 0.0588235 0.117647 0 0 0 0 0 0 

544 522 392 53 0 0.613027 0 0 0 0 0 0 0 0 0 0 0 0 0 0 0 0 0 0 0 0 0 0.0625 0.125 0.125 0.25 0.4375 0 0 0 0 0 0 0 

576 562 415 53 0 0.569395 0 0 0 0 0 0 0 0 0 0 0 0 0 0 0 0 0 0 0 0.0588235 0.0588235 0.0588235 0 0.294118 0.235294 0.235294 0.0588235 0 0 0 0 0 0 

544 524 386 53 0 0.610687 0 0 0 0 0 0 0 0 0 0 0 0 0 0 0 0 0 0 0 0 0.0625 0.0625 0.125 0.3125 0.125 0.25 0.0625 0 0 0 0 0 0 

544 537 399 53 0 0.595903 0 0 0 0 0 0 0 0 0 0 0 0 0 0 0 0 0 0 0 0 0.0625 0.0625 0.125 0.375 0.1875 0.0625 0 0.125 0 0 0 0 0 

544 524 383 53 0 0.610687 0 0 0 0 0 0 0 0 0 0 0 0 0 0 0 0 0 0 0 0 0.0625 0 0.25 0.25 0.25 0.1875 0 0 0 0 0 0 0 

544 523 387 53 0 0.611855 0 0 0 0 0 0 0 0 0 0 0 0 0 0 0 0 0 0 0 0 0 0.0625 0.25 0.1875 0.1875 0.25 0.0625 0 0 0 0 0 0 

608 597 431 53 0 0.536013 0 0 0 0 0 0 0 0 0 0 0 0 0 0 0 0 0 0 0 0 0.111111 0.111111 0.222222 0.277778 0.0555556 0.166667 0.0555556 0 0 0 0 0 0 

608 598 440 53 0 0.535117 0 0 0 0 0 0 0 0 0 0 0 0 0 0 0 0 0 0 0 0.0555556 0 0.166667 0.111111 0.166667 0.277778 0.111111 0.0555556 0.0555556 0 0 0 0 0 

608 595 435 53 0 0.537815 0 0 0 0 0 0 0 0 0 0 0 0 0 0 0 0 0 0 0 0 0.0555556 0.0555556 0.166667 0.333333 0.222222 0.166667 0 0 0 0 0 0 0 

544 533 391 53 0 0.600375 0 0 0 0 0 0 0 0 0 0 0 0 0 0 0 0 0 0 0.0625 0 0 0.125 0.0625 0.25 0.25 0.25 0 0 0 0 0 0 0 

544 533 396 53 0 0.600375 0 0 0 0 0 0 0 0 0 0 0 0 0 0 0 0 0 0 0 0 0.0625 0.125 0.0625 0.125 0.375 0.1875 0.0625 0 0 0 0 0 0 

544 524 393 53 0 0.610687 0 0 0 0 0 0 0 0 0 0 0 0 0 0 0 0 0 0 0 0 0 0 0.0625 0.375 0.3125 0.1875 0.0625 0 0 0 0 0 0 

544 523 386 53 0 0.611855 0 0 0 0 0 0 0 0 0 0 0 0 0 0 0 0 0 0 0 0.0625 0.0625 0 0.125 0.125 0.3125 0.25 0.0625 0 0 0 0 0 0 

480 453 341 53 0 0.706402 0 0 0 0 0 0 0 0 0 0 0 0 0 0 0 0 0 0 0 0 0 0 0.142857 0.214286 0.285714 0.214286 0.142857 0 0 0 0 0 0 

576 562 403 53 0 0.569395 0 0 0 0 0 0 0 0 0 0 0 0 0 0 0 0 0 0 0 0 0.117647 0.235294 0.176471 0.0588235 0.235294 0.117647 0.0588235 0 0 0 0 0 0 

576 561 412 53 0 0.57041 0 0 0 0 0 0 0 0 0 0 0 0 0 0 0 0 0 0 0.0588235 0 0.117647 0.0588235 0.0588235 0.352941 0.0588235 0.0588235 0.0588235 0.176471 0 0 0 0 0 

576 562 415 53 0 0.569395 0 0 0 0 0 0 0 0 0 0 0 0 0 0 0 0 0 0 0 0 0 0.0588235 0.294118 0.235294 0.176471 0.117647 0.117647 0 0 0 0 0 0 

576 562 415 53 0 0.569395 0 0 0 0 0 0 0 0 0 0 0 0 0 0 0 0 0 0 0 0 0 0.176471 0.176471 0.235294 0.0588235 0.235294 0.117647 0 0 0 0 0 0 

544 531 397 53 0 0.602637 0 0 0 0 0 0 0 0 0 0 0 0 0 0 0 0 0 0 0 0 0.0625 0.0625 0 0.25 0.4375 0.0625 0.125 0 0 0 0 0 0 

576 562 416 53 0 0.569395 0 0 0 0 0 0 0 0 0 0 0 0 0 0 0 0 0 0 0 0 0 0.0588235 0.176471 0.352941 0.176471 0.176471 0.0588235 0 0 0 0 0 0 

544 533 384 53 0 0.600375 0 0 0 0 0 0 0 0 0 0 0 0 0 0 0 0 0 0 0 0 0.0625 0.125 0.25 0.375 0.0625 0.0625 0.0625 0 0 0 0 0 0 

544 526 384 53 0 0.608365 0 0 0 0 0 0 0 0 0 0 0 0 0 0 0 0 0 0 0 0.0625 0.125 0.0625 0.0625 0.125 0.3125 0.1875 0 0.0625 0 0 0 0 0 

544 523 387 53 0 0.611855 0 0 0 0 0 0 0 0 0 0 0 0 0 0 0 0 0 0 0 0 0 0 0.3125 0.1875 0.25 0.1875 0.0625 0 0 0 0 0 0 

544 523 390 53 0 0.611855 0 0 0 0 0 0 0 0 0 0 0 0 0 0 0 0 0 0 0 0 0 0.125 0 0.3125 0.1875 0.375 0 0 0 0 0 0 0 

608 598 422 53 0 0.535117 0 0 0 0 0 0 0 0 0 0 0 0 0 0 0 0 0 0 0 0 0.166667 0.333333 0 0.222222 0.166667 0.111111 0 0 0 0 0 0 0 

576 561 402 53 0 0.57041 0 0 0 0 0 0 0 0 0 0 0 0 0 0 0 0 0 0 0.117647 0 0.0588235 0 0.117647 0.294118 0.294118 0.117647 0 0 0 0 0 0 0 

544 523 391 53 0 0.611855 0 0 0 0 0 0 0 0 0 0 0 0 0 0 0 0 0 0 0 0 0.0625 0 0.125 0.25 0.1875 0.25 0.125 0 0 0 0 0 0 

544 533 390 53 0 0.600375 0 0 0 0 0 0 0 0 0 0 0 0 0 0 0 0 0 0 0 0 0 0.1875 0.125 0.3125 0.25 0.0625 0.0625 0 0 0 0 0 0 

544 524 386 53 0 0.610687 0 0 0 0 0 0 0 0 0 0 0 0 0 0 0 0 0 0 0 0.0625 0 0.125 0.0625 0.3125 0.0625 0.25 0.125 0 0 0 0 0 0 

608 595 427 53 0 0.537815 0 0 0 0 0 0 0 0 0 0 0 0 0 0 0 0 0 0 0 0.0555556 0.0555556 0.0555556 0.166667 0.388889 0.222222 0.0555556 0 0 0 0 0 0 0 

608 598 430 53 0 0.535117 0 0 0 0 0 0 0 0 0 0 0 0 0 0 0 0 0 0 0 0 0.0555556 0.166667 0.111111 0.444444 0.166667 0.0555556 0 0 0 0 0 0 0 

608 588 427 53 0 0.544218 0 0 0 0 0 0 0 0 0 0 0 0 0 0 0 0 0 0 0 0 0.111111 0.0555556 0.111111 0.333333 0.222222 0.111111 0.0555556 0 0 0 0 0 0 

576 562 409 53 0 0.569395 0 0 0 0 0 0 0 0 0 0 0 0 0 0 0 0 0 0 0.0588235 0 0 0.0588235 0.117647 0.235294 0.529412 0 0 0 0 0 0 0 0 

544 528 379 53 0 0.606061 0 0 0 0 0 0 0 0 0 0 0 0 0 0 0 0 0 0 0 0.125 0 0.125 0.1875 0.1875 0.125 0.25 0 0 0 0 0 0 0 

544 524 385 53 0 0.610687 0 0 0 0 0 0 0 0 0 0 0 0 0 0 0 0 0 0 0 0 0 0.1875 0.125 0.3125 0.125 0.0625 0.1875 0 0 0 0 0 0 

544 537 399 53 0 0.595903 0 0 0 0 0 0 0 0 0 0 0 0 0 0 0 0 0 0 0 0 0.0625 0.125 0.125 0.25 0.0625 0.25 0.125 0 0 0 0 0 0 

544 523 382 53 0 0.611855 0 0 0 0 0 0 0 0 0 0 0 0 0 0 0 0 0 0 0 0.0625 0.0625 0.0625 0.125 0.125 0.4375 0 0.0625 0.0625 0 0 0 0 0 

544 533 401 53 0 0.600375 0 0 0 0 0 0 0 0 0 0 0 0 0 0 0 0 0 0 0 0 0.0625 0 0 0.5 0.0625 0.25 0.125 0 0 0 0 0 0 

544 531 394 53 0 0.602637 0 0 0 0 0 0 0 0 0 0 0 0 0 0 0 0 0 0 0 0 0.0625 0.0625 0.125 0.25 0.1875 0.25 0.0625 0 0 0 0 0 0 

672 650 471 53 0 0.492308 0 0 0 0 0 0 0 0 0 0 0 0 0 0 0 0 0 0 0 0 0.1 0.2 0.05 0.2 0.2 0.15 0.1 0 0 0 0 0 0 

608 595 426 53 0 0.537815 0 0 0 0 0 0 0 0 0 0 0 0 0 0 0 0 0 0 0.0555556 0 0.0555556 0.111111 0.222222 0.333333 0 0.166667 0.0555556 0 0 0 0 0 0 

544 524 379 53 0 0.610687 0 0 0 0 0 0 0 0 0 0 0 0 0 0 0 0 0 0 0 0 0.0625 0.25 0.125 0.125 0.25 0.0625 0.125 0 0 0 0 0 0 

608 594 423 53 0 0.538721 0 0 0 0 0 0 0 0 0 0 0 0 0 0 0 0 0 0 0 0.0555556 0.111111 0.111111 0.277778 0.111111 0.222222 0.0555556 0 0.0555556 0 0 0 0 0 

608 594 431 53 0 0.538721 0 0 0 0 0 0 0 0 0 0 0 0 0 0 0 0 0 0 0 0 0.0555556 0.111111 0.222222 0.277778 0.166667 0.111111 0.0555556 0 0 0 0 0 0 

544 524 387 53 0 0.610687 0 0 0 0 0 0 0 0 0 0 0 0 0 0 0 0 0 0 0 0.0625 0 0 0.1875 0.25 0.25 0.125 0.125 0 0 0 0 0 0 

544 531 394 53 0 0.602637 0 0 0 0 0 0 0 0 0 0 0 0 0 0 0 0 0 0 0 0 0.125 0.0625 0.1875 0.1875 0.1875 0.0625 0.0625 0 0.125 0 0 0 0 

576 562 407 53 0 0.569395 0 0 0 0 0 0 0 0 0 0 0 0 0 0 0 0 0 0 0 0 0.0588235 0.176471 0.235294 0.117647 0.235294 0.117647 0.0588235 0 0 0 0 0 0 

544 531 397 53 0 0.602637 0 0 0 0 0 0 0 0 0 0 0 0 0 0 0 0 0 0 0 0 0 0.0625 0.125 0.1875 0.4375 0.125 0.0625 0 0 0 0 0 0 

576 562 412 53 0 0.569395 0 0 0 0 0 0 0 0 0 0 0 0 0 0 0 0 0 0 0 0 0.0588235 0.117647 0.176471 0.235294 0.176471 0.176471 0 0.0588235 0 0 0 0 0 

544 537 390 53 0 0.595903 0 0 0 0 0 0 0 0 0 0 0 0 0 0 0 0 0 0 0 0.0625 0 0.125 0.1875 0.3125 0.125 0.1875 0 0 0 0 0 0 0 

608 598 435 53 0 0.535117 0 0 0 0 0 0 0 0 0 0 0 0 0 0 0 0 0 0 0 0.0555556 0.111111 0.111111 0.166667 0.0555556 0.333333 0.0555556 0 0.111111 0 0 0 0 0 

544 524 384 53 0 0.610687 0 0 0 0 0 0 0 0 0 0 0 0 0 0 0 0 0 0 0 0 0.0625 0.125 0.125 0.25 0.125 0.25 0.0625 0 0 0 0 0 0 

544 523 387 53 0 0.611855 0 0 0 0 0 0 0 0 0 0 0 0 0 0 0 0 0 0 0 0 0 0.125 0.125 0.25 0.1875 0.25 0.0625 0 0 0 0 0 0 

544 528 388 53 0 0.606061 0 0 0 0 0 0 0 0 0 0 0 0 0 0 0 0 0 0 0 0 0.125 0 0.1875 0.1875 0.25 0.1875 0.0625 0 0 0 0 0 0 

608 598 438 53 0 0.535117 0 0 0 0 0 0 0 0 0 0 0 0 0 0 0 0 0 0 0 0.0555556 0.0555556 0 0.166667 0.388889 0.111111 0.111111 0.111111 0 0 0 0 0 0 

544 524 379 53 0 0.610687 0 0 0 0 0 0 0 0 0 0 0 0 0 0 0 0 0 0 0 0 0 0.1875 0.125 0.375 0.25 0 0.0625 0 0 0 0 0 0 

544 523 388 53 0 0.611855 0 0 0 0 0 0 0 0 0 0 0 0 0 0 0 0 0 0 0 0.0625 0 0.125 0.0625 0.25 0.125 0.1875 0.125 0.0625 0 0 0 0 0 

544 524 381 53 0 0.610687 0 0 0 0 0 0 0 0 0 0 0 0 0 0 0 0 0 0 0 0.0625 0 0.0625 0.3125 0.1875 0.125 0.125 0.125 0 0 0 0 0 0 

544 533 393 53 0 0.600375 0 0 0 0 0 0 0 0 0 0 0 0 0 0 0 0 0 0 0 0 0.0625 0.0625 0.1875 0.3125 0.1875 0.0625 0.0625 0.0625 0 0 0 0 0 

544 524 381 53 0 0.610687 0 0 0 0 0 0 0 0 0 0 0 0 0 0 0 0 0 0 0 0 0.0625 0.3125 0 0.125 0.25 0.1875 0 0.0625 0 0 0 0 0 

544 524 383 53 0 0.610687 0 0 0 0 0 0 0 0 0 0 0 0 0 0 0 0 0 0 0 0.0625 0 0.0625 0.0625 0.4375 0.25 0.0625 0 0.0625 0 0 0 0 0 

576 562 409 53 0 0.569395 0 0 0 0 0 0 0 0 0 0 0 0 0 0 0 0 0 0 0 0 0 0.117647 0.294118 0.235294 0.176471 0.176471 0 0 0 0 0 0 0 

544 524 389 53 0 0.610687 0 0 0 0 0 0 0 0 0 0 0 0 0 0 0 0 0 0 0 0 0.0625 0.0625 0.125 0.125 0.375 0.125 0.125 0 0 0 0 0 0 

608 595 432 53 0 0.537815 0 0 0 0 0 0 0 0 0 0 0 0 0 0 0 0 0 0 0 0 0.0555556 0.222222 0.111111 0.166667 0.333333 0.0555556 0 0.0555556 0 0 0 0 0 

544 523 388 53 0 0.611855 0 0 0 0 0 0 0 0 0 0 0 0 0 0 0 0 0 0 0 0 0 0.0625 0.25 0.1875 0.25 0.125 0.0625 0.0625 0 0 0 0 0 

576 562 413 53 0 0.569395 0 0 0 0 0 0 0 0 0 0 0 0 0 0 0 0 0 0 0 0 0 0.176471 0.176471 0.294118 0.0588235 0.176471 0.117647 0 0 0 0 0 0 

544 533 395 53 0 0.600375 0 0 0 0 0 0 0 0 0 0 0 0 0 0 0 0 0 0 0 0 0 0.0625 0.1875 0.3125 0.25 0.125 0.0625 0 0 0 0 0 0 

544 524 386 53 0 0.610687 0 0 0 0 0 0 0 0 0 0 0 0 0 0 0 0 0 0 0 0.0625 0 0.125 0.125 0.1875 0.1875 0.125 0.1875 0 0 0 0 0 0 

544 524 395 53 0 0.610687 0 0 0 0 0 0 0 0 0 0 0 0 0 0 0 0 0 0 0 0.0625 0 0.0625 0.125 0.1875 0.0625 0.25 0.125 0.125 0 0 0 0 0 

544 524 395 53 0 0.610687 0 0 0 0 0 0 0 0 0 0 0 0 0 0 0 0 0 0 0 0 0 0.0625 0.125 0.125 0.25 0.375 0.0625 0 0 0 0 0 0 

576 562 418 53 0 0.569395 0 0 0 0 0 0 0 0 0 0 0 0 0 0 0 0 0 0 0 0 0 0 0.294118 0.117647 0.352941 0.235294 0 0 0 0 0 0 0 

608 598 441 53 0 0.535117 0 0 0 0 0 0 0 0 0 0 0 0 0 0 0 0 0 0 0 0.0555556 0.0555556 0.0555556 0.111111 0.222222 0.277778 0.111111 0.0555556 0.0555556 0 0 0 0 0 

608 598 428 53 0 0.535117 0 0 0 0 0 0 0 0 0 0 0 0 0 0 0 0 0 0 0 0 0.0555556 0.111111 0.333333 0.277778 0.166667 0.0555556 0 0 0 0 0 0 0 

672 651 468 53 0 0.491551 0 0 0 0 0 0 0 0 0 0 0 0 0 0 0 0 0 0 0 0.05 0.1 0.15 0.1 0.15 0.25 0.1 0.1 0 0 0 0 0 0 

544 523 384 53 0 0.611855 0 0 0 0 0 0 0 0 0 0 0 0 0 0 0 0 0 0 0 0 0 0.125 0.3125 0.125 0.25 0.0625 0.0625 0 0.0625 0 0 0 0 

544 523 383 53 0 0.611855 0 0 0 0 0 0 0 0 0 0 0 0 0 0 0 0 0 0 0 0 0 0 0.1875 0.4375 0.3125 0.0625 0 0 0 0 0 0 0 

544 524 385 53 0 0.610687 0 0 0 0 0 0 0 0 0 0 0 0 0 0 0 0 0 0 0 0 0.0625 0 0.125 0.4375 0.25 0 0.125 0 0 0 0 0 0 

544 533 392 53 0 0.600375 0 0 0 0 0 0 0 0 0 0 0 0 0 0 0 0 0 0 0 0.0625 0 0.1875 0.0625 0.125 0.375 0.0625 0.125 0 0 0 0 0 0 

608 597 440 53 0 0.536013 0 0 0 0 0 0 0 0 0 0 0 0 0 0 0 0 0 0 0 0 0.0555556 0.0555556 0.222222 0.333333 0.0555556 0.111111 0.166667 0 0 0 0 0 0 

544 523 394 53 0 0.611855 0 0 0 0 0 0 0 0 0 0 0 0 0 0 0 0 0 0 0 0 0 0.125 0 0.25 0.1875 0.3125 0.125 0 0 0 0 0 0 

544 524 387 53 0 0.610687 0 0 0 0 0 0 0 0 0 0 0 0 0 0 0 0 0 0 0 0 0.0625 0.0625 0.0625 0.375 0.1875 0.125 0.125 0 0 0 0 0 0 

576 562 404 53 0 0.569395 0 0 0 0 0 0 0 0 0 0 0 0 0 0 0 0 0 0 0 0 0.117647 0 0.411765 0.235294 0.117647 0.0588235 0 0.0588235 0 0 0 0 0 

576 562 406 53 0 0.569395 0 0 0 0 0 0 0 0 0 0 0 0 0 0 0 0 0 0 0 0 0.0588235 0.294118 0.117647 0.0588235 0.294118 0.117647 0.0588235 0 0 0 0 0 0 

576 561 414 53 0 0.57041 0 0 0 0 0 0 0 0 0 0 0 0 0 0 0 0 0 0 0 0.0588235 0.0588235 0.0588235 0.0588235 0.176471 0.294118 0.235294 0.0588235 0 0 0 0 0 0 

576 562 404 53 0 0.569395 0 0 0 0 0 0 0 0 0 0 0 0 0 0 0 0 0 0 0 0 0 0.352941 0.176471 0.0588235 0.235294 0.176471 0 0 0 0 0 0 0 

544 523 392 53 0 0.611855 0 0 0 0 0 0 0 0 0 0 0 0 0 0 0 0 0 0 0 0 0.0625 0.0625 0.0625 0.3125 0.0625 0.25 0.125 0.0625 0 0 0 0 0 

576 562 400 53 0 0.569395 0 0 0 0 0 0 0 0 0 0 0 0 0 0 0 0 0 0 0 0 0.117647 0.235294 0.117647 0.235294 0.176471 0.117647 0 0 0 0 0 0 0 

544 533 390 53 0 0.600375 0 0 0 0 0 0 0 0 0 0 0 0 0 0 0 0 0 0 0 0 0 0.125 0.1875 0.375 0.125 0.1875 0 0 0 0 0 0 0 

544 523 395 53 0 0.611855 0 0 0 0 0 0 0 0 0 0 0 0 0 0 0 0 0 0 0 0 0 0 0.25 0.125 0.25 0.25 0.0625 0 0.0625 0 0 0 0 

704 686 495 53 0 0.466472 0 0 0 0 0 0 0 0 0 0 0 0 0 0 0 0 0 0 0 0 0.0952381 0.190476 0.0952381 0.285714 0.0952381 0.142857 0.0952381 0 0 0 0 0 0 

544 523 398 53 0 0.611855 0 0 0 0 0 0 0 0 0 0 0 0 0 0 0 0 0 0 0 0 0 0.125 0.0625 0.125 0.1875 0.1875 0.3125 0 0 0 0 0 0 

544 533 399 53 0 0.600375 0 0 0 0 0 0 0 0 0 0 0 0 0 0 0 0 0 0 0 0 0.125 0 0.0625 0.1875 0.25 0.3125 0.0625 0 0 0 0 0 0 

544 533 386 53 0 0.600375 0 0 0 0 0 0 0 0 0 0 0 0 0 0 0 0 0 0 0 0.0625 0 0.125 0.1875 0.25 0.25 0.125 0 0 0 0 0 0 0 

544 532 387 53 0 0.601504 0 0 0 0 0 0 0 0 0 0 0 0 0 0 0 0 0 0 0 0.1875 0.0625 0.0625 0.0625 0.125 0.25 0.0625 0.0625 0.125 0 0 0 0 0 

544 524 390 53 0 0.610687 0 0 0 0 0 0 0 0 0 0 0 0 0 0 0 0 0 0 0 0 0.0625 0 0.125 0.25 0.4375 0 0 0.125 0 0 0 0 0 

