3072 3057 2255 120 0 0.523389 0 0 0 0 0 0 0 0 0 0 0 0 0 0 0 0 0 0 0 0.0105263 0.0315789 0.0947368 0.105263 0.231579 0.178947 0.231579 0.115789 0 0 0 0 0 0 

2944 2921 2100 120 0 0.547758 0 0 0 0 0 0 0 0 0 0 0 0 0 0 0 0 0 0 0 0.0659341 0.043956 0.131868 0.0989011 0.21978 0.263736 0.0659341 0.0989011 0.010989 0 0 0 0 0 

3008 2993 2163 120 0 0.534581 0 0 0 0 0 0 0 0 0 0 0 0 0 0 0 0 0 0 0.0107527 0.0215054 0.0645161 0.0537634 0.150538 0.301075 0.182796 0.16129 0.0537634 0 0 0 0 0 0 

2976 2968 2181 120 0 0.539084 0 0 0 0 0 0 0 0 0 0 0 0 0 0 0 0 0 0 0 0 0.0326087 0.0869565 0.173913 0.173913 0.271739 0.173913 0.076087 0.0108696 0 0 0 0 0 

3264 3257 2349 120 0 0.49125 0 0 0 0 0 0 0 0 0 0 0 0 0 0 0 0.00990099 0.00990099 0 0.00990099 0.029703 0.019802 0.049505 0.237624 0.227723 0.158416 0.188119 0.049505 0.00990099 0 0 0 0 0 

3008 2993 2207 120 0 0.534581 0 0 0 0 0 0 0 0 0 0 0 0 0 0 0 0 0 0 0 0.0107527 0.0322581 0.129032 0.11828 0.182796 0.193548 0.172043 0.129032 0.0215054 0.0107527 0 0 0 0 

2976 2966 2166 120 0 0.539447 0 0 0 0 0 0 0 0 0 0 0 0 0 0 0 0 0 0 0 0.0326087 0.0326087 0.0869565 0.163043 0.206522 0.23913 0.141304 0.0543478 0.0326087 0.0108696 0 0 0 0 

3008 2988 2154 120 0 0.535475 0 0 0 0 0 0 0 0 0 0 0 0 0 0 0 0 0 0 0.0107527 0.0107527 0.0752688 0.0967742 0.193548 0.193548 0.204301 0.139785 0.0537634 0.0107527 0.0107527 0 0 0 0 

3072 3055 2216 120 0 0.523732 0 0 0 0 0 0 0 0 0 0 0 0 0 0 0 0 0 0.0105263 0 0.0105263 0.0105263 0.0947368 0.221053 0.221053 0.221053 0.147368 0.0526316 0.0105263 0 0 0 0 0 

3008 2988 2177 120 0 0.535475 0 0 0 0 0 0 0 0 0 0 0 0 0 0 0 0 0 0 0.0107527 0.0107527 0.0645161 0.0752688 0.0967742 0.215054 0.322581 0.129032 0.0645161 0.0107527 0 0 0 0 0 

