704 678 491 53 0 0.471976 0 0 0 0 0 0 0 0 0 0 0 0 0 0 0 0 0 0 0 0 0.0952381 0.0952381 0.190476 0.190476 0.190476 0.142857 0.0952381 0 0 0 0 0 0 

672 655 479 53 0 0.48855 0 0 0 0 0 0 0 0 0 0 0 0 0 0 0 0 0 0 0 0 0 0.1 0.2 0.25 0.35 0.05 0.05 0 0 0 0 0 0 

672 655 481 53 0 0.48855 0 0 0 0 0 0 0 0 0 0 0 0 0 0 0 0 0 0 0 0 0 0.15 0.1 0.35 0.2 0.1 0.1 0 0 0 0 0 0 

672 655 466 53 0 0.48855 0 0 0 0 0 0 0 0 0 0 0 0 0 0 0 0 0 0 0 0 0.05 0.15 0.3 0.25 0.2 0.05 0 0 0 0 0 0 0 

672 655 492 53 0 0.48855 0 0 0 0 0 0 0 0 0 0 0 0 0 0 0 0 0 0 0 0 0 0.05 0.15 0.3 0.1 0.2 0.2 0 0 0 0 0 0 

704 678 487 53 0 0.471976 0 0 0 0 0 0 0 0 0 0 0 0 0 0 0 0 0 0 0 0.047619 0.047619 0.142857 0.190476 0.0952381 0.285714 0.142857 0.047619 0 0 0 0 0 0 

672 655 481 53 0 0.48855 0 0 0 0 0 0 0 0 0 0 0 0 0 0 0 0 0 0 0 0.05 0.05 0.05 0.1 0.3 0.2 0.15 0.05 0.05 0 0 0 0 0 

704 680 496 53 0 0.470588 0 0 0 0 0 0 0 0 0 0 0 0 0 0 0 0 0 0 0 0 0.142857 0.047619 0.190476 0.190476 0.190476 0.0952381 0.047619 0.047619 0.047619 0 0 0 0 

672 657 487 53 0 0.487062 0 0 0 0 0 0 0 0 0 0 0 0 0 0 0 0 0 0 0 0 0 0.05 0.15 0.3 0.25 0.25 0 0 0 0 0 0 0 

704 680 483 53 0 0.470588 0 0 0 0 0 0 0 0 0 0 0 0 0 0 0 0 0 0 0 0.047619 0.047619 0.0952381 0.285714 0.190476 0.238095 0.0952381 0 0 0 0 0 0 0 

704 679 482 53 0 0.471281 0 0 0 0 0 0 0 0 0 0 0 0 0 0 0 0 0 0.047619 0 0.047619 0 0.238095 0.142857 0.0952381 0.190476 0.190476 0.047619 0 0 0 0 0 0 

704 679 504 53 0 0.471281 0 0 0 0 0 0 0 0 0 0 0 0 0 0 0 0 0 0 0 0 0.047619 0 0.238095 0.190476 0.190476 0.190476 0.0952381 0.047619 0 0 0 0 0 

672 655 496 53 0 0.48855 0 0 0 0 0 0 0 0 0 0 0 0 0 0 0 0 0 0 0 0 0 0.05 0.15 0.05 0.4 0.25 0 0.1 0 0 0 0 0 

672 655 477 53 0 0.48855 0 0 0 0 0 0 0 0 0 0 0 0 0 0 0 0 0 0 0 0 0.1 0.1 0.1 0.25 0.25 0.15 0.05 0 0 0 0 0 0 

672 655 470 53 0 0.48855 0 0 0 0 0 0 0 0 0 0 0 0 0 0 0 0 0 0 0 0.05 0.1 0.1 0.2 0.15 0.15 0.25 0 0 0 0 0 0 0 

704 679 478 53 0 0.471281 0 0 0 0 0 0 0 0 0 0 0 0 0 0 0 0 0 0 0.047619 0 0.142857 0.190476 0.190476 0.047619 0.238095 0.047619 0.047619 0.047619 0 0 0 0 0 

704 680 498 53 0 0.470588 0 0 0 0 0 0 0 0 0 0 0 0 0 0 0 0 0 0 0 0 0 0.047619 0.333333 0.238095 0.142857 0.142857 0.047619 0.047619 0 0 0 0 0 

672 656 495 53 0 0.487805 0 0 0 0 0 0 0 0 0 0 0 0 0 0 0 0 0 0 0 0 0 0 0.15 0.15 0.35 0.3 0.05 0 0 0 0 0 0 

704 680 481 53 0 0.470588 0 0 0 0 0 0 0 0 0 0 0 0 0 0 0 0 0 0 0 0.047619 0.047619 0.190476 0.238095 0.142857 0.190476 0.142857 0 0 0 0 0 0 0 

704 679 495 53 0 0.471281 0 0 0 0 0 0 0 0 0 0 0 0 0 0 0 0 0 0 0 0 0 0.142857 0.285714 0.190476 0.142857 0.142857 0 0.0952381 0 0 0 0 0 

704 680 508 53 0 0.470588 0 0 0 0 0 0 0 0 0 0 0 0 0 0 0 0 0 0 0 0 0.047619 0.047619 0.047619 0.285714 0.238095 0.190476 0.0952381 0.047619 0 0 0 0 0 

704 679 500 53 0 0.471281 0 0 0 0 0 0 0 0 0 0 0 0 0 0 0 0 0 0 0 0 0 0.142857 0.047619 0.190476 0.47619 0.0952381 0.047619 0 0 0 0 0 0 

672 657 487 53 0 0.487062 0 0 0 0 0 0 0 0 0 0 0 0 0 0 0 0 0 0 0 0 0 0.2 0.15 0.15 0.1 0.25 0.15 0 0 0 0 0 0 

672 655 484 53 0 0.48855 0 0 0 0 0 0 0 0 0 0 0 0 0 0 0 0 0 0 0 0 0 0 0.2 0.35 0.35 0 0.1 0 0 0 0 0 0 

672 655 487 53 0 0.48855 0 0 0 0 0 0 0 0 0 0 0 0 0 0 0 0 0 0 0.05 0 0.05 0.05 0 0.2 0.25 0.35 0.05 0 0 0 0 0 0 

672 655 474 53 0 0.48855 0 0 0 0 0 0 0 0 0 0 0 0 0 0 0 0 0 0 0.05 0 0 0.15 0.15 0.25 0.2 0.15 0.05 0 0 0 0 0 0 

672 657 485 53 0 0.487062 0 0 0 0 0 0 0 0 0 0 0 0 0 0 0 0 0 0 0.05 0 0.05 0.15 0.05 0.1 0.2 0.35 0 0 0.05 0 0 0 0 

672 657 491 53 0 0.487062 0 0 0 0 0 0 0 0 0 0 0 0 0 0 0 0 0 0 0 0 0 0.1 0.1 0.2 0.35 0.1 0.15 0 0 0 0 0 0 

704 679 490 53 0 0.471281 0 0 0 0 0 0 0 0 0 0 0 0 0 0 0 0 0 0 0 0 0.142857 0 0.238095 0.333333 0 0.238095 0 0.047619 0 0 0 0 0 

672 655 475 53 0 0.48855 0 0 0 0 0 0 0 0 0 0 0 0 0 0 0 0 0 0 0.05 0.05 0.05 0.05 0.2 0.1 0.25 0.1 0.15 0 0 0 0 0 0 

672 655 478 53 0 0.48855 0 0 0 0 0 0 0 0 0 0 0 0 0 0 0 0 0 0 0 0 0 0.15 0.3 0.2 0.1 0.15 0.05 0.05 0 0 0 0 0 

672 657 483 53 0 0.487062 0 0 0 0 0 0 0 0 0 0 0 0 0 0 0 0 0 0 0 0 0 0.1 0.2 0.2 0.35 0.1 0.05 0 0 0 0 0 0 

672 655 484 53 0 0.48855 0 0 0 0 0 0 0 0 0 0 0 0 0 0 0 0 0 0 0 0 0.05 0.05 0.25 0.1 0.25 0.2 0.1 0 0 0 0 0 0 

672 657 478 53 0 0.487062 0 0 0 0 0 0 0 0 0 0 0 0 0 0 0 0 0 0.05 0 0 0 0 0.35 0.3 0.1 0.05 0.1 0.05 0 0 0 0 0 

704 679 494 53 0 0.471281 0 0 0 0 0 0 0 0 0 0 0 0 0 0 0 0 0 0 0 0 0.047619 0.0952381 0.238095 0.285714 0.047619 0.142857 0.142857 0 0 0 0 0 0 

704 680 493 53 0 0.470588 0 0 0 0 0 0 0 0 0 0 0 0 0 0 0 0 0 0 0 0 0 0.190476 0.238095 0.190476 0.0952381 0.238095 0.047619 0 0 0 0 0 0 

672 655 490 53 0 0.48855 0 0 0 0 0 0 0 0 0 0 0 0 0 0 0 0 0 0 0 0 0 0.05 0.3 0.1 0.15 0.3 0 0.1 0 0 0 0 0 

672 654 492 53 0 0.489297 0 0 0 0 0 0 0 0 0 0 0 0 0 0 0 0 0 0 0 0 0 0.05 0.05 0.15 0.5 0.2 0.05 0 0 0 0 0 0 

704 679 488 53 0 0.471281 0 0 0 0 0 0 0 0 0 0 0 0 0 0 0 0 0 0 0 0 0.0952381 0.047619 0.380952 0.0952381 0.142857 0.190476 0.047619 0 0 0 0 0 0 

672 655 481 53 0 0.48855 0 0 0 0 0 0 0 0 0 0 0 0 0 0 0 0 0 0 0 0.05 0 0.1 0.15 0.25 0.25 0.05 0.1 0.05 0 0 0 0 0 

704 679 502 53 0 0.471281 0 0 0 0 0 0 0 0 0 0 0 0 0 0 0 0 0 0 0 0 0.047619 0.0952381 0.0952381 0.190476 0.190476 0.333333 0.047619 0 0 0 0 0 0 

672 655 464 53 0 0.48855 0 0 0 0 0 0 0 0 0 0 0 0 0 0 0 0 0 0 0.05 0.1 0.1 0.05 0.2 0.1 0.1 0.3 0 0 0 0 0 0 0 

672 655 479 53 0 0.48855 0 0 0 0 0 0 0 0 0 0 0 0 0 0 0 0 0 0 0 0.05 0 0.05 0.2 0.15 0.5 0 0 0.05 0 0 0 0 0 

672 657 485 53 0 0.487062 0 0 0 0 0 0 0 0 0 0 0 0 0 0 0 0 0 0 0 0 0 0 0.2 0.35 0.35 0.05 0.05 0 0 0 0 0 0 

704 678 496 53 0 0.471976 0 0 0 0 0 0 0 0 0 0 0 0 0 0 0 0 0 0 0 0 0 0.190476 0.047619 0.333333 0.238095 0.0952381 0.047619 0.047619 0 0 0 0 0 

672 655 481 53 0 0.48855 0 0 0 0 0 0 0 0 0 0 0 0 0 0 0 0 0 0 0 0 0.05 0.15 0 0.35 0.25 0.1 0.1 0 0 0 0 0 0 

704 679 467 53 0 0.471281 0 0 0 0 0 0 0 0 0 0 0 0 0 0 0 0 0 0.047619 0 0.047619 0.142857 0.238095 0.190476 0.0952381 0.047619 0.142857 0.047619 0 0 0 0 0 0 

672 657 484 53 0 0.487062 0 0 0 0 0 0 0 0 0 0 0 0 0 0 0 0 0 0 0.05 0 0 0.05 0.15 0.2 0.35 0.1 0.1 0 0 0 0 0 0 

704 680 494 53 0 0.470588 0 0 0 0 0 0 0 0 0 0 0 0 0 0 0 0 0 0 0 0.047619 0.0952381 0.047619 0.142857 0.238095 0.190476 0.0952381 0.0952381 0.047619 0 0 0 0 0 

672 656 489 53 0 0.487805 0 0 0 0 0 0 0 0 0 0 0 0 0 0 0 0 0 0 0 0 0 0.05 0.2 0.15 0.3 0.25 0.05 0 0 0 0 0 0 

704 678 499 53 0 0.471976 0 0 0 0 0 0 0 0 0 0 0 0 0 0 0 0 0 0 0 0 0 0.0952381 0.190476 0.238095 0.190476 0.190476 0.0952381 0 0 0 0 0 0 

704 680 491 53 0 0.470588 0 0 0 0 0 0 0 0 0 0 0 0 0 0 0 0 0 0 0.047619 0.047619 0 0.190476 0.0952381 0.0952381 0.285714 0.142857 0.047619 0.047619 0 0 0 0 0 

672 656 481 53 0 0.487805 0 0 0 0 0 0 0 0 0 0 0 0 0 0 0 0 0 0 0 0 0.05 0.1 0.15 0.2 0.25 0.25 0 0 0 0 0 0 0 

704 680 488 53 0 0.470588 0 0 0 0 0 0 0 0 0 0 0 0 0 0 0 0 0 0 0 0.047619 0.047619 0.0952381 0.190476 0.285714 0.0952381 0.238095 0 0 0 0 0 0 0 

672 655 463 53 0 0.48855 0 0 0 0 0 0 0 0 0 0 0 0 0 0 0 0 0 0 0 0.1 0.1 0.1 0.2 0.15 0.2 0.15 0 0 0 0 0 0 0 

672 655 491 53 0 0.48855 0 0 0 0 0 0 0 0 0 0 0 0 0 0 0 0 0 0 0 0 0.05 0 0 0.35 0.35 0.15 0.1 0 0 0 0 0 0 

672 657 494 53 0 0.487062 0 0 0 0 0 0 0 0 0 0 0 0 0 0 0 0 0 0 0 0 0.05 0.05 0.05 0.3 0.2 0.2 0.05 0.1 0 0 0 0 0 

704 679 498 53 0 0.471281 0 0 0 0 0 0 0 0 0 0 0 0 0 0 0 0 0 0 0 0 0.047619 0.0952381 0.0952381 0.333333 0.0952381 0.285714 0.047619 0 0 0 0 0 0 

672 656 472 53 0 0.487805 0 0 0 0 0 0 0 0 0 0 0 0 0 0 0 0 0 0 0 0.1 0.1 0.1 0.1 0.25 0.15 0 0.15 0.05 0 0 0 0 0 

672 656 491 53 0 0.487805 0 0 0 0 0 0 0 0 0 0 0 0 0 0 0 0 0 0 0 0 0 0 0.15 0.3 0.25 0.25 0.05 0 0 0 0 0 0 

704 680 479 53 0 0.470588 0 0 0 0 0 0 0 0 0 0 0 0 0 0 0 0 0 0 0 0 0.0952381 0.285714 0.142857 0.142857 0.238095 0.0952381 0 0 0 0 0 0 0 

704 680 508 53 0 0.470588 0 0 0 0 0 0 0 0 0 0 0 0 0 0 0 0 0 0 0 0 0 0.0952381 0 0.285714 0.333333 0.190476 0.0952381 0 0 0 0 0 0 

672 657 485 53 0 0.487062 0 0 0 0 0 0 0 0 0 0 0 0 0 0 0 0 0 0 0 0 0.05 0.1 0.15 0.05 0.4 0.25 0 0 0 0 0 0 0 

704 679 505 53 0 0.471281 0 0 0 0 0 0 0 0 0 0 0 0 0 0 0 0 0 0 0 0 0 0 0.190476 0.238095 0.285714 0.238095 0.047619 0 0 0 0 0 0 

704 680 504 53 0 0.470588 0 0 0 0 0 0 0 0 0 0 0 0 0 0 0 0 0 0 0.047619 0 0 0.0952381 0.0952381 0.0952381 0.238095 0.380952 0.047619 0 0 0 0 0 0 

704 678 491 53 0 0.471976 0 0 0 0 0 0 0 0 0 0 0 0 0 0 0 0 0 0 0 0.047619 0.142857 0.047619 0.0952381 0.190476 0.0952381 0.333333 0.047619 0 0 0 0 0 0 

672 655 477 53 0 0.48855 0 0 0 0 0 0 0 0 0 0 0 0 0 0 0 0 0 0 0 0 0.05 0.2 0.05 0.3 0.2 0.1 0.1 0 0 0 0 0 0 

672 655 477 53 0 0.48855 0 0 0 0 0 0 0 0 0 0 0 0 0 0 0 0 0 0 0 0 0.05 0.1 0.15 0.3 0.25 0.1 0.05 0 0 0 0 0 0 

704 679 479 53 0 0.471281 0 0 0 0 0 0 0 0 0 0 0 0 0 0 0 0 0 0 0 0.142857 0.047619 0.0952381 0.190476 0.190476 0.142857 0.142857 0.047619 0 0 0 0 0 0 

672 657 484 53 0 0.487062 0 0 0 0 0 0 0 0 0 0 0 0 0 0 0 0 0 0 0 0 0 0.15 0.1 0.3 0.25 0.1 0.1 0 0 0 0 0 0 

672 655 478 53 0 0.48855 0 0 0 0 0 0 0 0 0 0 0 0 0 0 0 0 0 0 0 0.05 0.05 0.05 0.15 0.25 0.25 0.1 0.1 0 0 0 0 0 0 

672 655 466 53 0 0.48855 0 0 0 0 0 0 0 0 0 0 0 0 0 0 0 0 0 0 0 0 0.15 0.15 0.15 0.2 0.25 0.1 0 0 0 0 0 0 0 

704 679 491 53 0 0.471281 0 0 0 0 0 0 0 0 0 0 0 0 0 0 0 0 0 0 0 0.047619 0 0.190476 0.047619 0.238095 0.285714 0.190476 0 0 0 0 0 0 0 

672 655 473 53 0 0.48855 0 0 0 0 0 0 0 0 0 0 0 0 0 0 0 0 0 0 0.05 0 0 0.2 0.15 0.15 0.25 0.15 0.05 0 0 0 0 0 0 

672 655 477 53 0 0.48855 0 0 0 0 0 0 0 0 0 0 0 0 0 0 0 0 0 0 0 0 0.1 0 0.25 0.2 0.3 0.1 0.05 0 0 0 0 0 0 

672 655 471 53 0 0.48855 0 0 0 0 0 0 0 0 0 0 0 0 0 0 0 0 0 0 0.05 0 0.05 0.1 0.25 0.2 0.1 0.2 0.05 0 0 0 0 0 0 

672 655 477 53 0 0.48855 0 0 0 0 0 0 0 0 0 0 0 0 0 0 0 0 0 0 0 0.05 0 0.1 0.25 0.2 0.1 0.25 0.05 0 0 0 0 0 0 

704 680 493 53 0 0.470588 0 0 0 0 0 0 0 0 0 0 0 0 0 0 0 0 0 0 0 0 0.047619 0.047619 0.238095 0.238095 0.285714 0.142857 0 0 0 0 0 0 0 

672 655 482 53 0 0.48855 0 0 0 0 0 0 0 0 0 0 0 0 0 0 0 0 0 0 0 0 0.05 0.15 0 0.25 0.35 0.15 0.05 0 0 0 0 0 0 

704 679 491 53 0 0.471281 0 0 0 0 0 0 0 0 0 0 0 0 0 0 0 0 0 0 0 0.142857 0 0.0952381 0.0952381 0.238095 0.0952381 0.238095 0.047619 0.047619 0 0 0 0 0 

672 655 481 53 0 0.48855 0 0 0 0 0 0 0 0 0 0 0 0 0 0 0 0 0 0 0 0 0 0.1 0.2 0.25 0.25 0.15 0.05 0 0 0 0 0 0 

672 655 485 53 0 0.48855 0 0 0 0 0 0 0 0 0 0 0 0 0 0 0 0 0 0 0 0 0.1 0 0.1 0.2 0.3 0.3 0 0 0 0 0 0 0 

672 655 470 53 0 0.48855 0 0 0 0 0 0 0 0 0 0 0 0 0 0 0 0 0 0 0 0.15 0.05 0.05 0.2 0.05 0.25 0.2 0.05 0 0 0 0 0 0 

672 655 487 53 0 0.48855 0 0 0 0 0 0 0 0 0 0 0 0 0 0 0 0 0 0 0 0 0.05 0.1 0.1 0.2 0.25 0.1 0.2 0 0 0 0 0 0 

672 656 475 53 0 0.487805 0 0 0 0 0 0 0 0 0 0 0 0 0 0 0 0 0 0 0.05 0 0.05 0 0.2 0.3 0.25 0.15 0 0 0 0 0 0 0 

704 680 498 53 0 0.470588 0 0 0 0 0 0 0 0 0 0 0 0 0 0 0 0 0 0 0 0.047619 0 0.047619 0.190476 0.142857 0.380952 0.142857 0.047619 0 0 0 0 0 0 

704 679 484 53 0 0.471281 0 0 0 0 0 0 0 0 0 0 0 0 0 0 0 0 0 0 0.047619 0 0.142857 0.0952381 0.0952381 0.142857 0.333333 0.0952381 0.047619 0 0 0 0 0 0 

704 680 500 53 0 0.470588 0 0 0 0 0 0 0 0 0 0 0 0 0 0 0 0 0 0 0 0.047619 0.047619 0 0.190476 0.238095 0.142857 0.238095 0.047619 0.047619 0 0 0 0 0 

704 678 491 53 0 0.471976 0 0 0 0 0 0 0 0 0 0 0 0 0 0 0 0 0 0 0.047619 0 0.047619 0.190476 0.0952381 0.142857 0.142857 0.190476 0.142857 0 0 0 0 0 0 

704 679 496 53 0 0.471281 0 0 0 0 0 0 0 0 0 0 0 0 0 0 0 0 0 0 0 0.047619 0 0.0952381 0.190476 0.142857 0.285714 0.190476 0 0.047619 0 0 0 0 0 

672 656 484 53 0 0.487805 0 0 0 0 0 0 0 0 0 0 0 0 0 0 0 0 0 0 0 0 0 0.1 0.2 0.25 0.1 0.35 0 0 0 0 0 0 0 

672 655 477 53 0 0.48855 0 0 0 0 0 0 0 0 0 0 0 0 0 0 0 0 0 0 0 0.05 0.05 0 0.1 0.45 0.2 0.1 0.05 0 0 0 0 0 0 

672 656 476 53 0 0.487805 0 0 0 0 0 0 0 0 0 0 0 0 0 0 0 0 0 0 0 0 0.05 0 0.2 0.55 0.1 0.05 0.05 0 0 0 0 0 0 

672 657 486 53 0 0.487062 0 0 0 0 0 0 0 0 0 0 0 0 0 0 0 0 0 0 0 0 0 0.15 0.05 0.35 0.15 0.25 0.05 0 0 0 0 0 0 

704 679 507 53 0 0.471281 0 0 0 0 0 0 0 0 0 0 0 0 0 0 0 0 0 0 0 0 0.047619 0 0.190476 0.0952381 0.333333 0.238095 0.047619 0.047619 0 0 0 0 0 

672 656 494 53 0 0.487805 0 0 0 0 0 0 0 0 0 0 0 0 0 0 0 0 0 0 0 0 0 0.1 0.05 0.25 0.2 0.25 0.15 0 0 0 0 0 0 

704 679 483 53 0 0.471281 0 0 0 0 0 0 0 0 0 0 0 0 0 0 0 0 0 0 0 0.047619 0.047619 0.047619 0.380952 0.190476 0.190476 0 0.0952381 0 0 0 0 0 0 

704 679 483 53 0 0.471281 0 0 0 0 0 0 0 0 0 0 0 0 0 0 0 0 0 0.047619 0 0 0.0952381 0.142857 0.0952381 0.238095 0.190476 0.142857 0.047619 0 0 0 0 0 0 

672 655 482 53 0 0.48855 0 0 0 0 0 0 0 0 0 0 0 0 0 0 0 0 0 0 0 0 0.05 0 0.15 0.45 0.2 0.05 0.05 0.05 0 0 0 0 0 

672 656 482 53 0 0.487805 0 0 0 0 0 0 0 0 0 0 0 0 0 0 0 0 0 0 0 0 0 0.1 0.15 0.3 0.35 0 0.1 0 0 0 0 0 0 

