640 629 458 53 0 0.508744 0 0 0 0 0 0 0 0 0 0 0 0 0 0 0 0 0 0 0 0.0526316 0.157895 0.0526316 0 0.315789 0.157895 0.157895 0.105263 0 0 0 0 0 0 

448 429 321 52 0 0.745921 0 0 0 0 0 0 0 0 0 0 0 0 0 0 0 0 0 0 0 0 0.0769231 0.153846 0.0769231 0.153846 0.153846 0.0769231 0.230769 0.0769231 0 0 0 0 0 

576 562 415 53 0 0.569395 0 0 0 0 0 0 0 0 0 0 0 0 0 0 0 0 0 0 0 0 0 0.0588235 0.235294 0.294118 0.235294 0.117647 0 0.0588235 0 0 0 0 0 

480 465 346 53 0 0.688172 0 0 0 0 0 0 0 0 0 0 0 0 0 0 0 0 0 0 0 0 0.0714286 0.0714286 0.214286 0.0714286 0.214286 0.214286 0.142857 0 0 0 0 0 0 

640 623 466 53 0 0.513644 0 0 0 0 0 0 0 0 0 0 0 0 0 0 0 0 0 0 0 0 0.105263 0.105263 0 0.0526316 0.315789 0.315789 0.105263 0 0 0 0 0 0 

544 520 384 53 0 0.615385 0 0 0 0 0 0 0 0 0 0 0 0 0 0 0 0 0 0 0 0 0 0.125 0.1875 0.125 0.3125 0.125 0.125 0 0 0 0 0 0 

480 470 342 53 0 0.680851 0 0 0 0 0 0 0 0 0 0 0 0 0 0 0 0 0 0 0.0714286 0 0.0714286 0.0714286 0.0714286 0.214286 0.357143 0.142857 0 0 0 0 0 0 0 

544 514 375 53 0 0.622568 0 0 0 0 0 0 0 0 0 0 0 0 0 0 0 0 0 0 0 0 0.0625 0.0625 0.3125 0.125 0.125 0.1875 0.0625 0.0625 0 0 0 0 0 

640 626 464 53 0 0.511182 0 0 0 0 0 0 0 0 0 0 0 0 0 0 0 0 0 0 0 0 0.105263 0.0526316 0.105263 0.210526 0.210526 0.210526 0.0526316 0.0526316 0 0 0 0 0 

480 469 353 53 0 0.682303 0 0 0 0 0 0 0 0 0 0 0 0 0 0 0 0 0 0 0 0 0.0714286 0.0714286 0.142857 0.214286 0 0.285714 0.214286 0 0 0 0 0 0 

480 463 338 53 0 0.691145 0 0 0 0 0 0 0 0 0 0 0 0 0 0 0 0 0 0 0 0.0714286 0.0714286 0 0.142857 0.285714 0.142857 0.285714 0 0 0 0 0 0 0 

640 618 439 53 0 0.517799 0 0 0 0 0 0 0 0 0 0 0 0 0 0 0 0 0 0 0 0.0526316 0.105263 0.0526316 0.368421 0.105263 0.105263 0.157895 0.0526316 0 0 0 0 0 0 

480 461 344 53 0 0.694143 0 0 0 0 0 0 0 0 0 0 0 0 0 0 0 0 0 0 0 0 0 0.142857 0 0.214286 0.357143 0.285714 0 0 0 0 0 0 0 

480 466 347 53 0 0.686695 0 0 0 0 0 0 0 0 0 0 0 0 0 0 0 0 0 0 0 0 0 0.0714286 0.214286 0.142857 0.285714 0.285714 0 0 0 0 0 0 0 

512 505 369 53 0 0.633663 0 0 0 0 0 0 0 0 0 0 0 0 0 0 0 0 0 0 0 0 0 0.133333 0.333333 0.266667 0.133333 0.0666667 0 0.0666667 0 0 0 0 0 

544 518 371 53 0 0.617761 0 0 0 0 0 0 0 0 0 0 0 0 0 0 0 0 0 0 0 0 0.0625 0 0.4375 0.1875 0.25 0 0.0625 0 0 0 0 0 0 

512 502 372 53 0 0.63745 0 0 0 0 0 0 0 0 0 0 0 0 0 0 0 0 0 0 0 0 0 0.0666667 0.2 0.4 0.0666667 0.2 0.0666667 0 0 0 0 0 0 

512 498 366 53 0 0.64257 0 0 0 0 0 0 0 0 0 0 0 0 0 0 0 0 0 0 0 0.0666667 0 0.0666667 0.2 0.2 0.2 0.2 0.0666667 0 0 0 0 0 0 

480 464 340 53 0 0.689655 0 0 0 0 0 0 0 0 0 0 0 0 0 0 0 0 0 0 0 0 0 0.214286 0.0714286 0.285714 0.214286 0.214286 0 0 0 0 0 0 0 

544 520 389 53 0 0.615385 0 0 0 0 0 0 0 0 0 0 0 0 0 0 0 0 0 0 0 0 0 0.0625 0.1875 0.1875 0.1875 0.1875 0.1875 0 0 0 0 0 0 

736 716 493 53 0 0.446927 0 0 0 0 0 0 0 0 0 0 0 0 0 0 0 0 0 0.0454545 0 0 0.0909091 0.318182 0.136364 0.272727 0.0909091 0.0454545 0 0 0 0 0 0 0 

512 500 367 53 0 0.64 0 0 0 0 0 0 0 0 0 0 0 0 0 0 0 0 0 0 0 0 0 0.2 0.2 0.133333 0.2 0.266667 0 0 0 0 0 0 0 

480 457 341 53 0 0.700219 0 0 0 0 0 0 0 0 0 0 0 0 0 0 0 0 0 0 0 0 0 0.0714286 0.142857 0.214286 0.285714 0.142857 0.142857 0 0 0 0 0 0 

512 494 355 53 0 0.647773 0 0 0 0 0 0 0 0 0 0 0 0 0 0 0 0 0 0 0 0 0 0.0666667 0.466667 0.2 0.2 0.0666667 0 0 0 0 0 0 0 

480 462 337 53 0 0.692641 0 0 0 0 0 0 0 0 0 0 0 0 0 0 0 0 0 0 0 0.0714286 0.0714286 0.0714286 0.214286 0.142857 0.214286 0 0.142857 0.0714286 0 0 0 0 0 

448 429 321 50 0 0.745921 0 0 0 0 0 0 0 0 0 0 0 0 0 0 0 0 0 0 0 0 0 0.153846 0 0.307692 0.230769 0.153846 0.153846 0 0 0 0 0 0 

480 468 350 53 0 0.683761 0 0 0 0 0 0 0 0 0 0 0 0 0 0 0 0 0 0 0 0 0.0714286 0 0.142857 0.285714 0.285714 0.0714286 0.0714286 0.0714286 0 0 0 0 0 

544 521 375 53 0 0.614203 0 0 0 0 0 0 0 0 0 0 0 0 0 0 0 0 0 0 0 0 0 0.1875 0.25 0.25 0.1875 0.0625 0.0625 0 0 0 0 0 0 

480 465 345 53 0 0.688172 0 0 0 0 0 0 0 0 0 0 0 0 0 0 0 0 0 0 0 0 0.0714286 0.0714286 0.0714286 0.214286 0.357143 0.142857 0.0714286 0 0 0 0 0 0 

640 621 443 53 0 0.515298 0 0 0 0 0 0 0 0 0 0 0 0 0 0 0 0 0.0526316 0 0 0 0 0.210526 0.157895 0.210526 0.210526 0.105263 0.0526316 0 0 0 0 0 0 

640 625 452 53 0 0.512 0 0 0 0 0 0 0 0 0 0 0 0 0 0 0 0 0 0 0 0.0526316 0 0.210526 0.105263 0.263158 0.157895 0.157895 0.0526316 0 0 0 0 0 0 

480 467 349 53 0 0.685225 0 0 0 0 0 0 0 0 0 0 0 0 0 0 0 0 0 0 0 0 0 0.142857 0.0714286 0.214286 0.357143 0.142857 0 0.0714286 0 0 0 0 0 

640 624 453 53 0 0.512821 0 0 0 0 0 0 0 0 0 0 0 0 0 0 0 0 0 0 0 0 0.0526316 0.210526 0.157895 0.210526 0.157895 0.105263 0.0526316 0.0526316 0 0 0 0 0 

480 463 334 53 0 0.691145 0 0 0 0 0 0 0 0 0 0 0 0 0 0 0 0 0 0 0 0 0.0714286 0.142857 0.285714 0.142857 0.285714 0 0 0.0714286 0 0 0 0 0 

640 628 445 53 0 0.509554 0 0 0 0 0 0 0 0 0 0 0 0 0 0 0 0 0 0 0.105263 0 0.105263 0 0.315789 0.210526 0.0526316 0.157895 0.0526316 0 0 0 0 0 0 

640 623 451 53 0 0.513644 0 0 0 0 0 0 0 0 0 0 0 0 0 0 0 0 0 0.0526316 0 0 0 0.105263 0.105263 0.157895 0.578947 0 0 0 0 0 0 0 0 

480 468 356 53 0 0.683761 0 0 0 0 0 0 0 0 0 0 0 0 0 0 0 0 0 0 0 0 0 0 0 0.357143 0.428571 0.0714286 0.142857 0 0 0 0 0 0 

480 464 342 53 0 0.689655 0 0 0 0 0 0 0 0 0 0 0 0 0 0 0 0 0 0 0 0 0.142857 0.0714286 0 0.285714 0.214286 0.214286 0.0714286 0 0 0 0 0 0 

480 462 345 53 0 0.692641 0 0 0 0 0 0 0 0 0 0 0 0 0 0 0 0 0 0 0 0 0.0714286 0 0.142857 0.214286 0.142857 0.428571 0 0 0 0 0 0 0 

640 620 455 53 0 0.516129 0 0 0 0 0 0 0 0 0 0 0 0 0 0 0 0 0 0 0 0 0 0.210526 0.105263 0.210526 0.263158 0.105263 0.0526316 0.0526316 0 0 0 0 0 

480 472 359 53 0 0.677966 0 0 0 0 0 0 0 0 0 0 0 0 0 0 0 0 0 0 0 0 0 0.0714286 0.142857 0.214286 0.285714 0.0714286 0.0714286 0.142857 0 0 0 0 0 

480 465 345 53 0 0.688172 0 0 0 0 0 0 0 0 0 0 0 0 0 0 0 0 0 0 0 0 0 0 0.214286 0.357143 0.357143 0 0 0.0714286 0 0 0 0 0 

480 468 347 53 0 0.683761 0 0 0 0 0 0 0 0 0 0 0 0 0 0 0 0 0 0 0 0 0.0714286 0.0714286 0 0.357143 0.285714 0.214286 0 0 0 0 0 0 0 

672 654 455 53 0 0.489297 0 0 0 0 0 0 0 0 0 0 0 0 0 0 0 0 0 0.05 0 0.05 0.2 0.05 0.15 0.2 0.2 0.1 0 0 0 0 0 0 0 

640 631 458 53 0 0.507132 0 0 0 0 0 0 0 0 0 0 0 0 0 0 0 0 0 0 0 0 0.105263 0.105263 0.157895 0.315789 0.157895 0.0526316 0.105263 0 0 0 0 0 0 

448 430 321 51 0 0.744186 0 0 0 0 0 0 0 0 0 0 0 0 0 0 0 0 0 0 0 0 0 0 0.153846 0.230769 0.461538 0.153846 0 0 0 0 0 0 0 

480 462 332 53 0 0.692641 0 0 0 0 0 0 0 0 0 0 0 0 0 0 0 0 0 0 0 0 0.0714286 0.214286 0.214286 0.142857 0.214286 0.0714286 0.0714286 0 0 0 0 0 0 

480 461 344 53 0 0.694143 0 0 0 0 0 0 0 0 0 0 0 0 0 0 0 0 0 0 0 0 0 0.142857 0.0714286 0.214286 0.285714 0.142857 0.142857 0 0 0 0 0 0 

512 500 376 53 0 0.64 0 0 0 0 0 0 0 0 0 0 0 0 0 0 0 0 0 0 0 0 0 0.0666667 0.2 0.0666667 0.266667 0.4 0 0 0 0 0 0 0 

576 557 401 53 0 0.574506 0 0 0 0 0 0 0 0 0 0 0 0 0 0 0 0 0 0.0588235 0.0588235 0 0.0588235 0.0588235 0 0.294118 0.294118 0.0588235 0.117647 0 0 0 0 0 0 

544 520 385 53 0 0.615385 0 0 0 0 0 0 0 0 0 0 0 0 0 0 0 0 0 0 0 0 0.0625 0.125 0 0.1875 0.25 0.375 0 0 0 0 0 0 0 

640 628 449 53 0 0.509554 0 0 0 0 0 0 0 0 0 0 0 0 0 0 0 0 0 0 0 0 0.105263 0.105263 0.105263 0.473684 0.210526 0 0 0 0 0 0 0 0 

640 628 449 53 0 0.509554 0 0 0 0 0 0 0 0 0 0 0 0 0 0 0 0 0 0 0 0.105263 0.105263 0.105263 0.0526316 0.263158 0.210526 0.105263 0.0526316 0 0 0 0 0 0 

480 473 344 53 0 0.676533 0 0 0 0 0 0 0 0 0 0 0 0 0 0 0 0 0 0 0 0 0.0714286 0.0714286 0.214286 0.357143 0.214286 0.0714286 0 0 0 0 0 0 0 

640 621 450 53 0 0.515298 0 0 0 0 0 0 0 0 0 0 0 0 0 0 0 0 0 0.0526316 0 0.0526316 0.0526316 0.0526316 0.210526 0.105263 0.157895 0.157895 0.105263 0.0526316 0 0 0 0 0 

480 461 343 53 0 0.694143 0 0 0 0 0 0 0 0 0 0 0 0 0 0 0 0 0 0 0 0 0 0 0.142857 0.428571 0.214286 0.142857 0.0714286 0 0 0 0 0 0 

512 497 368 53 0 0.643863 0 0 0 0 0 0 0 0 0 0 0 0 0 0 0 0 0 0 0 0 0 0.0666667 0.133333 0.466667 0.0666667 0.2 0.0666667 0 0 0 0 0 0 

480 471 351 53 0 0.679406 0 0 0 0 0 0 0 0 0 0 0 0 0 0 0 0 0 0 0 0 0.0714286 0.0714286 0.142857 0.142857 0.285714 0.214286 0.0714286 0 0 0 0 0 0 

480 469 353 53 0 0.682303 0 0 0 0 0 0 0 0 0 0 0 0 0 0 0 0 0 0 0 0.0714286 0 0 0.142857 0.285714 0.0714286 0.357143 0 0 0.0714286 0 0 0 0 

448 428 321 53 0 0.747664 0 0 0 0 0 0 0 0 0 0 0 0 0 0 0 0 0 0 0 0 0 0.0769231 0.230769 0.0769231 0.230769 0.230769 0.153846 0 0 0 0 0 0 

480 472 348 53 0 0.677966 0 0 0 0 0 0 0 0 0 0 0 0 0 0 0 0 0 0 0 0 0.0714286 0.142857 0.142857 0.285714 0 0.285714 0.0714286 0 0 0 0 0 0 

512 505 370 53 0 0.633663 0 0 0 0 0 0 0 0 0 0 0 0 0 0 0 0 0 0 0 0 0.133333 0.0666667 0.2 0.133333 0.333333 0.0666667 0 0.0666667 0 0 0 0 0 

480 472 351 53 0 0.677966 0 0 0 0 0 0 0 0 0 0 0 0 0 0 0 0 0 0 0 0 0 0.214286 0.0714286 0.214286 0.214286 0.214286 0.0714286 0 0 0 0 0 0 

576 558 401 53 0 0.573477 0 0 0 0 0 0 0 0 0 0 0 0 0 0 0 0 0 0 0 0 0.0588235 0.235294 0.176471 0.117647 0.294118 0.0588235 0.0588235 0 0 0 0 0 0 

448 429 321 42 0 0.745921 0 0 0 0 0 0 0 0 0 0 0 0 0 0 0 0 0 0 0 0 0.153846 0.0769231 0 0.153846 0.0769231 0.384615 0.153846 0 0 0 0 0 0 

512 502 379 53 0 0.63745 0 0 0 0 0 0 0 0 0 0 0 0 0 0 0 0 0 0 0 0 0.0666667 0 0.133333 0.0666667 0.466667 0.2 0 0.0666667 0 0 0 0 0 

544 524 373 53 0 0.610687 0 0 0 0 0 0 0 0 0 0 0 0 0 0 0 0 0 0 0 0 0 0.1875 0.3125 0.3125 0.125 0.0625 0 0 0 0 0 0 0 

640 620 433 53 0 0.516129 0 0 0 0 0 0 0 0 0 0 0 0 0 0 0 0.0526316 0 0 0 0.0526316 0.105263 0.157895 0.105263 0.263158 0.157895 0.0526316 0 0 0.0526316 0 0 0 0 

640 622 460 53 0 0.514469 0 0 0 0 0 0 0 0 0 0 0 0 0 0 0 0 0 0 0 0.0526316 0 0 0.157895 0.263158 0.210526 0.315789 0 0 0 0 0 0 0 

480 474 344 53 0 0.675106 0 0 0 0 0 0 0 0 0 0 0 0 0 0 0 0 0 0 0 0.0714286 0.0714286 0.142857 0.142857 0.0714286 0.357143 0.142857 0 0 0 0 0 0 0 

480 464 341 53 0 0.689655 0 0 0 0 0 0 0 0 0 0 0 0 0 0 0 0 0 0 0 0 0.0714286 0.0714286 0.0714286 0.357143 0.285714 0.0714286 0.0714286 0 0 0 0 0 0 

448 425 321 49 0 0.752941 0 0 0 0 0 0 0 0 0 0 0 0 0 0 0 0 0 0 0 0 0 0.153846 0 0.153846 0.307692 0.153846 0.230769 0 0 0 0 0 0 

512 502 386 53 0 0.63745 0 0 0 0 0 0 0 0 0 0 0 0 0 0 0 0 0 0 0 0 0 0.0666667 0 0.266667 0.266667 0.2 0.133333 0 0.0666667 0 0 0 0 

512 502 367 53 0 0.63745 0 0 0 0 0 0 0 0 0 0 0 0 0 0 0 0 0 0 0 0 0.2 0.0666667 0.2 0.133333 0 0.266667 0.133333 0 0 0 0 0 0 

640 625 449 53 0 0.512 0 0 0 0 0 0 0 0 0 0 0 0 0 0 0 0 0 0 0 0 0.105263 0.210526 0.105263 0.210526 0.210526 0.105263 0.0526316 0 0 0 0 0 0 

480 468 347 53 0 0.683761 0 0 0 0 0 0 0 0 0 0 0 0 0 0 0 0 0 0 0 0 0.0714286 0 0.214286 0.142857 0.357143 0.214286 0 0 0 0 0 0 0 

480 462 349 53 0 0.692641 0 0 0 0 0 0 0 0 0 0 0 0 0 0 0 0 0 0 0 0 0 0 0.214286 0.214286 0.214286 0.214286 0.0714286 0.0714286 0 0 0 0 0 

512 503 369 53 0 0.636183 0 0 0 0 0 0 0 0 0 0 0 0 0 0 0 0 0 0 0 0 0.2 0.0666667 0.0666667 0.266667 0.133333 0.133333 0.0666667 0.0666667 0 0 0 0 0 

544 520 389 53 0 0.615385 0 0 0 0 0 0 0 0 0 0 0 0 0 0 0 0 0 0 0 0 0 0 0.25 0.1875 0.125 0.375 0.0625 0 0 0 0 0 0 

544 515 376 53 0 0.621359 0 0 0 0 0 0 0 0 0 0 0 0 0 0 0 0 0 0 0 0 0 0.125 0.125 0.3125 0.1875 0.25 0 0 0 0 0 0 0 

576 567 415 53 0 0.564374 0 0 0 0 0 0 0 0 0 0 0 0 0 0 0 0 0 0 0.0588235 0 0 0 0.294118 0.294118 0.117647 0.176471 0.0588235 0 0 0 0 0 0 

640 621 453 53 0 0.515298 0 0 0 0 0 0 0 0 0 0 0 0 0 0 0 0 0 0 0 0.0526316 0.0526316 0.0526316 0.105263 0.263158 0.210526 0.263158 0 0 0 0 0 0 0 

480 460 337 53 0 0.695652 0 0 0 0 0 0 0 0 0 0 0 0 0 0 0 0 0 0 0 0 0 0.0714286 0.285714 0.214286 0.214286 0.214286 0 0 0 0 0 0 0 

480 469 346 53 0 0.682303 0 0 0 0 0 0 0 0 0 0 0 0 0 0 0 0 0 0 0 0 0 0.0714286 0.357143 0.142857 0.214286 0.142857 0.0714286 0 0 0 0 0 0 

448 423 321 41 0 0.756501 0 0 0 0 0 0 0 0 0 0 0 0 0 0 0 0 0 0 0 0 0 0 0.153846 0.153846 0.230769 0.307692 0.153846 0 0 0 0 0 0 

512 501 379 53 0 0.638723 0 0 0 0 0 0 0 0 0 0 0 0 0 0 0 0 0 0 0 0 0 0 0.0666667 0.466667 0.266667 0.0666667 0 0.133333 0 0 0 0 0 

480 460 337 53 0 0.695652 0 0 0 0 0 0 0 0 0 0 0 0 0 0 0 0 0 0 0 0 0 0.214286 0.214286 0.0714286 0.142857 0.357143 0 0 0 0 0 0 0 

480 467 340 53 0 0.685225 0 0 0 0 0 0 0 0 0 0 0 0 0 0 0 0 0 0 0 0 0 0.214286 0.142857 0.357143 0.142857 0.0714286 0.0714286 0 0 0 0 0 0 

640 625 442 53 0 0.512 0 0 0 0 0 0 0 0 0 0 0 0 0 0 0 0 0 0 0 0 0.157895 0.157895 0.157895 0.263158 0.210526 0.0526316 0 0 0 0 0 0 0 

448 419 321 51 0 0.763723 0 0 0 0 0 0 0 0 0 0 0 0 0 0 0 0 0 0 0 0 0 0.0769231 0 0.307692 0.0769231 0.230769 0.153846 0.153846 0 0 0 0 0 

640 624 445 53 0 0.512821 0 0 0 0 0 0 0 0 0 0 0 0 0 0 0 0 0 0 0.0526316 0 0 0.263158 0.210526 0.263158 0 0.105263 0.0526316 0.0526316 0 0 0 0 0 

480 462 337 53 0 0.692641 0 0 0 0 0 0 0 0 0 0 0 0 0 0 0 0 0 0 0 0 0.0714286 0.0714286 0.214286 0.285714 0.142857 0.142857 0.0714286 0 0 0 0 0 0 

448 426 321 52 0 0.751174 0 0 0 0 0 0 0 0 0 0 0 0 0 0 0 0 0 0 0 0 0 0 0.230769 0.307692 0.153846 0.0769231 0.0769231 0.153846 0 0 0 0 0 

576 565 409 53 0 0.566372 0 0 0 0 0 0 0 0 0 0 0 0 0 0 0 0 0 0 0 0 0.176471 0.0588235 0.235294 0.176471 0.176471 0.0588235 0.0588235 0.0588235 0 0 0 0 0 

640 625 446 53 0 0.512 0 0 0 0 0 0 0 0 0 0 0 0 0 0 0 0 0 0 0 0.105263 0.105263 0 0.157895 0.315789 0.210526 0.0526316 0.0526316 0 0 0 0 0 0 

448 427 321 52 0 0.749415 0 0 0 0 0 0 0 0 0 0 0 0 0 0 0 0 0 0 0 0 0.0769231 0.0769231 0 0.230769 0.230769 0.153846 0.230769 0 0 0 0 0 0 

448 430 321 53 0 0.744186 0 0 0 0 0 0 0 0 0 0 0 0 0 0 0 0 0 0 0 0 0 0.0769231 0.230769 0.230769 0.230769 0 0.153846 0.0769231 0 0 0 0 0 

544 524 378 53 0 0.610687 0 0 0 0 0 0 0 0 0 0 0 0 0 0 0 0 0 0 0 0.0625 0.125 0.125 0.0625 0.25 0.1875 0.0625 0.0625 0 0.0625 0 0 0 0 

448 425 321 53 0 0.752941 0 0 0 0 0 0 0 0 0 0 0 0 0 0 0 0 0 0 0 0 0 0 0.153846 0.307692 0.153846 0.153846 0.230769 0 0 0 0 0 0 

640 625 455 53 0 0.512 0 0 0 0 0 0 0 0 0 0 0 0 0 0 0 0 0 0 0 0.0526316 0.0526316 0 0.368421 0 0.263158 0.263158 0 0 0 0 0 0 0 

