608 586 423 53 0 0.546075 0 0 0 0 0 0 0 0 0 0 0 0 0 0 0 0 0 0 0 0.0555556 0 0.166667 0.111111 0.277778 0.222222 0.111111 0.0555556 0 0 0 0 0 0 

576 548 400 53 0 0.583942 0 0 0 0 0 0 0 0 0 0 0 0 0 0 0 0 0 0 0 0.0588235 0.0588235 0.117647 0.117647 0.0588235 0.176471 0.352941 0.0588235 0 0 0 0 0 0 

608 597 435 53 0 0.536013 0 0 0 0 0 0 0 0 0 0 0 0 0 0 0 0 0 0 0 0 0 0.111111 0.111111 0.5 0.222222 0.0555556 0 0 0 0 0 0 0 

608 597 433 53 0 0.536013 0 0 0 0 0 0 0 0 0 0 0 0 0 0 0 0 0 0 0 0 0.111111 0 0.277778 0.277778 0.166667 0.166667 0 0 0 0 0 0 0 

608 586 421 53 0 0.546075 0 0 0 0 0 0 0 0 0 0 0 0 0 0 0 0 0 0 0 0.0555556 0.111111 0.0555556 0.0555556 0.333333 0.222222 0.166667 0 0 0 0 0 0 0 

576 548 400 53 0 0.583942 0 0 0 0 0 0 0 0 0 0 0 0 0 0 0 0 0 0 0 0 0.117647 0.0588235 0.176471 0.117647 0.176471 0.294118 0.0588235 0 0 0 0 0 0 

576 550 408 53 0 0.581818 0 0 0 0 0 0 0 0 0 0 0 0 0 0 0 0 0 0 0 0 0.0588235 0 0.235294 0.117647 0.294118 0.117647 0.176471 0 0 0 0 0 0 

608 586 430 53 0 0.546075 0 0 0 0 0 0 0 0 0 0 0 0 0 0 0 0 0 0 0 0 0 0.111111 0.222222 0.222222 0.166667 0.222222 0.0555556 0 0 0 0 0 0 

608 597 442 53 0 0.536013 0 0 0 0 0 0 0 0 0 0 0 0 0 0 0 0 0 0 0 0 0.0555556 0.0555556 0.166667 0.166667 0.388889 0.111111 0 0.0555556 0 0 0 0 0 

608 586 425 53 0 0.546075 0 0 0 0 0 0 0 0 0 0 0 0 0 0 0 0 0 0 0 0 0.111111 0.0555556 0.166667 0.222222 0.388889 0 0 0 0.0555556 0 0 0 0 

608 586 428 53 0 0.546075 0 0 0 0 0 0 0 0 0 0 0 0 0 0 0 0 0 0 0 0.0555556 0 0.166667 0.111111 0.166667 0.222222 0.222222 0 0.0555556 0 0 0 0 0 

608 586 418 53 0 0.546075 0 0 0 0 0 0 0 0 0 0 0 0 0 0 0 0 0 0 0 0 0.166667 0.111111 0.111111 0.333333 0.111111 0.111111 0.0555556 0 0 0 0 0 0 

576 548 401 53 0 0.583942 0 0 0 0 0 0 0 0 0 0 0 0 0 0 0 0 0 0 0 0 0 0.176471 0.117647 0.176471 0.294118 0.176471 0.0588235 0 0 0 0 0 0 

576 548 408 53 0 0.583942 0 0 0 0 0 0 0 0 0 0 0 0 0 0 0 0 0 0 0 0 0 0.0588235 0.117647 0.176471 0.352941 0.235294 0.0588235 0 0 0 0 0 0 

608 597 430 53 0 0.536013 0 0 0 0 0 0 0 0 0 0 0 0 0 0 0 0 0 0 0.111111 0 0.166667 0.0555556 0.222222 0 0.0555556 0.222222 0.111111 0 0.0555556 0 0 0 0 

576 550 400 53 0 0.581818 0 0 0 0 0 0 0 0 0 0 0 0 0 0 0 0 0 0 0 0 0 0.176471 0.294118 0.176471 0.176471 0.0588235 0 0.0588235 0.0588235 0 0 0 0 

608 586 413 53 0 0.546075 0 0 0 0 0 0 0 0 0 0 0 0 0 0 0 0 0 0 0 0.0555556 0.0555556 0.0555556 0.333333 0.277778 0.222222 0 0 0 0 0 0 0 0 

576 548 405 53 0 0.583942 0 0 0 0 0 0 0 0 0 0 0 0 0 0 0 0 0 0 0 0 0.117647 0.176471 0.117647 0 0.117647 0.176471 0.235294 0.0588235 0 0 0 0 0 

608 586 421 53 0 0.546075 0 0 0 0 0 0 0 0 0 0 0 0 0 0 0 0 0 0 0 0 0.166667 0 0.277778 0.166667 0.166667 0.222222 0 0 0 0 0 0 0 

608 593 429 53 0 0.539629 0 0 0 0 0 0 0 0 0 0 0 0 0 0 0 0 0 0 0 0.0555556 0.0555556 0.0555556 0.277778 0.166667 0.222222 0.111111 0 0.0555556 0 0 0 0 0 

608 587 433 53 0 0.545145 0 0 0 0 0 0 0 0 0 0 0 0 0 0 0 0 0 0 0 0 0 0.166667 0.166667 0.166667 0.166667 0.222222 0.111111 0 0 0 0 0 0 

608 597 429 53 0 0.536013 0 0 0 0 0 0 0 0 0 0 0 0 0 0 0 0 0 0 0.0555556 0.0555556 0 0.111111 0.166667 0.222222 0.277778 0.0555556 0.0555556 0 0 0 0 0 0 

736 714 515 53 0 0.448179 0 0 0 0 0 0 0 0 0 0 0 0 0 0 0 0 0 0 0 0.0454545 0.0909091 0.136364 0.272727 0.0454545 0.181818 0 0.136364 0.0909091 0 0 0 0 0 

576 548 401 53 0 0.583942 0 0 0 0 0 0 0 0 0 0 0 0 0 0 0 0 0 0 0 0.0588235 0 0.0588235 0.117647 0.294118 0.294118 0.0588235 0.0588235 0.0588235 0 0 0 0 0 

608 586 422 53 0 0.546075 0 0 0 0 0 0 0 0 0 0 0 0 0 0 0 0 0 0 0 0 0 0.111111 0.222222 0.388889 0.222222 0.0555556 0 0 0 0 0 0 0 

608 587 437 53 0 0.545145 0 0 0 0 0 0 0 0 0 0 0 0 0 0 0 0 0 0 0 0 0 0 0.166667 0.277778 0.333333 0.166667 0.0555556 0 0 0 0 0 0 

608 587 421 53 0 0.545145 0 0 0 0 0 0 0 0 0 0 0 0 0 0 0 0 0 0 0 0.0555556 0 0.111111 0.222222 0.333333 0.166667 0.0555556 0.0555556 0 0 0 0 0 0 

576 548 408 53 0 0.583942 0 0 0 0 0 0 0 0 0 0 0 0 0 0 0 0 0 0 0 0 0 0.0588235 0.117647 0.176471 0.411765 0.176471 0 0.0588235 0 0 0 0 0 

608 587 426 53 0 0.545145 0 0 0 0 0 0 0 0 0 0 0 0 0 0 0 0 0 0 0 0 0.166667 0 0.166667 0.166667 0.333333 0.111111 0.0555556 0 0 0 0 0 0 

608 587 415 53 0 0.545145 0 0 0 0 0 0 0 0 0 0 0 0 0 0 0 0 0 0 0 0.0555556 0.111111 0 0.277778 0.277778 0.277778 0 0 0 0 0 0 0 0 

576 548 397 53 0 0.583942 0 0 0 0 0 0 0 0 0 0 0 0 0 0 0 0 0 0 0 0 0 0.117647 0.176471 0.294118 0.294118 0.117647 0 0 0 0 0 0 0 

608 586 419 53 0 0.546075 0 0 0 0 0 0 0 0 0 0 0 0 0 0 0 0 0 0 0.0555556 0 0.111111 0.0555556 0.111111 0.277778 0.277778 0.0555556 0.0555556 0 0 0 0 0 0 

608 586 432 53 0 0.546075 0 0 0 0 0 0 0 0 0 0 0 0 0 0 0 0 0 0 0 0.0555556 0 0.111111 0.111111 0.222222 0.166667 0.166667 0.166667 0 0 0 0 0 0 

608 587 416 53 0 0.545145 0 0 0 0 0 0 0 0 0 0 0 0 0 0 0 0 0 0 0 0 0 0.333333 0.166667 0.277778 0.166667 0 0.0555556 0 0 0 0 0 0 

608 586 435 53 0 0.546075 0 0 0 0 0 0 0 0 0 0 0 0 0 0 0 0 0 0 0 0.0555556 0 0.0555556 0.111111 0.222222 0.222222 0.222222 0.0555556 0.0555556 0 0 0 0 0 

736 714 508 53 0 0.448179 0 0 0 0 0 0 0 0 0 0 0 0 0 0 0 0 0 0 0.0454545 0 0.227273 0 0.0909091 0.181818 0.272727 0.181818 0 0 0 0 0 0 0 

608 597 426 53 0 0.536013 0 0 0 0 0 0 0 0 0 0 0 0 0 0 0 0 0 0 0.0555556 0 0.0555556 0.0555556 0.333333 0.222222 0.166667 0.111111 0 0 0 0 0 0 0 

608 586 436 53 0 0.546075 0 0 0 0 0 0 0 0 0 0 0 0 0 0 0 0 0 0 0 0.0555556 0 0.0555556 0.166667 0.111111 0.277778 0.166667 0.111111 0.0555556 0 0 0 0 0 

576 548 401 53 0 0.583942 0 0 0 0 0 0 0 0 0 0 0 0 0 0 0 0 0 0 0 0 0.117647 0.117647 0.117647 0.0588235 0.117647 0.470588 0 0 0 0 0 0 0 

608 587 425 53 0 0.545145 0 0 0 0 0 0 0 0 0 0 0 0 0 0 0 0 0 0 0 0 0 0.222222 0.222222 0.222222 0.111111 0.111111 0.111111 0 0 0 0 0 0 

576 548 398 53 0 0.583942 0 0 0 0 0 0 0 0 0 0 0 0 0 0 0 0 0 0 0 0 0.0588235 0.176471 0.117647 0.117647 0.411765 0 0.0588235 0.0588235 0 0 0 0 0 

608 587 426 53 0 0.545145 0 0 0 0 0 0 0 0 0 0 0 0 0 0 0 0 0 0 0 0 0 0.333333 0.111111 0.166667 0.111111 0.111111 0.166667 0 0 0 0 0 0 

576 548 408 53 0 0.583942 0 0 0 0 0 0 0 0 0 0 0 0 0 0 0 0 0 0 0 0 0 0 0.176471 0.235294 0.352941 0.117647 0.117647 0 0 0 0 0 0 

608 587 428 53 0 0.545145 0 0 0 0 0 0 0 0 0 0 0 0 0 0 0 0 0 0 0 0 0 0.111111 0.333333 0.166667 0.222222 0.0555556 0.0555556 0.0555556 0 0 0 0 0 

608 587 436 53 0 0.545145 0 0 0 0 0 0 0 0 0 0 0 0 0 0 0 0 0 0 0 0 0.0555556 0.111111 0.0555556 0.222222 0.277778 0.166667 0.0555556 0 0.0555556 0 0 0 0 

608 587 431 53 0 0.545145 0 0 0 0 0 0 0 0 0 0 0 0 0 0 0 0 0 0 0 0.0555556 0 0.111111 0.166667 0.222222 0.111111 0.222222 0.0555556 0.0555556 0 0 0 0 0 

608 586 431 53 0 0.546075 0 0 0 0 0 0 0 0 0 0 0 0 0 0 0 0 0 0 0 0 0 0.111111 0.388889 0.0555556 0.166667 0 0.277778 0 0 0 0 0 0 

640 631 456 53 0 0.507132 0 0 0 0 0 0 0 0 0 0 0 0 0 0 0 0 0 0 0 0.0526316 0.105263 0.0526316 0.157895 0.210526 0.315789 0.0526316 0.0526316 0 0 0 0 0 0 

608 587 425 53 0 0.545145 0 0 0 0 0 0 0 0 0 0 0 0 0 0 0 0 0 0 0 0 0.0555556 0.111111 0.222222 0.222222 0.166667 0.222222 0 0 0 0 0 0 0 

608 587 426 53 0 0.545145 0 0 0 0 0 0 0 0 0 0 0 0 0 0 0 0 0 0 0 0 0 0.166667 0.111111 0.388889 0.166667 0.166667 0 0 0 0 0 0 0 

608 587 418 53 0 0.545145 0 0 0 0 0 0 0 0 0 0 0 0 0 0 0 0 0 0 0 0 0.0555556 0.222222 0.222222 0.222222 0.111111 0.166667 0 0 0 0 0 0 0 

576 548 401 53 0 0.583942 0 0 0 0 0 0 0 0 0 0 0 0 0 0 0 0 0 0 0 0 0.0588235 0.117647 0.176471 0.117647 0.176471 0.294118 0.0588235 0 0 0 0 0 0 

576 548 398 53 0 0.583942 0 0 0 0 0 0 0 0 0 0 0 0 0 0 0 0 0 0 0 0.0588235 0 0 0.294118 0.235294 0.176471 0.176471 0.0588235 0 0 0 0 0 0 

736 713 507 53 0 0.448808 0 0 0 0 0 0 0 0 0 0 0 0 0 0 0 0 0 0 0 0 0.0909091 0.0909091 0.227273 0.363636 0.136364 0.0909091 0 0 0 0 0 0 0 

608 597 428 53 0 0.536013 0 0 0 0 0 0 0 0 0 0 0 0 0 0 0 0 0 0 0 0 0.111111 0.111111 0.277778 0.222222 0.166667 0.0555556 0.0555556 0 0 0 0 0 0 

608 594 433 53 0 0.538721 0 0 0 0 0 0 0 0 0 0 0 0 0 0 0 0 0 0 0.0555556 0 0.111111 0.0555556 0.111111 0.222222 0.166667 0.111111 0.166667 0 0 0 0 0 0 

576 548 400 53 0 0.583942 0 0 0 0 0 0 0 0 0 0 0 0 0 0 0 0 0 0 0.0588235 0.0588235 0.0588235 0.0588235 0.117647 0 0.352941 0.176471 0 0.0588235 0.0588235 0 0 0 0 

608 587 434 53 0 0.545145 0 0 0 0 0 0 0 0 0 0 0 0 0 0 0 0 0 0 0 0 0 0.0555556 0.222222 0.222222 0.222222 0.222222 0.0555556 0 0 0 0 0 0 

608 587 435 53 0 0.545145 0 0 0 0 0 0 0 0 0 0 0 0 0 0 0 0 0 0 0.0555556 0 0.0555556 0.111111 0.111111 0.111111 0.111111 0.222222 0.111111 0.111111 0 0 0 0 0 

576 548 404 53 0 0.583942 0 0 0 0 0 0 0 0 0 0 0 0 0 0 0 0 0 0 0 0 0 0.117647 0.176471 0.176471 0.294118 0.0588235 0.176471 0 0 0 0 0 0 

608 587 429 53 0 0.545145 0 0 0 0 0 0 0 0 0 0 0 0 0 0 0 0 0 0 0 0 0.0555556 0.111111 0.111111 0.222222 0.333333 0.111111 0.0555556 0 0 0 0 0 0 

608 586 425 53 0 0.546075 0 0 0 0 0 0 0 0 0 0 0 0 0 0 0 0 0 0 0 0 0 0.277778 0.111111 0.277778 0.111111 0.111111 0.0555556 0.0555556 0 0 0 0 0 

608 586 428 53 0 0.546075 0 0 0 0 0 0 0 0 0 0 0 0 0 0 0 0 0 0 0 0 0.0555556 0.111111 0.222222 0.166667 0.166667 0.166667 0.111111 0 0 0 0 0 0 

608 587 410 53 0 0.545145 0 0 0 0 0 0 0 0 0 0 0 0 0 0 0 0 0 0 0 0 0 0.5 0.166667 0.111111 0.111111 0.111111 0 0 0 0 0 0 0 

608 586 437 53 0 0.546075 0 0 0 0 0 0 0 0 0 0 0 0 0 0 0 0 0 0 0 0 0 0.0555556 0.222222 0.111111 0.166667 0.444444 0 0 0 0 0 0 0 

576 548 396 53 0 0.583942 0 0 0 0 0 0 0 0 0 0 0 0 0 0 0 0 0 0 0 0 0 0.117647 0.294118 0.235294 0.176471 0.117647 0.0588235 0 0 0 0 0 0 

736 715 512 53 0 0.447552 0 0 0 0 0 0 0 0 0 0 0 0 0 0 0 0 0 0 0.0454545 0 0.0454545 0.272727 0.0909091 0.0909091 0.272727 0.0454545 0.136364 0 0 0 0 0 0 

576 548 392 53 0 0.583942 0 0 0 0 0 0 0 0 0 0 0 0 0 0 0 0 0 0 0 0 0.117647 0.0588235 0.235294 0.352941 0.0588235 0.117647 0 0.0588235 0 0 0 0 0 

608 586 423 53 0 0.546075 0 0 0 0 0 0 0 0 0 0 0 0 0 0 0 0 0 0 0 0 0 0.111111 0.444444 0.166667 0.0555556 0.111111 0.111111 0 0 0 0 0 0 

576 548 395 53 0 0.583942 0 0 0 0 0 0 0 0 0 0 0 0 0 0 0 0 0 0 0 0 0 0.235294 0.117647 0.235294 0.294118 0.0588235 0.0588235 0 0 0 0 0 0 

608 586 428 53 0 0.546075 0 0 0 0 0 0 0 0 0 0 0 0 0 0 0 0 0 0 0 0 0.111111 0.166667 0.111111 0.0555556 0.222222 0.277778 0 0.0555556 0 0 0 0 0 

608 587 431 53 0 0.545145 0 0 0 0 0 0 0 0 0 0 0 0 0 0 0 0 0 0 0 0 0 0.0555556 0.277778 0.333333 0.111111 0.0555556 0.166667 0 0 0 0 0 0 

608 586 425 53 0 0.546075 0 0 0 0 0 0 0 0 0 0 0 0 0 0 0 0 0 0 0 0 0.111111 0 0.166667 0.277778 0.333333 0.111111 0 0 0 0 0 0 0 

608 586 427 53 0 0.546075 0 0 0 0 0 0 0 0 0 0 0 0 0 0 0 0 0 0 0 0 0.111111 0.0555556 0.0555556 0.277778 0.333333 0.166667 0 0 0 0 0 0 0 

576 550 401 53 0 0.581818 0 0 0 0 0 0 0 0 0 0 0 0 0 0 0 0 0 0 0 0 0 0.176471 0.176471 0.117647 0.352941 0.117647 0.0588235 0 0 0 0 0 0 

576 548 401 53 0 0.583942 0 0 0 0 0 0 0 0 0 0 0 0 0 0 0 0 0 0 0 0 0 0.0588235 0.117647 0.352941 0.352941 0.117647 0 0 0 0 0 0 0 

544 530 397 53 0 0.603774 0 0 0 0 0 0 0 0 0 0 0 0 0 0 0 0 0 0 0 0 0.0625 0 0.1875 0.125 0.3125 0.25 0 0.0625 0 0 0 0 0 

608 586 426 53 0 0.546075 0 0 0 0 0 0 0 0 0 0 0 0 0 0 0 0 0 0 0 0 0.0555556 0.0555556 0.277778 0.222222 0.222222 0.0555556 0.111111 0 0 0 0 0 0 

576 548 399 53 0 0.583942 0 0 0 0 0 0 0 0 0 0 0 0 0 0 0 0 0 0 0 0 0.117647 0.0588235 0.117647 0.176471 0.294118 0.176471 0.0588235 0 0 0 0 0 0 

576 548 394 53 0 0.583942 0 0 0 0 0 0 0 0 0 0 0 0 0 0 0 0 0 0 0 0 0.0588235 0.176471 0.0588235 0.294118 0.294118 0.117647 0 0 0 0 0 0 0 

576 550 398 53 0 0.581818 0 0 0 0 0 0 0 0 0 0 0 0 0 0 0 0 0 0 0 0 0 0.117647 0.294118 0.176471 0.294118 0.0588235 0.0588235 0 0 0 0 0 0 

576 548 395 53 0 0.583942 0 0 0 0 0 0 0 0 0 0 0 0 0 0 0 0 0 0 0 0.0588235 0.117647 0.0588235 0.117647 0.176471 0.176471 0.235294 0.0588235 0 0 0 0 0 0 

608 587 424 53 0 0.545145 0 0 0 0 0 0 0 0 0 0 0 0 0 0 0 0 0 0 0 0 0.0555556 0.111111 0.111111 0.388889 0.222222 0.111111 0 0 0 0 0 0 0 

608 586 434 53 0 0.546075 0 0 0 0 0 0 0 0 0 0 0 0 0 0 0 0 0 0 0 0 0.0555556 0 0.222222 0.166667 0.222222 0.277778 0.0555556 0 0 0 0 0 0 

608 586 433 53 0 0.546075 0 0 0 0 0 0 0 0 0 0 0 0 0 0 0 0 0 0 0 0 0 0.111111 0.166667 0.166667 0.333333 0.166667 0 0.0555556 0 0 0 0 0 

544 530 399 53 0 0.603774 0 0 0 0 0 0 0 0 0 0 0 0 0 0 0 0 0 0 0 0 0.0625 0.0625 0.125 0.125 0.25 0.1875 0.125 0.0625 0 0 0 0 0 

576 548 391 53 0 0.583942 0 0 0 0 0 0 0 0 0 0 0 0 0 0 0 0 0 0 0 0.0588235 0.117647 0.0588235 0.176471 0.117647 0.294118 0.176471 0 0 0 0 0 0 0 

608 597 440 53 0 0.536013 0 0 0 0 0 0 0 0 0 0 0 0 0 0 0 0 0 0 0 0 0.0555556 0.111111 0.166667 0.166667 0.222222 0.222222 0.0555556 0 0 0 0 0 0 

608 587 421 53 0 0.545145 0 0 0 0 0 0 0 0 0 0 0 0 0 0 0 0 0 0 0 0 0.111111 0.0555556 0.333333 0.166667 0.166667 0.111111 0.0555556 0 0 0 0 0 0 

608 587 421 53 0 0.545145 0 0 0 0 0 0 0 0 0 0 0 0 0 0 0 0 0 0 0 0 0.0555556 0.111111 0.222222 0.222222 0.388889 0 0 0 0 0 0 0 0 

608 586 422 53 0 0.546075 0 0 0 0 0 0 0 0 0 0 0 0 0 0 0 0 0 0 0 0 0 0.111111 0.222222 0.5 0.0555556 0.0555556 0.0555556 0 0 0 0 0 0 

608 587 424 53 0 0.545145 0 0 0 0 0 0 0 0 0 0 0 0 0 0 0 0 0 0 0 0.0555556 0 0.111111 0.111111 0.333333 0.277778 0.111111 0 0 0 0 0 0 0 

608 586 413 53 0 0.546075 0 0 0 0 0 0 0 0 0 0 0 0 0 0 0 0 0 0 0.0555556 0.111111 0.0555556 0.0555556 0.166667 0.222222 0.166667 0.111111 0.0555556 0 0 0 0 0 0 

608 587 425 53 0 0.545145 0 0 0 0 0 0 0 0 0 0 0 0 0 0 0 0 0 0 0 0 0.0555556 0.0555556 0.444444 0.0555556 0.111111 0.222222 0.0555556 0 0 0 0 0 0 

576 548 391 53 0 0.583942 0 0 0 0 0 0 0 0 0 0 0 0 0 0 0 0 0 0 0 0 0.176471 0.117647 0.176471 0.117647 0.176471 0.176471 0.0588235 0 0 0 0 0 0 

608 594 429 53 0 0.538721 0 0 0 0 0 0 0 0 0 0 0 0 0 0 0 0 0 0 0.0555556 0 0.0555556 0.222222 0.111111 0.111111 0.166667 0.166667 0.111111 0 0 0 0 0 0 

608 586 423 53 0 0.546075 0 0 0 0 0 0 0 0 0 0 0 0 0 0 0 0 0 0 0 0 0 0.166667 0.222222 0.222222 0.333333 0 0.0555556 0 0 0 0 0 0 

608 586 430 53 0 0.546075 0 0 0 0 0 0 0 0 0 0 0 0 0 0 0 0 0 0 0 0.0555556 0 0.0555556 0.166667 0.277778 0.166667 0.166667 0.111111 0 0 0 0 0 0 

576 548 395 53 0 0.583942 0 0 0 0 0 0 0 0 0 0 0 0 0 0 0 0 0 0 0 0 0.0588235 0.117647 0.235294 0.117647 0.352941 0.0588235 0.0588235 0 0 0 0 0 0 

608 587 417 53 0 0.545145 0 0 0 0 0 0 0 0 0 0 0 0 0 0 0 0 0 0 0 0 0.0555556 0.333333 0.111111 0.166667 0.166667 0.166667 0 0 0 0 0 0 0 

