704 679 490 56 0 0.530191 0 0 0 0 0 0 0 0 0 0 0 0 0 0 0 0 0 0 0 0 0.047619 0.142857 0.190476 0.238095 0.142857 0.238095 0 0 0 0 0 0 0 

640 618 448 56 0 0.582524 0 0 0 0 0 0 0 0 0 0 0 0 0 0 0 0 0 0 0 0.0526316 0 0.0526316 0.157895 0.368421 0.210526 0.157895 0 0 0 0 0 0 0 

608 589 430 56 0 0.611205 0 0 0 0 0 0 0 0 0 0 0 0 0 0 0 0 0 0 0.111111 0 0 0 0.166667 0.277778 0.111111 0.222222 0.111111 0 0 0 0 0 0 

640 617 463 56 0 0.583468 0 0 0 0 0 0 0 0 0 0 0 0 0 0 0 0 0 0 0 0.0526316 0 0 0 0.210526 0.473684 0.210526 0 0.0526316 0 0 0 0 0 

640 618 445 56 0 0.582524 0 0 0 0 0 0 0 0 0 0 0 0 0 0 0 0 0 0 0 0.0526316 0.0526316 0 0.210526 0.263158 0.368421 0.0526316 0 0 0 0 0 0 0 

640 618 443 56 0 0.582524 0 0 0 0 0 0 0 0 0 0 0 0 0 0 0 0 0 0 0 0 0.0526316 0.105263 0.263158 0.315789 0.105263 0.157895 0 0 0 0 0 0 0 

640 618 449 56 0 0.582524 0 0 0 0 0 0 0 0 0 0 0 0 0 0 0 0 0 0 0 0 0.105263 0 0.210526 0.210526 0.368421 0.0526316 0.0526316 0 0 0 0 0 0 

640 618 440 56 0 0.582524 0 0 0 0 0 0 0 0 0 0 0 0 0 0 0 0 0 0 0 0.0526316 0.0526316 0.0526316 0.210526 0.473684 0.0526316 0.0526316 0.0526316 0 0 0 0 0 0 

704 679 502 56 0 0.530191 0 0 0 0 0 0 0 0 0 0 0 0 0 0 0 0 0 0 0 0 0.0952381 0.047619 0.190476 0.0952381 0.238095 0.142857 0.142857 0.047619 0 0 0 0 0 

640 618 449 56 0 0.582524 0 0 0 0 0 0 0 0 0 0 0 0 0 0 0 0 0 0 0 0 0 0.263158 0.210526 0.0526316 0.157895 0.263158 0.0526316 0 0 0 0 0 0 

