640 628 464 53 0 0.509554 0 0 0 0 0 0 0 0 0 0 0 0 0 0 0 0 0 0 0 0 0.157895 0.157895 0.105263 0.0526316 0.105263 0.210526 0.157895 0 0.0526316 0 0 0 0 

512 498 367 53 0 0.64257 0 0 0 0 0 0 0 0 0 0 0 0 0 0 0 0 0 0 0 0 0.0666667 0.0666667 0 0.4 0.333333 0.133333 0 0 0 0 0 0 0 

544 516 380 53 0 0.620155 0 0 0 0 0 0 0 0 0 0 0 0 0 0 0 0 0 0 0 0.0625 0 0 0.125 0.3125 0.25 0.125 0.125 0 0 0 0 0 0 

672 652 482 53 0 0.490798 0 0 0 0 0 0 0 0 0 0 0 0 0 0 0 0 0 0 0 0 0 0 0.35 0.15 0.2 0.25 0.05 0 0 0 0 0 0 

544 526 393 53 0 0.608365 0 0 0 0 0 0 0 0 0 0 0 0 0 0 0 0 0 0 0 0.0625 0.0625 0 0.125 0.1875 0.1875 0.0625 0.3125 0 0 0 0 0 0 

640 616 445 53 0 0.519481 0 0 0 0 0 0 0 0 0 0 0 0 0 0 0 0 0 0 0 0 0 0.263158 0.157895 0.210526 0.210526 0.0526316 0.0526316 0.0526316 0 0 0 0 0 

608 590 431 53 0 0.542373 0 0 0 0 0 0 0 0 0 0 0 0 0 0 0 0 0 0 0 0.0555556 0.0555556 0.111111 0.111111 0.166667 0.277778 0.0555556 0.166667 0 0 0 0 0 0 

576 556 408 53 0 0.57554 0 0 0 0 0 0 0 0 0 0 0 0 0 0 0 0 0 0 0 0 0.0588235 0.0588235 0.117647 0.411765 0.0588235 0.235294 0.0588235 0 0 0 0 0 0 

640 618 451 53 0 0.517799 0 0 0 0 0 0 0 0 0 0 0 0 0 0 0 0 0 0 0 0.0526316 0.105263 0 0.105263 0.210526 0.210526 0.315789 0 0 0 0 0 0 0 

608 586 429 53 0 0.546075 0 0 0 0 0 0 0 0 0 0 0 0 0 0 0 0 0 0 0.0555556 0 0 0.0555556 0.166667 0.166667 0.333333 0.166667 0.0555556 0 0 0 0 0 0 

608 584 435 53 0 0.547945 0 0 0 0 0 0 0 0 0 0 0 0 0 0 0 0 0 0 0 0 0 0.0555556 0.111111 0.222222 0.388889 0.166667 0 0.0555556 0 0 0 0 0 

544 528 386 53 0 0.606061 0 0 0 0 0 0 0 0 0 0 0 0 0 0 0 0 0 0 0 0 0.125 0.0625 0.1875 0.125 0.3125 0.0625 0.125 0 0 0 0 0 0 

544 524 373 53 0 0.610687 0 0 0 0 0 0 0 0 0 0 0 0 0 0 0 0 0 0 0.0625 0.125 0 0.0625 0.0625 0.375 0.125 0.125 0.0625 0 0 0 0 0 0 

608 598 440 53 0 0.535117 0 0 0 0 0 0 0 0 0 0 0 0 0 0 0 0 0 0 0.0555556 0 0.0555556 0.166667 0.111111 0.111111 0.111111 0.166667 0.222222 0 0 0 0 0 0 

576 553 408 53 0 0.578662 0 0 0 0 0 0 0 0 0 0 0 0 0 0 0 0 0 0 0 0.0588235 0 0.117647 0 0.235294 0.352941 0.117647 0.117647 0 0 0 0 0 0 

512 503 362 53 0 0.636183 0 0 0 0 0 0 0 0 0 0 0 0 0 0 0 0 0 0 0 0 0.0666667 0.133333 0.333333 0.133333 0.266667 0.0666667 0 0 0 0 0 0 0 

640 614 426 53 0 0.521173 0 0 0 0 0 0 0 0 0 0 0 0 0 0 0 0 0 0 0.105263 0.105263 0.0526316 0.157895 0.105263 0.157895 0.105263 0.157895 0 0.0526316 0 0 0 0 0 

608 592 444 53 0 0.540541 0 0 0 0 0 0 0 0 0 0 0 0 0 0 0 0 0 0 0 0 0 0.0555556 0.111111 0.333333 0.166667 0.222222 0.0555556 0.0555556 0 0 0 0 0 

544 528 375 53 0 0.606061 0 0 0 0 0 0 0 0 0 0 0 0 0 0 0 0 0 0 0.0625 0 0.1875 0.0625 0.25 0.125 0.0625 0.125 0.125 0 0 0 0 0 0 

640 620 448 53 0 0.516129 0 0 0 0 0 0 0 0 0 0 0 0 0 0 0 0 0 0 0.0526316 0.0526316 0.0526316 0.0526316 0.105263 0.210526 0.315789 0.0526316 0.0526316 0.0526316 0 0 0 0 0 

672 644 470 53 0 0.496894 0 0 0 0 0 0 0 0 0 0 0 0 0 0 0 0 0 0 0 0 0.05 0.15 0 0.3 0.3 0.15 0.05 0 0 0 0 0 0 

640 631 444 53 0 0.507132 0 0 0 0 0 0 0 0 0 0 0 0 0 0 0 0 0 0 0 0 0.210526 0.0526316 0.263158 0.368421 0.0526316 0.0526316 0 0 0 0 0 0 0 

544 525 405 53 0 0.609524 0 0 0 0 0 0 0 0 0 0 0 0 0 0 0 0 0 0 0 0 0 0 0 0.1875 0.375 0.25 0.125 0.0625 0 0 0 0 0 

544 520 361 53 0 0.615385 0 0 0 0 0 0 0 0 0 0 0 0 0 0 0 0 0 0 0 0.125 0.0625 0.1875 0.125 0.3125 0.125 0.0625 0 0 0 0 0 0 0 

576 551 411 53 0 0.580762 0 0 0 0 0 0 0 0 0 0 0 0 0 0 0 0 0 0 0 0 0 0.117647 0.0588235 0.176471 0.294118 0.294118 0.0588235 0 0 0 0 0 0 

544 528 395 53 0 0.606061 0 0 0 0 0 0 0 0 0 0 0 0 0 0 0 0 0 0 0 0 0.0625 0.0625 0.125 0.1875 0.125 0.3125 0.125 0 0 0 0 0 0 

544 522 396 53 0 0.613027 0 0 0 0 0 0 0 0 0 0 0 0 0 0 0 0 0 0 0 0 0 0.0625 0.0625 0.25 0.125 0.3125 0.1875 0 0 0 0 0 0 

544 531 394 53 0 0.602637 0 0 0 0 0 0 0 0 0 0 0 0 0 0 0 0 0 0 0 0 0.125 0 0.1875 0.1875 0.25 0 0.25 0 0 0 0 0 0 

544 534 386 53 0 0.599251 0 0 0 0 0 0 0 0 0 0 0 0 0 0 0 0 0 0 0.0625 0 0.0625 0.125 0.1875 0.125 0.25 0.125 0.0625 0 0 0 0 0 0 

544 523 386 53 0 0.611855 0 0 0 0 0 0 0 0 0 0 0 0 0 0 0 0 0 0 0 0 0.125 0.0625 0 0.1875 0.3125 0.3125 0 0 0 0 0 0 0 

512 489 361 53 0 0.654397 0 0 0 0 0 0 0 0 0 0 0 0 0 0 0 0 0 0 0 0.0666667 0.0666667 0 0.0666667 0.2 0.266667 0.266667 0.0666667 0 0 0 0 0 0 

576 569 419 53 0 0.56239 0 0 0 0 0 0 0 0 0 0 0 0 0 0 0 0 0 0 0 0.0588235 0 0 0.352941 0.117647 0.294118 0.0588235 0.117647 0 0 0 0 0 0 

544 519 381 53 0 0.61657 0 0 0 0 0 0 0 0 0 0 0 0 0 0 0 0 0 0 0 0 0 0.0625 0.1875 0.375 0.1875 0.0625 0.125 0 0 0 0 0 0 

512 491 354 53 0 0.651731 0 0 0 0 0 0 0 0 0 0 0 0 0 0 0 0 0 0 0 0 0 0.266667 0.2 0.133333 0.2 0.2 0 0 0 0 0 0 0 

608 591 433 53 0 0.541455 0 0 0 0 0 0 0 0 0 0 0 0 0 0 0 0 0 0 0 0 0 0.166667 0.222222 0.166667 0.222222 0.111111 0.111111 0 0 0 0 0 0 

512 485 355 53 0 0.659794 0 0 0 0 0 0 0 0 0 0 0 0 0 0 0 0 0 0 0 0 0.133333 0 0.0666667 0.266667 0.4 0 0.133333 0 0 0 0 0 0 

576 564 417 53 0 0.567376 0 0 0 0 0 0 0 0 0 0 0 0 0 0 0 0 0 0 0 0.0588235 0 0.0588235 0.117647 0.235294 0.294118 0.176471 0.0588235 0 0 0 0 0 0 

608 582 410 53 0 0.549828 0 0 0 0 0 0 0 0 0 0 0 0 0 0 0 0 0 0 0.0555556 0.0555556 0.111111 0.0555556 0.222222 0.111111 0.222222 0.111111 0.0555556 0 0 0 0 0 0 

608 592 435 53 0 0.540541 0 0 0 0 0 0 0 0 0 0 0 0 0 0 0 0 0 0 0 0 0.0555556 0.111111 0.166667 0.111111 0.333333 0.166667 0.0555556 0 0 0 0 0 0 

544 529 398 53 0 0.604915 0 0 0 0 0 0 0 0 0 0 0 0 0 0 0 0 0 0 0 0 0 0.0625 0.125 0.25 0.1875 0.3125 0 0.0625 0 0 0 0 0 

480 465 350 53 0 0.688172 0 0 0 0 0 0 0 0 0 0 0 0 0 0 0 0 0 0 0 0 0 0.0714286 0.142857 0.214286 0.214286 0.214286 0.142857 0 0 0 0 0 0 

608 587 420 53 0 0.545145 0 0 0 0 0 0 0 0 0 0 0 0 0 0 0 0 0 0 0.0555556 0 0.111111 0.111111 0.222222 0.0555556 0.222222 0.166667 0 0.0555556 0 0 0 0 0 

544 522 387 53 0 0.613027 0 0 0 0 0 0 0 0 0 0 0 0 0 0 0 0 0 0 0.0625 0 0 0.0625 0.0625 0.1875 0.3125 0.1875 0.125 0 0 0 0 0 0 

480 463 349 53 0 0.691145 0 0 0 0 0 0 0 0 0 0 0 0 0 0 0 0 0 0 0 0 0 0 0.0714286 0.357143 0.285714 0.214286 0.0714286 0 0 0 0 0 0 

608 591 425 53 0 0.541455 0 0 0 0 0 0 0 0 0 0 0 0 0 0 0 0 0 0 0 0 0.111111 0.111111 0.111111 0.277778 0.333333 0.0555556 0 0 0 0 0 0 0 

512 492 361 53 0 0.650406 0 0 0 0 0 0 0 0 0 0 0 0 0 0 0 0 0 0 0 0.0666667 0.0666667 0.0666667 0 0.333333 0.133333 0.266667 0.0666667 0 0 0 0 0 0 

448 429 321 50 0 0.745921 0 0 0 0 0 0 0 0 0 0 0 0 0 0 0 0 0 0 0 0 0.0769231 0.0769231 0 0.153846 0.384615 0.230769 0.0769231 0 0 0 0 0 0 

576 551 407 53 0 0.580762 0 0 0 0 0 0 0 0 0 0 0 0 0 0 0 0 0 0 0 0.0588235 0 0.0588235 0 0.411765 0.235294 0.0588235 0.176471 0 0 0 0 0 0 

640 621 450 53 0 0.515298 0 0 0 0 0 0 0 0 0 0 0 0 0 0 0 0 0 0 0 0.0526316 0.0526316 0.105263 0.105263 0.210526 0.263158 0.210526 0 0 0 0 0 0 0 

736 711 510 53 0 0.45007 0 0 0 0 0 0 0 0 0 0 0 0 0 0 0 0 0 0 0 0 0.0909091 0.136364 0.181818 0.272727 0.136364 0.0909091 0.0909091 0 0 0 0 0 0 

576 553 399 53 0 0.578662 0 0 0 0 0 0 0 0 0 0 0 0 0 0 0 0 0 0 0.0588235 0 0.0588235 0.0588235 0.235294 0.176471 0.176471 0.117647 0.117647 0 0 0 0 0 0 

576 560 401 53 0 0.571429 0 0 0 0 0 0 0 0 0 0 0 0 0 0 0 0 0 0 0 0 0.117647 0.117647 0.235294 0.352941 0 0.0588235 0.117647 0 0 0 0 0 0 

544 524 379 53 0 0.610687 0 0 0 0 0 0 0 0 0 0 0 0 0 0 0 0 0 0 0 0.0625 0 0.125 0.1875 0.375 0 0.1875 0 0.0625 0 0 0 0 0 

512 496 376 53 0 0.645161 0 0 0 0 0 0 0 0 0 0 0 0 0 0 0 0 0 0 0 0 0.0666667 0 0.0666667 0.2 0.333333 0.133333 0.133333 0.0666667 0 0 0 0 0 

512 492 353 53 0 0.650406 0 0 0 0 0 0 0 0 0 0 0 0 0 0 0 0 0 0 0 0 0.0666667 0.133333 0.266667 0.2 0.2 0.133333 0 0 0 0 0 0 0 

512 498 360 53 0 0.64257 0 0 0 0 0 0 0 0 0 0 0 0 0 0 0 0 0 0 0 0 0 0.133333 0.266667 0.4 0.0666667 0.133333 0 0 0 0 0 0 0 

544 532 397 53 0 0.601504 0 0 0 0 0 0 0 0 0 0 0 0 0 0 0 0 0 0 0 0.0625 0 0.125 0.1875 0.0625 0.125 0.1875 0.25 0 0 0 0 0 0 

608 585 434 53 0 0.547009 0 0 0 0 0 0 0 0 0 0 0 0 0 0 0 0 0 0 0 0.0555556 0 0.111111 0 0.222222 0.277778 0.222222 0.111111 0 0 0 0 0 0 

480 457 338 53 0 0.700219 0 0 0 0 0 0 0 0 0 0 0 0 0 0 0 0 0 0 0 0 0 0.0714286 0.214286 0.285714 0.214286 0.0714286 0.0714286 0.0714286 0 0 0 0 0 

640 618 449 53 0 0.517799 0 0 0 0 0 0 0 0 0 0 0 0 0 0 0 0 0 0 0.0526316 0 0 0 0.210526 0.368421 0.157895 0.210526 0 0 0 0 0 0 0 

704 693 500 53 0 0.46176 0 0 0 0 0 0 0 0 0 0 0 0 0 0 0 0 0 0 0 0.047619 0.047619 0.0952381 0.190476 0.285714 0.190476 0.0952381 0.047619 0 0 0 0 0 0 

480 463 341 53 0 0.691145 0 0 0 0 0 0 0 0 0 0 0 0 0 0 0 0 0 0 0 0 0 0.0714286 0.214286 0.428571 0.0714286 0.0714286 0.142857 0 0 0 0 0 0 

544 526 376 53 0 0.608365 0 0 0 0 0 0 0 0 0 0 0 0 0 0 0 0 0 0 0 0 0.0625 0.3125 0.125 0.125 0.25 0.0625 0.0625 0 0 0 0 0 0 

512 492 365 53 0 0.650406 0 0 0 0 0 0 0 0 0 0 0 0 0 0 0 0 0 0 0 0.0666667 0.0666667 0 0.0666667 0.0666667 0.4 0.333333 0 0 0 0 0 0 0 

608 583 424 53 0 0.548885 0 0 0 0 0 0 0 0 0 0 0 0 0 0 0 0 0 0 0 0 0.111111 0.0555556 0.166667 0.111111 0.388889 0.111111 0.0555556 0 0 0 0 0 0 

544 528 377 53 0 0.606061 0 0 0 0 0 0 0 0 0 0 0 0 0 0 0 0 0 0 0 0.125 0 0.125 0.3125 0.0625 0.25 0 0.125 0 0 0 0 0 0 

608 587 422 53 0 0.545145 0 0 0 0 0 0 0 0 0 0 0 0 0 0 0 0 0 0 0.0555556 0.0555556 0 0.0555556 0.222222 0.166667 0.222222 0.222222 0 0 0 0 0 0 0 

576 551 393 53 0 0.580762 0 0 0 0 0 0 0 0 0 0 0 0 0 0 0 0 0 0 0 0.0588235 0 0.117647 0.352941 0.0588235 0.294118 0.117647 0 0 0 0 0 0 0 

672 652 481 53 0 0.490798 0 0 0 0 0 0 0 0 0 0 0 0 0 0 0 0 0.05 0 0 0 0 0.05 0.15 0.2 0.2 0.2 0.15 0 0 0 0 0 0 

640 616 455 53 0 0.519481 0 0 0 0 0 0 0 0 0 0 0 0 0 0 0 0 0 0 0.0526316 0 0 0.0526316 0.157895 0.157895 0.263158 0.210526 0.0526316 0.0526316 0 0 0 0 0 

608 592 432 53 0 0.540541 0 0 0 0 0 0 0 0 0 0 0 0 0 0 0 0 0 0 0 0.0555556 0 0.0555556 0.166667 0.277778 0.333333 0.0555556 0.0555556 0 0 0 0 0 0 

480 465 337 53 0 0.688172 0 0 0 0 0 0 0 0 0 0 0 0 0 0 0 0 0 0 0 0.142857 0 0.0714286 0.214286 0.142857 0.142857 0.214286 0.0714286 0 0 0 0 0 0 

512 485 347 53 0 0.659794 0 0 0 0 0 0 0 0 0 0 0 0 0 0 0 0 0 0 0 0 0.2 0 0.133333 0.4 0.133333 0.0666667 0 0.0666667 0 0 0 0 0 

608 582 423 53 0 0.549828 0 0 0 0 0 0 0 0 0 0 0 0 0 0 0 0 0 0 0 0.0555556 0 0.222222 0.111111 0.111111 0.222222 0.166667 0.0555556 0.0555556 0 0 0 0 0 

480 463 338 53 0 0.691145 0 0 0 0 0 0 0 0 0 0 0 0 0 0 0 0 0 0 0 0 0.0714286 0.214286 0.142857 0.142857 0.0714286 0.285714 0.0714286 0 0 0 0 0 0 

608 583 425 53 0 0.548885 0 0 0 0 0 0 0 0 0 0 0 0 0 0 0 0 0 0 0 0.0555556 0.111111 0 0.222222 0 0.277778 0.277778 0.0555556 0 0 0 0 0 0 

576 559 411 53 0 0.572451 0 0 0 0 0 0 0 0 0 0 0 0 0 0 0 0 0 0 0 0 0.0588235 0.0588235 0.0588235 0.411765 0.294118 0 0.117647 0 0 0 0 0 0 

576 548 401 53 0 0.583942 0 0 0 0 0 0 0 0 0 0 0 0 0 0 0 0 0 0 0.0588235 0 0.0588235 0 0.0588235 0.235294 0.294118 0.294118 0 0 0 0 0 0 0 

576 550 403 53 0 0.581818 0 0 0 0 0 0 0 0 0 0 0 0 0 0 0 0 0 0 0 0 0.0588235 0.117647 0.176471 0.176471 0.176471 0.176471 0.0588235 0.0588235 0 0 0 0 0 

608 590 417 53 0 0.542373 0 0 0 0 0 0 0 0 0 0 0 0 0 0 0 0 0 0 0 0.0555556 0.0555556 0.222222 0.111111 0.222222 0.333333 0 0 0 0 0 0 0 0 

576 561 412 53 0 0.57041 0 0 0 0 0 0 0 0 0 0 0 0 0 0 0 0 0 0 0 0 0 0.117647 0.176471 0.294118 0.235294 0.117647 0.0588235 0 0 0 0 0 0 

576 547 399 53 0 0.585009 0 0 0 0 0 0 0 0 0 0 0 0 0 0 0 0 0 0 0 0.0588235 0 0.0588235 0.117647 0.176471 0.411765 0.176471 0 0 0 0 0 0 0 

576 562 403 53 0 0.569395 0 0 0 0 0 0 0 0 0 0 0 0 0 0 0 0 0 0 0.0588235 0.0588235 0 0.235294 0.117647 0.0588235 0.235294 0.176471 0.0588235 0 0 0 0 0 0 

608 590 425 53 0 0.542373 0 0 0 0 0 0 0 0 0 0 0 0 0 0 0 0 0 0 0 0 0.0555556 0.0555556 0.277778 0.333333 0.222222 0 0.0555556 0 0 0 0 0 0 

576 554 413 53 0 0.577617 0 0 0 0 0 0 0 0 0 0 0 0 0 0 0 0 0 0 0 0 0.0588235 0 0.0588235 0.294118 0.294118 0.235294 0.0588235 0 0 0 0 0 0 

544 528 387 53 0 0.606061 0 0 0 0 0 0 0 0 0 0 0 0 0 0 0 0 0 0 0 0 0.0625 0.125 0.125 0.3125 0.0625 0.25 0.0625 0 0 0 0 0 0 

576 550 400 53 0 0.581818 0 0 0 0 0 0 0 0 0 0 0 0 0 0 0 0 0 0 0 0 0 0.235294 0.0588235 0.352941 0.117647 0.117647 0.117647 0 0 0 0 0 0 

800 781 575 53 0 0.409731 0 0 0 0 0 0 0 0 0 0 0 0 0 0 0 0 0 0 0 0 0 0.166667 0.125 0.125 0.416667 0.0833333 0.0416667 0.0416667 0 0 0 0 0 

512 488 352 53 0 0.655738 0 0 0 0 0 0 0 0 0 0 0 0 0 0 0 0 0 0 0 0 0 0.2 0.133333 0.266667 0.333333 0.0666667 0 0 0 0 0 0 0 

544 524 383 53 0 0.610687 0 0 0 0 0 0 0 0 0 0 0 0 0 0 0 0 0 0 0 0 0 0.0625 0.25 0.3125 0.25 0.0625 0.0625 0 0 0 0 0 0 

608 590 439 53 0 0.542373 0 0 0 0 0 0 0 0 0 0 0 0 0 0 0 0 0 0 0 0.0555556 0.0555556 0.166667 0.111111 0 0.0555556 0.277778 0.277778 0 0 0 0 0 0 

512 502 369 53 0 0.63745 0 0 0 0 0 0 0 0 0 0 0 0 0 0 0 0 0 0 0 0 0.0666667 0.2 0.133333 0.0666667 0.333333 0.0666667 0.133333 0 0 0 0 0 0 

704 685 508 53 0 0.467153 0 0 0 0 0 0 0 0 0 0 0 0 0 0 0 0 0 0 0 0 0.142857 0.047619 0.0952381 0.0952381 0.285714 0.190476 0.047619 0.0952381 0 0 0 0 0 

512 496 361 53 0 0.645161 0 0 0 0 0 0 0 0 0 0 0 0 0 0 0 0 0 0 0 0.0666667 0.0666667 0 0.2 0.266667 0.2 0.133333 0.0666667 0 0 0 0 0 0 

544 521 391 53 0 0.614203 0 0 0 0 0 0 0 0 0 0 0 0 0 0 0 0 0 0 0 0 0.0625 0 0 0.25 0.375 0.25 0.0625 0 0 0 0 0 0 

480 469 340 53 0 0.682303 0 0 0 0 0 0 0 0 0 0 0 0 0 0 0 0 0 0 0 0.0714286 0.0714286 0.142857 0.142857 0.214286 0.142857 0.0714286 0.142857 0 0 0 0 0 0 

512 485 354 53 0 0.659794 0 0 0 0 0 0 0 0 0 0 0 0 0 0 0 0 0 0 0 0 0 0.2 0.0666667 0.266667 0.2 0.266667 0 0 0 0 0 0 0 

608 590 430 53 0 0.542373 0 0 0 0 0 0 0 0 0 0 0 0 0 0 0 0 0 0 0 0.0555556 0 0.111111 0.166667 0.222222 0.333333 0 0.0555556 0.0555556 0 0 0 0 0 

640 616 452 53 0 0.519481 0 0 0 0 0 0 0 0 0 0 0 0 0 0 0 0 0 0 0 0 0 0.0526316 0.210526 0.315789 0.263158 0.0526316 0.105263 0 0 0 0 0 0 

480 459 330 53 0 0.697168 0 0 0 0 0 0 0 0 0 0 0 0 0 0 0 0 0 0 0 0.0714286 0.0714286 0.142857 0.214286 0.142857 0.142857 0.0714286 0.0714286 0.0714286 0 0 0 0 0 

