576 567 419 53 0 0.564374 0 0 0 0 0 0 0 0 0 0 0 0 0 0 0 0 0 0 0 0 0.0588235 0 0.176471 0.352941 0.176471 0.235294 0 0 0 0 0 0 0 

544 530 399 53 0 0.603774 0 0 0 0 0 0 0 0 0 0 0 0 0 0 0 0 0 0 0 0 0.0625 0 0.0625 0.375 0.0625 0.3125 0.125 0 0 0 0 0 0 

576 563 413 53 0 0.568384 0 0 0 0 0 0 0 0 0 0 0 0 0 0 0 0 0 0 0 0 0.117647 0.117647 0.117647 0.117647 0.294118 0.176471 0 0.0588235 0 0 0 0 0 

576 565 417 53 0 0.566372 0 0 0 0 0 0 0 0 0 0 0 0 0 0 0 0 0 0 0 0 0.0588235 0.0588235 0.235294 0.117647 0.294118 0.176471 0.0588235 0 0 0 0 0 0 

576 564 425 53 0 0.567376 0 0 0 0 0 0 0 0 0 0 0 0 0 0 0 0 0 0 0 0 0 0.0588235 0.176471 0.176471 0.235294 0.176471 0.176471 0 0 0 0 0 0 

576 567 420 53 0 0.564374 0 0 0 0 0 0 0 0 0 0 0 0 0 0 0 0 0 0 0 0 0 0.176471 0.0588235 0.294118 0.235294 0.176471 0.0588235 0 0 0 0 0 0 

576 565 419 53 0 0.566372 0 0 0 0 0 0 0 0 0 0 0 0 0 0 0 0 0 0 0 0 0 0.0588235 0.294118 0.117647 0.352941 0.117647 0 0.0588235 0 0 0 0 0 

576 565 424 53 0 0.566372 0 0 0 0 0 0 0 0 0 0 0 0 0 0 0 0 0 0 0 0 0 0.0588235 0.176471 0.235294 0.235294 0.176471 0.0588235 0.0588235 0 0 0 0 0 

576 565 418 53 0 0.566372 0 0 0 0 0 0 0 0 0 0 0 0 0 0 0 0 0 0 0 0 0.0588235 0.0588235 0.235294 0.176471 0.294118 0.0588235 0.0588235 0 0.0588235 0 0 0 0 

576 565 413 53 0 0.566372 0 0 0 0 0 0 0 0 0 0 0 0 0 0 0 0 0 0 0.0588235 0 0 0.0588235 0.176471 0.235294 0.294118 0.176471 0 0 0 0 0 0 0 

576 565 413 53 0 0.566372 0 0 0 0 0 0 0 0 0 0 0 0 0 0 0 0 0 0 0 0 0.0588235 0.0588235 0.176471 0.294118 0.294118 0.117647 0 0 0 0 0 0 0 

576 565 420 53 0 0.566372 0 0 0 0 0 0 0 0 0 0 0 0 0 0 0 0 0 0 0 0 0 0.117647 0.235294 0.117647 0.235294 0.176471 0.117647 0 0 0 0 0 0 

544 528 394 53 0 0.606061 0 0 0 0 0 0 0 0 0 0 0 0 0 0 0 0 0 0 0 0 0 0 0.1875 0.375 0.1875 0.1875 0 0.0625 0 0 0 0 0 

576 565 419 53 0 0.566372 0 0 0 0 0 0 0 0 0 0 0 0 0 0 0 0 0 0.0588235 0 0 0 0.0588235 0.176471 0.0588235 0.411765 0.117647 0.0588235 0.0588235 0 0 0 0 0 

576 565 407 53 0 0.566372 0 0 0 0 0 0 0 0 0 0 0 0 0 0 0 0 0 0 0 0 0.0588235 0.117647 0.294118 0.235294 0.235294 0 0.0588235 0 0 0 0 0 0 

544 530 385 53 0 0.603774 0 0 0 0 0 0 0 0 0 0 0 0 0 0 0 0 0 0 0 0.0625 0 0.1875 0.1875 0.125 0.1875 0.1875 0.0625 0 0 0 0 0 0 

576 565 406 53 0 0.566372 0 0 0 0 0 0 0 0 0 0 0 0 0 0 0 0 0 0 0 0.0588235 0.0588235 0 0.352941 0.235294 0.176471 0.117647 0 0 0 0 0 0 0 

576 567 426 53 0 0.564374 0 0 0 0 0 0 0 0 0 0 0 0 0 0 0 0 0 0 0 0 0.0588235 0.0588235 0.0588235 0.235294 0.235294 0.235294 0.117647 0 0 0 0 0 0 

704 678 487 53 0 0.471976 0 0 0 0 0 0 0 0 0 0 0 0 0 0 0 0 0 0 0.047619 0 0 0.142857 0.142857 0.285714 0.238095 0.0952381 0.047619 0 0 0 0 0 0 

576 566 425 53 0 0.565371 0 0 0 0 0 0 0 0 0 0 0 0 0 0 0 0 0 0 0 0 0 0 0.176471 0.235294 0.411765 0.0588235 0.117647 0 0 0 0 0 0 

576 565 404 53 0 0.566372 0 0 0 0 0 0 0 0 0 0 0 0 0 0 0 0 0 0 0 0.0588235 0.0588235 0.117647 0.117647 0.411765 0.176471 0.0588235 0 0 0 0 0 0 0 

576 565 414 53 0 0.566372 0 0 0 0 0 0 0 0 0 0 0 0 0 0 0 0 0 0 0 0.0588235 0.117647 0.0588235 0.176471 0.117647 0.0588235 0.294118 0.117647 0 0 0 0 0 0 

576 565 423 53 0 0.566372 0 0 0 0 0 0 0 0 0 0 0 0 0 0 0 0 0 0 0 0 0 0 0.294118 0.235294 0.176471 0.176471 0.0588235 0.0588235 0 0 0 0 0 

576 565 415 53 0 0.566372 0 0 0 0 0 0 0 0 0 0 0 0 0 0 0 0 0 0 0 0 0 0.176471 0.176471 0.117647 0.470588 0 0 0.0588235 0 0 0 0 0 

576 567 435 53 0 0.564374 0 0 0 0 0 0 0 0 0 0 0 0 0 0 0 0 0 0 0 0 0 0 0.235294 0.0588235 0.352941 0.0588235 0.176471 0.117647 0 0 0 0 0 

576 565 417 53 0 0.566372 0 0 0 0 0 0 0 0 0 0 0 0 0 0 0 0 0 0 0 0.0588235 0 0 0.117647 0.470588 0.176471 0.0588235 0.117647 0 0 0 0 0 0 

576 565 416 53 0 0.566372 0 0 0 0 0 0 0 0 0 0 0 0 0 0 0 0 0 0 0 0 0.0588235 0.0588235 0.117647 0.352941 0.235294 0.117647 0.0588235 0 0 0 0 0 0 

544 527 395 53 0 0.607211 0 0 0 0 0 0 0 0 0 0 0 0 0 0 0 0 0 0 0 0 0 0.125 0.125 0.25 0.125 0.25 0 0.125 0 0 0 0 0 

704 678 502 53 0 0.471976 0 0 0 0 0 0 0 0 0 0 0 0 0 0 0 0 0 0 0 0 0.0952381 0.047619 0.142857 0.0952381 0.238095 0.238095 0.142857 0 0 0 0 0 0 

576 565 418 53 0 0.566372 0 0 0 0 0 0 0 0 0 0 0 0 0 0 0 0 0 0 0 0 0 0.0588235 0.176471 0.235294 0.411765 0.117647 0 0 0 0 0 0 0 

672 648 480 53 0 0.493827 0 0 0 0 0 0 0 0 0 0 0 0 0 0 0 0 0 0 0 0.05 0 0 0.15 0.4 0.15 0.1 0.05 0.05 0.05 0 0 0 0 

576 565 418 53 0 0.566372 0 0 0 0 0 0 0 0 0 0 0 0 0 0 0 0 0 0 0 0 0 0.0588235 0.235294 0.352941 0.117647 0.117647 0.117647 0 0 0 0 0 0 

800 775 558 53 0 0.412903 0 0 0 0 0 0 0 0 0 0 0 0 0 0 0 0 0 0 0 0.0416667 0.0416667 0.0416667 0.208333 0.25 0.333333 0.0416667 0.0416667 0 0 0 0 0 0 

576 565 408 53 0 0.566372 0 0 0 0 0 0 0 0 0 0 0 0 0 0 0 0 0 0 0 0 0.176471 0.0588235 0.0588235 0.352941 0.294118 0 0.0588235 0 0 0 0 0 0 

576 565 413 53 0 0.566372 0 0 0 0 0 0 0 0 0 0 0 0 0 0 0 0 0 0 0 0 0 0.117647 0.235294 0.294118 0.176471 0.176471 0 0 0 0 0 0 0 

576 565 419 53 0 0.566372 0 0 0 0 0 0 0 0 0 0 0 0 0 0 0 0 0 0 0 0 0.0588235 0.0588235 0.176471 0.117647 0.411765 0.0588235 0.117647 0 0 0 0 0 0 

576 565 415 53 0 0.566372 0 0 0 0 0 0 0 0 0 0 0 0 0 0 0 0 0 0 0 0 0.117647 0.117647 0 0.411765 0.117647 0.0588235 0.176471 0 0 0 0 0 0 

544 529 404 53 0 0.604915 0 0 0 0 0 0 0 0 0 0 0 0 0 0 0 0 0 0 0 0.0625 0 0 0 0.25 0.25 0.25 0.125 0 0.0625 0 0 0 0 

576 565 421 53 0 0.566372 0 0 0 0 0 0 0 0 0 0 0 0 0 0 0 0 0 0 0.0588235 0 0 0.0588235 0 0.352941 0.294118 0.117647 0.0588235 0.0588235 0 0 0 0 0 

576 565 422 53 0 0.566372 0 0 0 0 0 0 0 0 0 0 0 0 0 0 0 0 0 0 0 0 0 0.117647 0.176471 0.117647 0.294118 0.176471 0.117647 0 0 0 0 0 0 

576 565 426 53 0 0.566372 0 0 0 0 0 0 0 0 0 0 0 0 0 0 0 0 0 0 0 0 0 0.117647 0.117647 0.176471 0.235294 0.117647 0.235294 0 0 0 0 0 0 

576 565 402 53 0 0.566372 0 0 0 0 0 0 0 0 0 0 0 0 0 0 0 0 0 0 0 0 0.117647 0.235294 0.176471 0.235294 0.117647 0.0588235 0.0588235 0 0 0 0 0 0 

576 565 410 53 0 0.566372 0 0 0 0 0 0 0 0 0 0 0 0 0 0 0 0 0 0 0 0 0.0588235 0.176471 0.176471 0.176471 0.235294 0.176471 0 0 0 0 0 0 0 

576 563 410 53 0 0.568384 0 0 0 0 0 0 0 0 0 0 0 0 0 0 0 0 0 0 0 0.0588235 0 0.117647 0.176471 0.235294 0.235294 0.117647 0.0588235 0 0 0 0 0 0 

576 565 418 53 0 0.566372 0 0 0 0 0 0 0 0 0 0 0 0 0 0 0 0 0 0 0 0 0.0588235 0.0588235 0.176471 0.0588235 0.470588 0.176471 0 0 0 0 0 0 0 

544 528 387 53 0 0.606061 0 0 0 0 0 0 0 0 0 0 0 0 0 0 0 0 0 0 0 0 0.0625 0.0625 0.125 0.25 0.375 0.125 0 0 0 0 0 0 0 

576 565 424 53 0 0.566372 0 0 0 0 0 0 0 0 0 0 0 0 0 0 0 0 0 0 0 0 0 0.0588235 0 0.411765 0.235294 0.294118 0 0 0 0 0 0 0 

576 565 420 53 0 0.566372 0 0 0 0 0 0 0 0 0 0 0 0 0 0 0 0 0 0 0 0 0.0588235 0 0.294118 0.0588235 0.294118 0.235294 0.0588235 0 0 0 0 0 0 

576 565 420 53 0 0.566372 0 0 0 0 0 0 0 0 0 0 0 0 0 0 0 0 0 0 0 0 0 0.117647 0.117647 0.294118 0.235294 0.117647 0.117647 0 0 0 0 0 0 

672 652 470 53 0 0.490798 0 0 0 0 0 0 0 0 0 0 0 0 0 0 0 0 0 0 0 0.05 0 0.1 0.15 0.45 0.05 0.2 0 0 0 0 0 0 0 

576 565 409 53 0 0.566372 0 0 0 0 0 0 0 0 0 0 0 0 0 0 0 0 0 0 0 0 0.0588235 0.176471 0.176471 0.294118 0.117647 0.117647 0.0588235 0 0 0 0 0 0 

672 652 490 53 0 0.490798 0 0 0 0 0 0 0 0 0 0 0 0 0 0 0 0 0 0 0 0.05 0.05 0.1 0 0.15 0.2 0.2 0.15 0.1 0 0 0 0 0 

576 567 398 53 0 0.564374 0 0 0 0 0 0 0 0 0 0 0 0 0 0 0 0 0 0 0 0.0588235 0.176471 0.235294 0.0588235 0.176471 0.235294 0.0588235 0 0 0 0 0 0 0 

576 565 422 53 0 0.566372 0 0 0 0 0 0 0 0 0 0 0 0 0 0 0 0 0 0 0 0 0 0 0.176471 0.294118 0.411765 0 0.117647 0 0 0 0 0 0 

544 530 401 53 0 0.603774 0 0 0 0 0 0 0 0 0 0 0 0 0 0 0 0 0 0 0 0 0 0.1875 0 0.125 0.25 0.3125 0.0625 0.0625 0 0 0 0 0 

576 565 414 53 0 0.566372 0 0 0 0 0 0 0 0 0 0 0 0 0 0 0 0 0 0 0 0.0588235 0.0588235 0.0588235 0.176471 0.117647 0.294118 0.176471 0.0588235 0 0 0 0 0 0 

576 565 418 53 0 0.566372 0 0 0 0 0 0 0 0 0 0 0 0 0 0 0 0 0 0 0.0588235 0 0.0588235 0.117647 0.0588235 0.176471 0.176471 0.176471 0.117647 0.0588235 0 0 0 0 0 

704 678 489 53 0 0.471976 0 0 0 0 0 0 0 0 0 0 0 0 0 0 0 0 0 0 0 0 0.0952381 0.047619 0.238095 0.190476 0.238095 0.190476 0 0 0 0 0 0 0 

576 565 420 53 0 0.566372 0 0 0 0 0 0 0 0 0 0 0 0 0 0 0 0 0 0 0 0 0 0.0588235 0.294118 0.176471 0.176471 0.176471 0.117647 0 0 0 0 0 0 

576 565 415 53 0 0.566372 0 0 0 0 0 0 0 0 0 0 0 0 0 0 0 0 0 0 0 0 0.117647 0 0.176471 0.176471 0.352941 0.176471 0 0 0 0 0 0 0 

576 565 421 53 0 0.566372 0 0 0 0 0 0 0 0 0 0 0 0 0 0 0 0 0 0 0 0 0 0.0588235 0.176471 0.235294 0.352941 0.0588235 0.117647 0 0 0 0 0 0 

576 565 415 53 0 0.566372 0 0 0 0 0 0 0 0 0 0 0 0 0 0 0 0 0 0 0 0.117647 0 0.117647 0.117647 0.117647 0.176471 0.235294 0.117647 0 0 0 0 0 0 

544 528 389 53 0 0.606061 0 0 0 0 0 0 0 0 0 0 0 0 0 0 0 0 0 0 0 0 0 0.3125 0.125 0 0.25 0.1875 0.0625 0.0625 0 0 0 0 0 

576 565 427 53 0 0.566372 0 0 0 0 0 0 0 0 0 0 0 0 0 0 0 0 0 0 0 0 0 0 0.176471 0.117647 0.470588 0.176471 0 0.0588235 0 0 0 0 0 

576 564 410 53 0 0.567376 0 0 0 0 0 0 0 0 0 0 0 0 0 0 0 0 0 0 0 0.0588235 0.0588235 0.176471 0.176471 0 0.294118 0.117647 0.117647 0 0 0 0 0 0 

576 565 409 53 0 0.566372 0 0 0 0 0 0 0 0 0 0 0 0 0 0 0 0 0 0 0 0.0588235 0 0 0.294118 0.352941 0.235294 0.0588235 0 0 0 0 0 0 0 

576 567 416 53 0 0.564374 0 0 0 0 0 0 0 0 0 0 0 0 0 0 0 0 0 0 0 0.117647 0 0.0588235 0.235294 0.176471 0.0588235 0.235294 0.0588235 0.0588235 0 0 0 0 0 

576 565 407 53 0 0.566372 0 0 0 0 0 0 0 0 0 0 0 0 0 0 0 0 0 0 0 0.117647 0.0588235 0.117647 0.176471 0.0588235 0.176471 0.294118 0 0 0 0 0 0 0 

576 565 408 53 0 0.566372 0 0 0 0 0 0 0 0 0 0 0 0 0 0 0 0 0 0 0 0 0.0588235 0.176471 0.0588235 0.529412 0 0.176471 0 0 0 0 0 0 0 

576 565 424 53 0 0.566372 0 0 0 0 0 0 0 0 0 0 0 0 0 0 0 0 0 0 0 0 0.0588235 0.0588235 0.0588235 0.294118 0.235294 0.117647 0.117647 0.0588235 0 0 0 0 0 

576 565 419 53 0 0.566372 0 0 0 0 0 0 0 0 0 0 0 0 0 0 0 0 0 0 0 0 0.0588235 0.0588235 0.176471 0.176471 0.352941 0.0588235 0.0588235 0.0588235 0 0 0 0 0 

576 565 423 53 0 0.566372 0 0 0 0 0 0 0 0 0 0 0 0 0 0 0 0 0 0 0 0 0.117647 0 0.117647 0.117647 0.294118 0.235294 0.117647 0 0 0 0 0 0 

576 565 410 53 0 0.566372 0 0 0 0 0 0 0 0 0 0 0 0 0 0 0 0 0 0 0 0.0588235 0.0588235 0 0.294118 0.117647 0.352941 0.117647 0 0 0 0 0 0 0 

576 563 414 53 0 0.568384 0 0 0 0 0 0 0 0 0 0 0 0 0 0 0 0 0 0 0 0 0 0.0588235 0.235294 0.470588 0.0588235 0 0.176471 0 0 0 0 0 0 

576 565 414 53 0 0.566372 0 0 0 0 0 0 0 0 0 0 0 0 0 0 0 0 0 0 0.0588235 0 0 0.0588235 0.235294 0.235294 0.117647 0.235294 0.0588235 0 0 0 0 0 0 

576 565 404 53 0 0.566372 0 0 0 0 0 0 0 0 0 0 0 0 0 0 0 0 0 0 0 0.0588235 0 0.176471 0.352941 0.117647 0.176471 0.0588235 0.0588235 0 0 0 0 0 0 

576 565 425 53 0 0.566372 0 0 0 0 0 0 0 0 0 0 0 0 0 0 0 0 0 0 0 0 0 0.0588235 0.176471 0.176471 0.235294 0.235294 0.117647 0 0 0 0 0 0 

544 528 381 53 0 0.606061 0 0 0 0 0 0 0 0 0 0 0 0 0 0 0 0 0 0 0 0.0625 0.125 0.0625 0.25 0.125 0.125 0.125 0.0625 0.0625 0 0 0 0 0 

576 567 418 53 0 0.564374 0 0 0 0 0 0 0 0 0 0 0 0 0 0 0 0 0 0 0.0588235 0 0.0588235 0 0.294118 0.117647 0.0588235 0.294118 0.117647 0 0 0 0 0 0 

576 565 403 53 0 0.566372 0 0 0 0 0 0 0 0 0 0 0 0 0 0 0 0 0 0 0 0.0588235 0 0.352941 0.0588235 0.294118 0.0588235 0.117647 0.0588235 0 0 0 0 0 0 

672 652 471 53 0 0.490798 0 0 0 0 0 0 0 0 0 0 0 0 0 0 0 0 0 0 0 0 0.1 0.05 0.15 0.35 0.25 0.05 0.05 0 0 0 0 0 0 

576 567 412 53 0 0.564374 0 0 0 0 0 0 0 0 0 0 0 0 0 0 0 0 0 0 0 0 0 0.235294 0.176471 0.352941 0.0588235 0.117647 0 0.0588235 0 0 0 0 0 

576 565 405 53 0 0.566372 0 0 0 0 0 0 0 0 0 0 0 0 0 0 0 0 0 0 0.0588235 0 0 0.176471 0.352941 0.117647 0.117647 0.0588235 0.117647 0 0 0 0 0 0 

576 565 405 53 0 0.566372 0 0 0 0 0 0 0 0 0 0 0 0 0 0 0 0 0 0 0 0.0588235 0 0.117647 0.176471 0.529412 0 0.117647 0 0 0 0 0 0 0 

576 565 415 53 0 0.566372 0 0 0 0 0 0 0 0 0 0 0 0 0 0 0 0 0 0 0 0.0588235 0 0.0588235 0.235294 0.176471 0.176471 0.294118 0 0 0 0 0 0 0 

576 565 411 53 0 0.566372 0 0 0 0 0 0 0 0 0 0 0 0 0 0 0 0 0 0 0.0588235 0 0 0.0588235 0.235294 0.294118 0.235294 0 0.117647 0 0 0 0 0 0 

576 565 418 53 0 0.566372 0 0 0 0 0 0 0 0 0 0 0 0 0 0 0 0 0 0 0 0 0.0588235 0.117647 0.0588235 0.352941 0.117647 0.176471 0.117647 0 0 0 0 0 0 

544 529 384 53 0 0.604915 0 0 0 0 0 0 0 0 0 0 0 0 0 0 0 0 0 0 0 0.0625 0 0.1875 0.125 0.125 0.3125 0.1875 0 0 0 0 0 0 0 

576 565 422 53 0 0.566372 0 0 0 0 0 0 0 0 0 0 0 0 0 0 0 0 0 0 0 0 0 0.0588235 0.235294 0.0588235 0.411765 0.176471 0.0588235 0 0 0 0 0 0 

704 678 498 53 0 0.471976 0 0 0 0 0 0 0 0 0 0 0 0 0 0 0 0 0 0 0 0.047619 0 0.0952381 0.0952381 0.333333 0.0952381 0.190476 0.142857 0 0 0 0 0 0 

576 565 431 53 0 0.566372 0 0 0 0 0 0 0 0 0 0 0 0 0 0 0 0 0 0 0 0 0 0.0588235 0.117647 0.235294 0.117647 0.176471 0.294118 0 0 0 0 0 0 

704 678 494 53 0 0.471976 0 0 0 0 0 0 0 0 0 0 0 0 0 0 0 0 0 0 0 0.0952381 0 0.190476 0.047619 0.142857 0.142857 0.238095 0.142857 0 0 0 0 0 0 

576 565 408 53 0 0.566372 0 0 0 0 0 0 0 0 0 0 0 0 0 0 0 0 0.0588235 0 0 0 0 0.0588235 0.294118 0.176471 0.235294 0.176471 0 0 0 0 0 0 0 

672 652 471 53 0 0.490798 0 0 0 0 0 0 0 0 0 0 0 0 0 0 0 0 0 0 0 0.1 0.1 0.05 0.1 0.15 0.25 0.15 0.1 0 0 0 0 0 0 

576 565 405 53 0 0.566372 0 0 0 0 0 0 0 0 0 0 0 0 0 0 0 0 0 0 0 0.0588235 0.0588235 0.117647 0.0588235 0.470588 0.176471 0.0588235 0 0 0 0 0 0 0 

576 565 416 53 0 0.566372 0 0 0 0 0 0 0 0 0 0 0 0 0 0 0 0 0 0 0 0 0.0588235 0.0588235 0.176471 0.235294 0.294118 0.117647 0.0588235 0 0 0 0 0 0 

576 565 407 53 0 0.566372 0 0 0 0 0 0 0 0 0 0 0 0 0 0 0 0 0 0 0 0.0588235 0.0588235 0.0588235 0.294118 0.235294 0.117647 0.117647 0.0588235 0 0 0 0 0 0 

576 565 425 53 0 0.566372 0 0 0 0 0 0 0 0 0 0 0 0 0 0 0 0 0 0 0 0 0 0 0.0588235 0.352941 0.411765 0.117647 0.0588235 0 0 0 0 0 0 

576 565 404 53 0 0.566372 0 0 0 0 0 0 0 0 0 0 0 0 0 0 0 0 0 0 0.0588235 0 0 0.176471 0.235294 0.235294 0.176471 0.117647 0 0 0 0 0 0 0 

576 565 421 53 0 0.566372 0 0 0 0 0 0 0 0 0 0 0 0 0 0 0 0 0 0 0 0.0588235 0 0.0588235 0.117647 0.176471 0.235294 0.294118 0.0588235 0 0 0 0 0 0 

