992 965 689 75 0 0.663212 0 0 0 0 0 0 0 0 0 0 0 0 0 0 0 0 0 0 0 0 0.0666667 0.1 0.233333 0.3 0.166667 0.133333 0 0 0 0 0 0 0 

960 933 691 75 0 0.685959 0 0 0 0 0 0 0 0 0 0 0 0 0 0 0 0 0 0 0 0 0.0344828 0.0689655 0.103448 0.275862 0.206897 0.137931 0.172414 0 0 0 0 0 0 

928 902 671 75 0 0.709534 0 0 0 0 0 0 0 0 0 0 0 0 0 0 0 0 0 0 0 0 0 0 0.214286 0.285714 0.214286 0.142857 0.107143 0.0357143 0 0 0 0 0 

1088 1058 769 75 0 0.604915 0 0 0 0 0 0 0 0 0 0 0 0 0 0 0 0 0 0 0.030303 0.030303 0 0.0909091 0.212121 0.212121 0.121212 0.151515 0.121212 0.030303 0 0 0 0 0 

1088 1059 763 75 0 0.604344 0 0 0 0 0 0 0 0 0 0 0 0 0 0 0 0 0 0 0.030303 0.030303 0.030303 0.030303 0.181818 0.272727 0.242424 0.151515 0.030303 0 0 0 0 0 0 

1088 1060 757 75 0 0.603774 0 0 0 0 0 0 0 0 0 0 0 0 0 0 0 0 0 0 0 0 0.121212 0.121212 0.272727 0.0909091 0.181818 0.121212 0.0909091 0 0 0 0 0 0 

960 940 699 75 0 0.680851 0 0 0 0 0 0 0 0 0 0 0 0 0 0 0 0 0 0 0 0 0 0.0689655 0.172414 0.344828 0.0689655 0.206897 0.0344828 0.103448 0 0 0 0 0 

1120 1093 776 75 0 0.585544 0 0 0 0 0 0 0 0 0 0 0 0 0 0 0 0 0 0 0 0.0588235 0.0882353 0.147059 0.0882353 0.264706 0.176471 0.147059 0.0294118 0 0 0 0 0 0 

1024 996 729 75 0 0.64257 0 0 0 0 0 0 0 0 0 0 0 0 0 0 0 0 0 0 0.0322581 0 0.0322581 0.0967742 0.193548 0.129032 0.225806 0.16129 0.0322581 0.0967742 0 0 0 0 0 

