1216 1194 889 84 0 0.670017 0 0 0 0 0 0 0 0 0 0 0 0 0 0 0 0 0 0 0 0.0540541 0 0.0540541 0.0810811 0.216216 0.216216 0.243243 0.0810811 0.0540541 0 0 0 0 0 

1280 1267 919 84 0 0.631413 0 0 0 0 0 0 0 0 0 0 0 0 0 0 0 0 0 0 0.025641 0.025641 0.025641 0.102564 0.128205 0.230769 0.282051 0.128205 0.025641 0.025641 0 0 0 0 0 

1312 1285 921 84 0 0.622568 0 0 0 0 0 0 0 0 0 0 0 0 0 0 0 0 0 0 0.05 0 0.075 0.075 0.15 0.3 0.125 0.125 0.1 0 0 0 0 0 0 

1248 1241 922 84 0 0.644641 0 0 0 0 0 0 0 0 0 0 0 0 0 0 0 0 0 0 0 0 0.0263158 0.0263158 0.131579 0.368421 0.236842 0.105263 0.0263158 0.0526316 0.0263158 0 0 0 0 

1408 1377 1015 84 0 0.580973 0 0 0 0 0 0 0 0 0 0 0 0 0 0 0 0 0 0 0 0 0.0465116 0.0930233 0.0465116 0.255814 0.255814 0.232558 0.0465116 0.0232558 0 0 0 0 0 

1408 1388 1004 84 0 0.576369 0 0 0 0 0 0 0 0 0 0 0 0 0 0 0 0 0 0 0 0.0232558 0.0465116 0.0232558 0.255814 0.232558 0.232558 0.186047 0 0 0 0 0 0 0 

1408 1383 998 84 0 0.578453 0 0 0 0 0 0 0 0 0 0 0 0 0 0 0 0 0 0 0 0 0.0232558 0.139535 0.186047 0.255814 0.27907 0.0465116 0.0697674 0 0 0 0 0 0 

1440 1413 995 84 0 0.566171 0 0 0 0 0 0 0 0 0 0 0 0 0 0 0 0 0 0 0 0.0681818 0.0909091 0.159091 0.204545 0.136364 0.181818 0.113636 0.0227273 0.0227273 0 0 0 0 0 

1120 1099 801 65 0 0.727934 0 0 0 0 0 0 0 0 0 0 0 0 0 0 0 0 0 0 0.0294118 0 0.0294118 0.0882353 0.147059 0.176471 0.352941 0.117647 0.0294118 0.0294118 0 0 0 0 0 

1120 1102 801 57 0 0.725953 0 0 0 0 0 0 0 0 0 0 0 0 0 0 0 0 0 0 0 0 0.0588235 0.0588235 0.235294 0.264706 0.205882 0.117647 0 0.0588235 0 0 0 0 0 

