224 209 156 32 0 0.574163 0 0 0 0 0 0 0 0 0 0 0 0 0 0 0 0 0 0 0 0 0 0 0.333333 0.333333 0.166667 0.166667 0 0 0 0 0 0 0 

224 209 156 32 0 0.574163 0 0 0 0 0 0 0 0 0 0 0 0 0 0 0 0 0 0 0 0 0.166667 0 0.166667 0.166667 0.333333 0 0.166667 0 0 0 0 0 0 

224 210 158 32 0 0.571429 0 0 0 0 0 0 0 0 0 0 0 0 0 0 0 0 0 0 0 0 0 0 0.166667 0.5 0.166667 0.166667 0 0 0 0 0 0 0 

224 210 161 32 0 0.571429 0 0 0 0 0 0 0 0 0 0 0 0 0 0 0 0 0 0 0 0 0 0.166667 0 0.166667 0.166667 0.5 0 0 0 0 0 0 0 

224 211 156 32 0 0.56872 0 0 0 0 0 0 0 0 0 0 0 0 0 0 0 0 0 0 0 0 0 0.166667 0.166667 0.333333 0.333333 0 0 0 0 0 0 0 0 

224 207 157 32 0 0.57971 0 0 0 0 0 0 0 0 0 0 0 0 0 0 0 0 0 0 0 0 0 0 0.166667 0.333333 0.166667 0.333333 0 0 0 0 0 0 0 

224 209 160 32 0 0.574163 0 0 0 0 0 0 0 0 0 0 0 0 0 0 0 0 0 0 0 0 0 0 0.166667 0.333333 0.166667 0.166667 0.166667 0 0 0 0 0 0 

224 209 161 32 0 0.574163 0 0 0 0 0 0 0 0 0 0 0 0 0 0 0 0 0 0 0 0 0 0.166667 0 0.166667 0.333333 0.166667 0 0.166667 0 0 0 0 0 

224 209 160 32 0 0.574163 0 0 0 0 0 0 0 0 0 0 0 0 0 0 0 0 0 0 0 0 0 0 0 0.333333 0.5 0.166667 0 0 0 0 0 0 0 

224 209 155 32 0 0.574163 0 0 0 0 0 0 0 0 0 0 0 0 0 0 0 0 0 0 0 0.166667 0 0 0.166667 0 0.5 0.166667 0 0 0 0 0 0 0 

