448 417 313 37 0 0.383693 0 0 0 0 0 0 0 0 0 0 0 0 0 0 0 0 0 0 0 0 0 0 0.153846 0.153846 0.384615 0.153846 0.153846 0 0 0 0 0 0 

448 417 303 37 0 0.383693 0 0 0 0 0 0 0 0 0 0 0 0 0 0 0 0 0 0 0 0 0.0769231 0.0769231 0.230769 0.230769 0.153846 0.0769231 0.0769231 0.0769231 0 0 0 0 0 

448 417 309 37 0 0.383693 0 0 0 0 0 0 0 0 0 0 0 0 0 0 0 0 0 0 0 0 0 0 0.153846 0.307692 0.307692 0.153846 0.0769231 0 0 0 0 0 0 

448 417 304 37 0 0.383693 0 0 0 0 0 0 0 0 0 0 0 0 0 0 0 0 0 0 0 0 0.0769231 0.0769231 0.0769231 0.230769 0.384615 0.0769231 0.0769231 0 0 0 0 0 0 

448 417 301 37 0 0.383693 0 0 0 0 0 0 0 0 0 0 0 0 0 0 0 0 0 0 0 0 0.0769231 0.153846 0.0769231 0.307692 0.230769 0.0769231 0 0.0769231 0 0 0 0 0 

448 417 312 37 0 0.383693 0 0 0 0 0 0 0 0 0 0 0 0 0 0 0 0 0 0 0 0 0.0769231 0.0769231 0 0.153846 0.230769 0.307692 0.153846 0 0 0 0 0 0 

448 417 307 37 0 0.383693 0 0 0 0 0 0 0 0 0 0 0 0 0 0 0 0 0 0 0 0.0769231 0 0 0.153846 0.230769 0.230769 0.230769 0 0.0769231 0 0 0 0 0 

448 417 297 37 0 0.383693 0 0 0 0 0 0 0 0 0 0 0 0 0 0 0 0 0 0 0 0 0 0.153846 0.307692 0.230769 0.230769 0.0769231 0 0 0 0 0 0 0 

448 417 294 37 0 0.383693 0 0 0 0 0 0 0 0 0 0 0 0 0 0 0 0 0 0 0 0 0.153846 0.0769231 0.307692 0.153846 0.230769 0 0.0769231 0 0 0 0 0 0 

448 417 309 37 0 0.383693 0 0 0 0 0 0 0 0 0 0 0 0 0 0 0 0 0 0 0 0 0 0.0769231 0.230769 0.0769231 0.230769 0.307692 0.0769231 0 0 0 0 0 0 

