544 525 383 53 0 0.609524 0 0 0 0 0 0 0 0 0 0 0 0 0 0 0 0 0 0 0 0 0.125 0 0.125 0.3125 0.25 0.1875 0 0 0 0 0 0 0 

544 519 380 53 0 0.61657 0 0 0 0 0 0 0 0 0 0 0 0 0 0 0 0 0 0 0 0 0.0625 0.1875 0.1875 0.1875 0 0.125 0.1875 0.0625 0 0 0 0 0 

576 560 418 53 0 0.571429 0 0 0 0 0 0 0 0 0 0 0 0 0 0 0 0 0 0 0 0 0 0 0.0588235 0.470588 0.294118 0.117647 0.0588235 0 0 0 0 0 0 

544 520 377 53 0 0.615385 0 0 0 0 0 0 0 0 0 0 0 0 0 0 0 0 0 0 0 0.0625 0 0.0625 0.1875 0.375 0.125 0.0625 0.125 0 0 0 0 0 0 

640 623 465 53 0 0.513644 0 0 0 0 0 0 0 0 0 0 0 0 0 0 0 0 0 0 0 0 0 0.0526316 0.157895 0.210526 0.315789 0.210526 0 0.0526316 0 0 0 0 0 

448 431 321 53 0 0.742459 0 0 0 0 0 0 0 0 0 0 0 0 0 0 0 0 0 0 0 0 0.0769231 0.153846 0.0769231 0 0.307692 0.307692 0.0769231 0 0 0 0 0 0 

480 466 345 53 0 0.686695 0 0 0 0 0 0 0 0 0 0 0 0 0 0 0 0 0 0 0 0 0.0714286 0.0714286 0.142857 0.142857 0.357143 0.142857 0.0714286 0 0 0 0 0 0 

544 518 375 53 0 0.617761 0 0 0 0 0 0 0 0 0 0 0 0 0 0 0 0 0 0 0 0 0.0625 0.1875 0.0625 0.25 0.25 0.125 0.0625 0 0 0 0 0 0 

640 626 457 53 0 0.511182 0 0 0 0 0 0 0 0 0 0 0 0 0 0 0 0 0 0 0 0 0 0.210526 0.157895 0.157895 0.315789 0.105263 0.0526316 0 0 0 0 0 0 

480 463 350 53 0 0.691145 0 0 0 0 0 0 0 0 0 0 0 0 0 0 0 0 0 0 0 0 0 0 0.142857 0.142857 0.5 0.0714286 0.142857 0 0 0 0 0 0 

544 524 376 53 0 0.610687 0 0 0 0 0 0 0 0 0 0 0 0 0 0 0 0 0 0 0 0.0625 0 0.0625 0.25 0.3125 0.25 0.0625 0 0 0 0 0 0 0 

480 469 340 53 0 0.682303 0 0 0 0 0 0 0 0 0 0 0 0 0 0 0 0 0 0 0.0714286 0.0714286 0 0.214286 0.0714286 0.214286 0.142857 0 0.0714286 0.142857 0 0 0 0 0 

640 625 457 53 0 0.512 0 0 0 0 0 0 0 0 0 0 0 0 0 0 0 0 0 0 0 0 0 0.105263 0.210526 0.263158 0.263158 0.157895 0 0 0 0 0 0 0 

480 467 343 53 0 0.685225 0 0 0 0 0 0 0 0 0 0 0 0 0 0 0 0 0 0 0 0 0.0714286 0.142857 0.0714286 0.214286 0.285714 0.214286 0 0 0 0 0 0 0 

480 454 334 53 0 0.704846 0 0 0 0 0 0 0 0 0 0 0 0 0 0 0 0 0 0 0.0714286 0.0714286 0 0 0.0714286 0.142857 0.214286 0.357143 0.0714286 0 0 0 0 0 0 

544 518 382 53 0 0.617761 0 0 0 0 0 0 0 0 0 0 0 0 0 0 0 0 0 0 0 0 0.0625 0.0625 0.0625 0.1875 0.375 0.25 0 0 0 0 0 0 0 

480 474 351 53 0 0.675106 0 0 0 0 0 0 0 0 0 0 0 0 0 0 0 0 0 0 0.0714286 0 0 0.0714286 0.142857 0.142857 0.357143 0.142857 0.0714286 0 0 0 0 0 0 

480 463 345 53 0 0.691145 0 0 0 0 0 0 0 0 0 0 0 0 0 0 0 0 0 0 0 0 0 0 0.214286 0.357143 0.214286 0.142857 0 0.0714286 0 0 0 0 0 

480 473 347 53 0 0.676533 0 0 0 0 0 0 0 0 0 0 0 0 0 0 0 0 0 0 0 0 0.0714286 0.0714286 0.214286 0.285714 0.142857 0.214286 0 0 0 0 0 0 0 

544 520 385 53 0 0.615385 0 0 0 0 0 0 0 0 0 0 0 0 0 0 0 0 0 0 0 0 0 0.125 0.1875 0.1875 0.1875 0.1875 0.0625 0.0625 0 0 0 0 0 

448 424 321 52 0 0.754717 0 0 0 0 0 0 0 0 0 0 0 0 0 0 0 0 0 0 0 0 0 0 0.0769231 0.307692 0.0769231 0.538462 0 0 0 0 0 0 0 

512 500 366 53 0 0.64 0 0 0 0 0 0 0 0 0 0 0 0 0 0 0 0 0 0 0 0 0.133333 0.133333 0.133333 0 0.4 0.133333 0.0666667 0 0 0 0 0 0 

448 427 321 53 0 0.749415 0 0 0 0 0 0 0 0 0 0 0 0 0 0 0 0 0 0 0 0 0 0 0.0769231 0.384615 0.307692 0.0769231 0.153846 0 0 0 0 0 0 

512 494 361 53 0 0.647773 0 0 0 0 0 0 0 0 0 0 0 0 0 0 0 0 0 0 0 0 0 0.133333 0.133333 0.333333 0.266667 0.133333 0 0 0 0 0 0 0 

480 469 336 53 0 0.682303 0 0 0 0 0 0 0 0 0 0 0 0 0 0 0 0 0 0 0 0.0714286 0.142857 0.0714286 0.142857 0.214286 0.214286 0.142857 0 0 0 0 0 0 0 

544 520 368 53 0 0.615385 0 0 0 0 0 0 0 0 0 0 0 0 0 0 0 0 0 0 0 0.0625 0.0625 0.25 0.0625 0.25 0.1875 0.0625 0.0625 0 0 0 0 0 0 

448 421 321 50 0 0.760095 0 0 0 0 0 0 0 0 0 0 0 0 0 0 0 0 0 0 0 0 0 0.0769231 0 0.307692 0.0769231 0.384615 0.0769231 0 0.0769231 0 0 0 0 

544 517 368 53 0 0.618955 0 0 0 0 0 0 0 0 0 0 0 0 0 0 0 0 0 0 0 0 0.125 0.0625 0.125 0.375 0.3125 0 0 0 0 0 0 0 0 

448 425 321 53 0 0.752941 0 0 0 0 0 0 0 0 0 0 0 0 0 0 0 0 0 0 0 0 0 0.0769231 0.0769231 0.153846 0.307692 0.307692 0 0.0769231 0 0 0 0 0 

640 620 450 53 0 0.516129 0 0 0 0 0 0 0 0 0 0 0 0 0 0 0 0 0 0 0 0 0.0526316 0.157895 0.157895 0.210526 0.210526 0.157895 0.0526316 0 0 0 0 0 0 

544 522 371 53 0 0.613027 0 0 0 0 0 0 0 0 0 0 0 0 0 0 0 0 0 0 0 0 0.0625 0.0625 0.3125 0.4375 0.0625 0.0625 0 0 0 0 0 0 0 

480 469 349 53 0 0.682303 0 0 0 0 0 0 0 0 0 0 0 0 0 0 0 0 0 0 0 0 0 0.0714286 0.142857 0.357143 0.142857 0.285714 0 0 0 0 0 0 0 

544 521 375 53 0 0.614203 0 0 0 0 0 0 0 0 0 0 0 0 0 0 0 0 0 0 0 0.0625 0.0625 0.125 0.125 0.1875 0.1875 0.25 0 0 0 0 0 0 0 

480 463 340 53 0 0.691145 0 0 0 0 0 0 0 0 0 0 0 0 0 0 0 0 0 0 0 0 0 0 0.428571 0.285714 0 0.214286 0.0714286 0 0 0 0 0 0 

480 469 348 53 0 0.682303 0 0 0 0 0 0 0 0 0 0 0 0 0 0 0 0 0 0 0 0 0.0714286 0.0714286 0.214286 0.0714286 0.285714 0.214286 0.0714286 0 0 0 0 0 0 

448 427 321 50 0 0.749415 0 0 0 0 0 0 0 0 0 0 0 0 0 0 0 0 0 0 0 0 0 0.0769231 0.230769 0.0769231 0.153846 0.307692 0.153846 0 0 0 0 0 0 

576 559 412 53 0 0.572451 0 0 0 0 0 0 0 0 0 0 0 0 0 0 0 0 0 0 0.0588235 0 0.0588235 0.117647 0.117647 0.0588235 0.235294 0.176471 0.117647 0.0588235 0 0 0 0 0 

576 565 407 53 0 0.566372 0 0 0 0 0 0 0 0 0 0 0 0 0 0 0 0 0 0 0 0 0 0.294118 0 0.470588 0.176471 0.0588235 0 0 0 0 0 0 0 

480 463 345 53 0 0.691145 0 0 0 0 0 0 0 0 0 0 0 0 0 0 0 0 0 0 0 0 0.0714286 0 0.0714286 0.285714 0.357143 0.142857 0.0714286 0 0 0 0 0 0 

544 517 379 53 0 0.618955 0 0 0 0 0 0 0 0 0 0 0 0 0 0 0 0 0 0 0 0.0625 0.0625 0.0625 0.125 0.1875 0.125 0.1875 0.1875 0 0 0 0 0 0 

544 524 379 53 0 0.610687 0 0 0 0 0 0 0 0 0 0 0 0 0 0 0 0 0 0.0625 0 0 0 0.125 0.1875 0.125 0.25 0.25 0 0 0 0 0 0 0 

480 465 342 53 0 0.688172 0 0 0 0 0 0 0 0 0 0 0 0 0 0 0 0 0 0 0 0.0714286 0.0714286 0.0714286 0.0714286 0.214286 0.142857 0.285714 0.0714286 0 0 0 0 0 0 

448 431 321 48 0 0.742459 0 0 0 0 0 0 0 0 0 0 0 0 0 0 0 0 0 0 0 0 0 0.0769231 0.307692 0 0.230769 0.384615 0 0 0 0 0 0 0 

544 523 378 53 0 0.611855 0 0 0 0 0 0 0 0 0 0 0 0 0 0 0 0 0 0 0 0 0.0625 0.125 0.1875 0.375 0.0625 0.0625 0.125 0 0 0 0 0 0 

480 467 347 53 0 0.685225 0 0 0 0 0 0 0 0 0 0 0 0 0 0 0 0 0 0 0 0 0.0714286 0 0.142857 0.214286 0.357143 0.214286 0 0 0 0 0 0 0 

640 628 448 53 0 0.509554 0 0 0 0 0 0 0 0 0 0 0 0 0 0 0 0 0 0 0 0.105263 0.105263 0.0526316 0.210526 0.0526316 0.368421 0.105263 0 0 0 0 0 0 0 

544 519 362 53 0 0.61657 0 0 0 0 0 0 0 0 0 0 0 0 0 0 0 0 0 0 0.0625 0.0625 0.125 0.0625 0.1875 0.125 0.3125 0.0625 0 0 0 0 0 0 0 

448 427 321 51 0 0.749415 0 0 0 0 0 0 0 0 0 0 0 0 0 0 0 0 0 0 0 0 0 0 0.153846 0.230769 0.307692 0.230769 0.0769231 0 0 0 0 0 0 

640 619 450 53 0 0.516963 0 0 0 0 0 0 0 0 0 0 0 0 0 0 0 0 0 0 0 0.0526316 0 0.0526316 0.210526 0.210526 0.315789 0.157895 0 0 0 0 0 0 0 

640 627 446 53 0 0.510367 0 0 0 0 0 0 0 0 0 0 0 0 0 0 0 0 0 0 0.0526316 0.105263 0.0526316 0 0.263158 0.157895 0.210526 0.105263 0.0526316 0 0 0 0 0 0 

480 464 348 53 0 0.689655 0 0 0 0 0 0 0 0 0 0 0 0 0 0 0 0 0 0 0 0 0.0714286 0.0714286 0.0714286 0.0714286 0.357143 0.285714 0.0714286 0 0 0 0 0 0 

640 629 457 53 0 0.508744 0 0 0 0 0 0 0 0 0 0 0 0 0 0 0 0 0 0 0.0526316 0 0.0526316 0.157895 0.157895 0.105263 0.263158 0.105263 0.0526316 0.0526316 0 0 0 0 0 

544 523 387 53 0 0.611855 0 0 0 0 0 0 0 0 0 0 0 0 0 0 0 0 0 0 0.0625 0 0 0.0625 0.125 0.25 0.125 0.1875 0.1875 0 0 0 0 0 0 

480 467 353 53 0 0.685225 0 0 0 0 0 0 0 0 0 0 0 0 0 0 0 0 0 0 0 0 0 0 0 0.357143 0.428571 0.214286 0 0 0 0 0 0 0 

576 568 425 53 0 0.56338 0 0 0 0 0 0 0 0 0 0 0 0 0 0 0 0 0 0 0 0 0.0588235 0 0.235294 0.117647 0.235294 0.294118 0.0588235 0 0 0 0 0 0 

544 519 376 53 0 0.61657 0 0 0 0 0 0 0 0 0 0 0 0 0 0 0 0 0 0 0.0625 0.0625 0.125 0.0625 0 0.125 0.25 0.125 0.125 0.0625 0 0 0 0 0 

512 498 370 53 0 0.64257 0 0 0 0 0 0 0 0 0 0 0 0 0 0 0 0 0 0 0 0 0 0 0.333333 0.266667 0.133333 0.133333 0.133333 0 0 0 0 0 0 

448 434 321 52 0 0.737327 0 0 0 0 0 0 0 0 0 0 0 0 0 0 0 0 0 0 0 0 0 0.153846 0.0769231 0.230769 0.384615 0.153846 0 0 0 0 0 0 0 

544 524 378 53 0 0.610687 0 0 0 0 0 0 0 0 0 0 0 0 0 0 0 0 0 0.0625 0 0 0.0625 0.125 0.125 0.25 0.125 0.125 0.0625 0.0625 0 0 0 0 0 

448 419 321 49 0 0.763723 0 0 0 0 0 0 0 0 0 0 0 0 0 0 0 0 0 0 0 0 0 0.0769231 0 0.153846 0.384615 0 0.307692 0.0769231 0 0 0 0 0 

448 433 321 50 0 0.73903 0 0 0 0 0 0 0 0 0 0 0 0 0 0 0 0 0 0 0 0 0 0.230769 0.0769231 0.461538 0 0 0.153846 0 0 0.0769231 0 0 0 

480 469 350 53 0 0.682303 0 0 0 0 0 0 0 0 0 0 0 0 0 0 0 0 0 0 0 0 0.0714286 0.0714286 0.142857 0.142857 0.285714 0.214286 0 0.0714286 0 0 0 0 0 

640 629 460 53 0 0.508744 0 0 0 0 0 0 0 0 0 0 0 0 0 0 0 0 0 0 0 0 0.0526316 0.0526316 0.263158 0.105263 0.473684 0 0.0526316 0 0 0 0 0 0 

544 517 383 53 0 0.618955 0 0 0 0 0 0 0 0 0 0 0 0 0 0 0 0 0 0 0 0 0 0 0.1875 0.125 0.5625 0.125 0 0 0 0 0 0 0 

448 426 321 44 0 0.751174 0 0 0 0 0 0 0 0 0 0 0 0 0 0 0 0 0 0 0 0 0.0769231 0 0.153846 0.153846 0.153846 0.230769 0.230769 0 0 0 0 0 0 

640 623 449 53 0 0.513644 0 0 0 0 0 0 0 0 0 0 0 0 0 0 0 0 0 0 0 0.105263 0 0.0526316 0.263158 0.105263 0.315789 0.157895 0 0 0 0 0 0 0 

576 560 406 53 0 0.571429 0 0 0 0 0 0 0 0 0 0 0 0 0 0 0 0 0 0 0 0 0.0588235 0.176471 0.117647 0.176471 0.411765 0 0.0588235 0 0 0 0 0 0 

480 468 338 53 0 0.683761 0 0 0 0 0 0 0 0 0 0 0 0 0 0 0 0 0 0 0 0 0.142857 0.0714286 0.285714 0.142857 0.142857 0.214286 0 0 0 0 0 0 0 

544 522 390 53 0 0.613027 0 0 0 0 0 0 0 0 0 0 0 0 0 0 0 0 0 0 0 0 0 0.0625 0.125 0.1875 0.3125 0.25 0.0625 0 0 0 0 0 0 

480 474 346 53 0 0.675106 0 0 0 0 0 0 0 0 0 0 0 0 0 0 0 0 0 0 0 0 0.214286 0 0.214286 0.0714286 0.357143 0.0714286 0.0714286 0 0 0 0 0 0 

544 520 384 53 0 0.615385 0 0 0 0 0 0 0 0 0 0 0 0 0 0 0 0 0 0 0 0 0 0.125 0.1875 0.125 0.375 0.0625 0.0625 0.0625 0 0 0 0 0 

544 526 383 53 0 0.608365 0 0 0 0 0 0 0 0 0 0 0 0 0 0 0 0 0 0 0 0 0.0625 0 0.4375 0.0625 0.1875 0.25 0 0 0 0 0 0 0 

512 502 370 53 0 0.63745 0 0 0 0 0 0 0 0 0 0 0 0 0 0 0 0 0 0 0 0.0666667 0.0666667 0.0666667 0 0.266667 0.266667 0.266667 0 0 0 0 0 0 0 

480 470 354 53 0 0.680851 0 0 0 0 0 0 0 0 0 0 0 0 0 0 0 0 0 0 0.0714286 0 0 0 0.142857 0.142857 0.214286 0.285714 0.142857 0 0 0 0 0 0 

672 649 462 53 0 0.493066 0 0 0 0 0 0 0 0 0 0 0 0 0 0 0 0 0 0 0 0.05 0.05 0.25 0.1 0.2 0.15 0.15 0.05 0 0 0 0 0 0 

448 430 321 51 0 0.744186 0 0 0 0 0 0 0 0 0 0 0 0 0 0 0 0 0 0 0 0 0 0.0769231 0.0769231 0.384615 0.153846 0.230769 0.0769231 0 0 0 0 0 0 

512 496 358 53 0 0.645161 0 0 0 0 0 0 0 0 0 0 0 0 0 0 0 0 0 0 0 0 0 0.2 0.333333 0.2 0.133333 0 0.133333 0 0 0 0 0 0 

544 517 376 53 0 0.618955 0 0 0 0 0 0 0 0 0 0 0 0 0 0 0 0 0 0 0 0 0.0625 0.0625 0.375 0.0625 0.125 0.1875 0.125 0 0 0 0 0 0 

512 502 380 53 0 0.63745 0 0 0 0 0 0 0 0 0 0 0 0 0 0 0 0 0 0 0 0 0.0666667 0.0666667 0.0666667 0.133333 0.333333 0.0666667 0.266667 0 0 0 0 0 0 

544 515 379 53 0 0.621359 0 0 0 0 0 0 0 0 0 0 0 0 0 0 0 0 0 0 0 0 0.0625 0.125 0.0625 0.3125 0.125 0.125 0.125 0.0625 0 0 0 0 0 

512 493 357 53 0 0.649087 0 0 0 0 0 0 0 0 0 0 0 0 0 0 0 0 0 0 0 0.0666667 0 0.2 0.133333 0.266667 0.0666667 0.133333 0.133333 0 0 0 0 0 0 

480 467 334 53 0 0.685225 0 0 0 0 0 0 0 0 0 0 0 0 0 0 0 0 0.0714286 0 0 0 0 0.142857 0.142857 0.428571 0 0.214286 0 0 0 0 0 0 0 

480 456 335 53 0 0.701754 0 0 0 0 0 0 0 0 0 0 0 0 0 0 0 0 0 0 0 0 0.0714286 0 0.214286 0.214286 0.214286 0.285714 0 0 0 0 0 0 0 

512 490 362 53 0 0.653061 0 0 0 0 0 0 0 0 0 0 0 0 0 0 0 0 0 0 0 0.0666667 0 0 0.2 0.2 0.2 0.266667 0.0666667 0 0 0 0 0 0 

480 464 339 53 0 0.689655 0 0 0 0 0 0 0 0 0 0 0 0 0 0 0 0 0 0 0 0 0 0.0714286 0.285714 0.357143 0.0714286 0.214286 0 0 0 0 0 0 0 

512 503 371 53 0 0.636183 0 0 0 0 0 0 0 0 0 0 0 0 0 0 0 0 0 0 0 0 0 0.0666667 0.333333 0.266667 0.0666667 0.2 0.0666667 0 0 0 0 0 0 

480 459 341 53 0 0.697168 0 0 0 0 0 0 0 0 0 0 0 0 0 0 0 0 0 0 0 0 0 0.0714286 0.214286 0.142857 0.214286 0.357143 0 0 0 0 0 0 0 

448 427 321 46 0 0.749415 0 0 0 0 0 0 0 0 0 0 0 0 0 0 0 0 0 0 0 0 0 0.0769231 0.0769231 0.230769 0.307692 0.153846 0.153846 0 0 0 0 0 0 

640 625 452 53 0 0.512 0 0 0 0 0 0 0 0 0 0 0 0 0 0 0 0 0 0 0 0 0 0.263158 0.210526 0.157895 0.210526 0.0526316 0.105263 0 0 0 0 0 0 

512 500 369 53 0 0.64 0 0 0 0 0 0 0 0 0 0 0 0 0 0 0 0 0 0 0 0 0.0666667 0 0.133333 0.333333 0.333333 0.133333 0 0 0 0 0 0 0 

480 464 336 53 0 0.689655 0 0 0 0 0 0 0 0 0 0 0 0 0 0 0 0 0 0 0 0.0714286 0.142857 0 0 0.357143 0.285714 0.142857 0 0 0 0 0 0 0 

448 434 321 52 0 0.737327 0 0 0 0 0 0 0 0 0 0 0 0 0 0 0 0 0 0 0 0 0.0769231 0.0769231 0.230769 0.230769 0.153846 0 0.153846 0.0769231 0 0 0 0 0 

480 474 361 53 0 0.675106 0 0 0 0 0 0 0 0 0 0 0 0 0 0 0 0 0 0 0 0 0 0.0714286 0 0.428571 0.142857 0.142857 0.214286 0 0 0 0 0 0 

480 469 353 53 0 0.682303 0 0 0 0 0 0 0 0 0 0 0 0 0 0 0 0 0 0 0 0 0 0.0714286 0.0714286 0.285714 0.357143 0.142857 0 0.0714286 0 0 0 0 0 

480 471 339 53 0 0.679406 0 0 0 0 0 0 0 0 0 0 0 0 0 0 0 0 0 0 0 0 0.214286 0.0714286 0.142857 0.285714 0.142857 0.0714286 0.0714286 0 0 0 0 0 0 

416 408 321 40 0 0.784314 0 0 0 0 0 0 0 0 0 0 0 0 0 0 0 0 0 0 0 0 0.0833333 0 0 0.0833333 0.166667 0.333333 0.166667 0.166667 0 0 0 0 0 

448 428 321 51 0 0.747664 0 0 0 0 0 0 0 0 0 0 0 0 0 0 0 0 0 0 0 0 0 0.0769231 0.230769 0.153846 0.153846 0.230769 0.0769231 0.0769231 0 0 0 0 0 

480 457 344 53 0 0.700219 0 0 0 0 0 0 0 0 0 0 0 0 0 0 0 0 0 0 0 0 0 0.142857 0.142857 0.0714286 0.285714 0.142857 0.142857 0 0.0714286 0 0 0 0 

544 521 377 53 0 0.614203 0 0 0 0 0 0 0 0 0 0 0 0 0 0 0 0 0 0 0 0 0.125 0.0625 0.1875 0.125 0.3125 0.1875 0 0 0 0 0 0 0 

640 625 448 53 0 0.512 0 0 0 0 0 0 0 0 0 0 0 0 0 0 0 0 0 0 0 0.0526316 0.105263 0.210526 0.0526316 0.157895 0.210526 0.157895 0.0526316 0 0 0 0 0 0 

