2240 2226 1602 94 0 0.718778 0 0 0 0 0 0 0 0 0 0 0 0 0 0 0 0 0 0 0 0.057971 0.057971 0.057971 0.144928 0.246377 0.289855 0.101449 0.0434783 0 0 0 0 0 0 

2240 2211 1602 94 0 0.723654 0 0 0 0 0 0 0 0 0 0 0 0 0 0 0 0 0 0 0 0.0289855 0.0289855 0.101449 0.202899 0.217391 0.202899 0.101449 0.0869565 0.0289855 0 0 0 0 0 

2208 2199 1603 99 0 0.727603 0 0 0 0 0 0 0 0 0 0 0 0 0 0 0 0 0 0 0 0.0294118 0.0735294 0.117647 0.0882353 0.191176 0.220588 0.161765 0.117647 0 0 0 0 0 0 

2240 2219 1603 100 0 0.721045 0 0 0 0 0 0 0 0 0 0 0 0 0 0 0 0 0 0 0.0144928 0.0144928 0.0434783 0.101449 0.188406 0.202899 0.246377 0.101449 0.0724638 0.0144928 0 0 0 0 0 

2208 2184 1602 97 0 0.732601 0 0 0 0 0 0 0 0 0 0 0 0 0 0 0 0 0 0 0 0 0 0.117647 0.176471 0.161765 0.323529 0.147059 0.0588235 0.0147059 0 0 0 0 0 

2240 2221 1602 96 0 0.720396 0 0 0 0 0 0 0 0 0 0 0 0 0 0 0 0 0 0 0 0.0289855 0.0724638 0.0869565 0.246377 0.115942 0.231884 0.130435 0.057971 0.0289855 0 0 0 0 0 

2240 2223 1602 95 0 0.719748 0 0 0 0 0 0 0 0 0 0 0 0 0 0 0 0 0 0 0 0 0.057971 0.115942 0.231884 0.188406 0.231884 0.115942 0.057971 0 0 0 0 0 0 

2240 2215 1602 95 0 0.722348 0 0 0 0 0 0 0 0 0 0 0 0 0 0 0 0 0 0 0 0.0289855 0.057971 0.0434783 0.289855 0.202899 0.115942 0.144928 0.0869565 0.0289855 0 0 0 0 0 

2272 2244 1602 92 0 0.713012 0 0 0 0 0 0 0 0 0 0 0 0 0 0 0 0 0 0.0142857 0.0285714 0.0142857 0.0285714 0.142857 0.2 0.157143 0.214286 0.128571 0.0714286 0 0 0 0 0 0 

2208 2189 1602 88 0 0.730927 0 0 0 0 0 0 0 0 0 0 0 0 0 0 0 0 0 0 0 0.0147059 0.0441176 0.102941 0.117647 0.279412 0.147059 0.161765 0.117647 0.0147059 0 0 0 0 0 

