576 564 413 53 0 0.567376 0 0 0 0 0 0 0 0 0 0 0 0 0 0 0 0 0 0 0.0588235 0 0.0588235 0.117647 0.0588235 0.176471 0.294118 0.117647 0.117647 0 0 0 0 0 0 

576 564 421 53 0 0.567376 0 0 0 0 0 0 0 0 0 0 0 0 0 0 0 0 0 0 0 0 0.0588235 0.0588235 0.176471 0.0588235 0.352941 0.176471 0.117647 0 0 0 0 0 0 

544 532 391 53 0 0.601504 0 0 0 0 0 0 0 0 0 0 0 0 0 0 0 0 0 0 0 0 0 0.25 0.125 0.1875 0.125 0.25 0.0625 0 0 0 0 0 0 

544 533 386 53 0 0.600375 0 0 0 0 0 0 0 0 0 0 0 0 0 0 0 0 0 0 0.0625 0 0 0.125 0.1875 0.1875 0.3125 0.125 0 0 0 0 0 0 0 

544 535 405 53 0 0.598131 0 0 0 0 0 0 0 0 0 0 0 0 0 0 0 0 0 0 0 0 0 0 0.125 0.1875 0.4375 0.1875 0.0625 0 0 0 0 0 0 

672 658 484 53 0 0.486322 0 0 0 0 0 0 0 0 0 0 0 0 0 0 0 0 0 0 0 0 0.1 0.1 0.15 0.2 0.2 0.05 0.15 0.05 0 0 0 0 0 

544 533 405 53 0 0.600375 0 0 0 0 0 0 0 0 0 0 0 0 0 0 0 0 0 0 0 0 0 0 0.125 0.25 0.3125 0.1875 0.0625 0.0625 0 0 0 0 0 

544 534 388 53 0 0.599251 0 0 0 0 0 0 0 0 0 0 0 0 0 0 0 0 0 0 0 0 0.0625 0.125 0.125 0.4375 0.0625 0.1875 0 0 0 0 0 0 0 

544 533 388 53 0 0.600375 0 0 0 0 0 0 0 0 0 0 0 0 0 0 0 0 0 0 0 0 0 0.25 0.0625 0.375 0.1875 0.0625 0.0625 0 0 0 0 0 0 

576 564 413 53 0 0.567376 0 0 0 0 0 0 0 0 0 0 0 0 0 0 0 0 0 0 0 0 0 0.176471 0.176471 0.235294 0.176471 0.235294 0 0 0 0 0 0 0 

544 533 399 53 0 0.600375 0 0 0 0 0 0 0 0 0 0 0 0 0 0 0 0 0 0 0 0 0 0.0625 0.1875 0.25 0.1875 0.1875 0.125 0 0 0 0 0 0 

576 562 420 53 0 0.569395 0 0 0 0 0 0 0 0 0 0 0 0 0 0 0 0 0 0 0 0 0 0.0588235 0.235294 0.0588235 0.411765 0.117647 0.117647 0 0 0 0 0 0 

576 568 424 53 0 0.56338 0 0 0 0 0 0 0 0 0 0 0 0 0 0 0 0 0 0 0 0 0.0588235 0.117647 0.117647 0.117647 0.235294 0.235294 0.117647 0 0 0 0 0 0 

576 562 412 53 0 0.569395 0 0 0 0 0 0 0 0 0 0 0 0 0 0 0 0 0 0 0 0.0588235 0 0.0588235 0.176471 0.294118 0.235294 0.0588235 0.117647 0 0 0 0 0 0 

672 654 486 53 0 0.489297 0 0 0 0 0 0 0 0 0 0 0 0 0 0 0 0 0 0 0 0.05 0 0.05 0.1 0.3 0.2 0.1 0.2 0 0 0 0 0 0 

544 534 398 53 0 0.599251 0 0 0 0 0 0 0 0 0 0 0 0 0 0 0 0 0 0 0 0 0 0 0.375 0.125 0.25 0.125 0.125 0 0 0 0 0 0 

576 564 420 53 0 0.567376 0 0 0 0 0 0 0 0 0 0 0 0 0 0 0 0 0 0 0 0 0 0 0.352941 0.117647 0.294118 0.176471 0 0.0588235 0 0 0 0 0 

544 532 401 53 0 0.601504 0 0 0 0 0 0 0 0 0 0 0 0 0 0 0 0 0 0 0 0 0 0.125 0.125 0.0625 0.4375 0 0.25 0 0 0 0 0 0 

672 658 475 53 0 0.486322 0 0 0 0 0 0 0 0 0 0 0 0 0 0 0 0 0 0 0 0.1 0 0.1 0.25 0.15 0.2 0.1 0.1 0 0 0 0 0 0 

576 562 408 53 0 0.569395 0 0 0 0 0 0 0 0 0 0 0 0 0 0 0 0 0 0 0 0 0 0.176471 0.176471 0.235294 0.352941 0.0588235 0 0 0 0 0 0 0 

576 564 415 53 0 0.567376 0 0 0 0 0 0 0 0 0 0 0 0 0 0 0 0 0 0 0 0.0588235 0 0.0588235 0.176471 0.235294 0.294118 0.0588235 0.117647 0 0 0 0 0 0 

576 562 407 53 0 0.569395 0 0 0 0 0 0 0 0 0 0 0 0 0 0 0 0 0 0 0 0.0588235 0.0588235 0.117647 0.0588235 0.294118 0.235294 0.176471 0 0 0 0 0 0 0 

576 562 406 53 0 0.569395 0 0 0 0 0 0 0 0 0 0 0 0 0 0 0 0 0 0 0 0.0588235 0 0.117647 0.176471 0.411765 0.117647 0.0588235 0 0.0588235 0 0 0 0 0 

576 564 412 53 0 0.567376 0 0 0 0 0 0 0 0 0 0 0 0 0 0 0 0 0 0 0 0 0 0.117647 0.235294 0.411765 0.117647 0 0.0588235 0.0588235 0 0 0 0 0 

672 652 481 53 0 0.490798 0 0 0 0 0 0 0 0 0 0 0 0 0 0 0 0 0 0 0 0 0 0.2 0.15 0.15 0.15 0.25 0.05 0.05 0 0 0 0 0 

576 561 409 53 0 0.57041 0 0 0 0 0 0 0 0 0 0 0 0 0 0 0 0 0 0 0 0 0 0.117647 0.176471 0.294118 0.352941 0.0588235 0 0 0 0 0 0 0 

672 658 488 53 0 0.486322 0 0 0 0 0 0 0 0 0 0 0 0 0 0 0 0 0 0 0 0 0 0.2 0.1 0.1 0.35 0.15 0.05 0.05 0 0 0 0 0 

544 533 397 53 0 0.600375 0 0 0 0 0 0 0 0 0 0 0 0 0 0 0 0 0 0 0 0.0625 0 0 0.1875 0.3125 0.0625 0.25 0.125 0 0 0 0 0 0 

576 564 407 53 0 0.567376 0 0 0 0 0 0 0 0 0 0 0 0 0 0 0 0 0 0 0 0.0588235 0.117647 0.117647 0.117647 0.176471 0.294118 0.0588235 0 0 0.0588235 0 0 0 0 

576 564 411 53 0 0.567376 0 0 0 0 0 0 0 0 0 0 0 0 0 0 0 0 0 0 0 0.0588235 0.176471 0.0588235 0.0588235 0.176471 0.117647 0.235294 0.117647 0 0 0 0 0 0 

576 564 413 53 0 0.567376 0 0 0 0 0 0 0 0 0 0 0 0 0 0 0 0 0 0 0 0 0.0588235 0.117647 0.294118 0.0588235 0.235294 0.117647 0.117647 0 0 0 0 0 0 

544 532 388 53 0 0.601504 0 0 0 0 0 0 0 0 0 0 0 0 0 0 0 0 0 0 0 0.0625 0.0625 0.0625 0.125 0.25 0.25 0.125 0.0625 0 0 0 0 0 0 

672 658 469 53 0 0.486322 0 0 0 0 0 0 0 0 0 0 0 0 0 0 0 0 0 0 0 0.1 0 0.15 0.25 0.15 0.25 0.05 0.05 0 0 0 0 0 0 

576 564 415 53 0 0.567376 0 0 0 0 0 0 0 0 0 0 0 0 0 0 0 0 0 0 0.0588235 0 0.0588235 0.0588235 0.0588235 0.294118 0.176471 0.176471 0.117647 0 0 0 0 0 0 

544 533 385 53 0 0.600375 0 0 0 0 0 0 0 0 0 0 0 0 0 0 0 0 0 0 0.0625 0 0 0.25 0.1875 0.1875 0.0625 0.125 0.0625 0.0625 0 0 0 0 0 

672 658 490 53 0 0.486322 0 0 0 0 0 0 0 0 0 0 0 0 0 0 0 0 0 0 0 0.05 0.05 0.05 0.1 0.15 0.2 0.3 0.05 0.05 0 0 0 0 0 

576 562 416 53 0 0.569395 0 0 0 0 0 0 0 0 0 0 0 0 0 0 0 0 0 0 0 0 0 0.117647 0.176471 0.294118 0.117647 0.176471 0.117647 0 0 0 0 0 0 

576 564 416 53 0 0.567376 0 0 0 0 0 0 0 0 0 0 0 0 0 0 0 0 0 0 0 0 0 0 0.352941 0.176471 0.352941 0.0588235 0.0588235 0 0 0 0 0 0 

672 658 475 53 0 0.486322 0 0 0 0 0 0 0 0 0 0 0 0 0 0 0 0 0 0.05 0 0 0 0.15 0.2 0.2 0.2 0.15 0.05 0 0 0 0 0 0 

544 532 391 53 0 0.601504 0 0 0 0 0 0 0 0 0 0 0 0 0 0 0 0 0 0 0 0 0 0.125 0.25 0.3125 0.125 0.0625 0.0625 0.0625 0 0 0 0 0 

672 652 473 53 0 0.490798 0 0 0 0 0 0 0 0 0 0 0 0 0 0 0 0 0 0.05 0 0.05 0.05 0.1 0.1 0.1 0.3 0.1 0.1 0.05 0 0 0 0 0 

544 533 388 53 0 0.600375 0 0 0 0 0 0 0 0 0 0 0 0 0 0 0 0 0 0 0 0 0 0.125 0.1875 0.3125 0.375 0 0 0 0 0 0 0 0 

672 658 488 53 0 0.486322 0 0 0 0 0 0 0 0 0 0 0 0 0 0 0 0 0 0 0 0 0 0.05 0.2 0.25 0.25 0.2 0.05 0 0 0 0 0 0 

544 534 392 53 0 0.599251 0 0 0 0 0 0 0 0 0 0 0 0 0 0 0 0 0 0 0 0 0.0625 0.125 0 0.5 0.125 0.125 0.0625 0 0 0 0 0 0 

544 534 398 53 0 0.599251 0 0 0 0 0 0 0 0 0 0 0 0 0 0 0 0 0 0 0 0 0 0 0.25 0.3125 0.1875 0.1875 0.0625 0 0 0 0 0 0 

576 564 415 53 0 0.567376 0 0 0 0 0 0 0 0 0 0 0 0 0 0 0 0 0 0 0 0.0588235 0 0.0588235 0.117647 0.294118 0.294118 0.117647 0.0588235 0 0 0 0 0 0 

576 564 411 53 0 0.567376 0 0 0 0 0 0 0 0 0 0 0 0 0 0 0 0 0 0 0 0 0.0588235 0.117647 0.0588235 0.411765 0.235294 0.117647 0 0 0 0 0 0 0 

672 658 470 53 0 0.486322 0 0 0 0 0 0 0 0 0 0 0 0 0 0 0 0 0 0 0.05 0 0.05 0.15 0.15 0.2 0.35 0.05 0 0 0 0 0 0 0 

544 534 397 53 0 0.599251 0 0 0 0 0 0 0 0 0 0 0 0 0 0 0 0 0 0 0 0.125 0.0625 0 0 0.3125 0.125 0.125 0.25 0 0 0 0 0 0 

672 654 478 53 0 0.489297 0 0 0 0 0 0 0 0 0 0 0 0 0 0 0 0 0 0 0 0.05 0.05 0.2 0 0.15 0.25 0.25 0 0.05 0 0 0 0 0 

576 562 410 53 0 0.569395 0 0 0 0 0 0 0 0 0 0 0 0 0 0 0 0 0 0 0.0588235 0 0.0588235 0.117647 0.0588235 0.117647 0.352941 0.235294 0 0 0 0 0 0 0 

576 562 419 53 0 0.569395 0 0 0 0 0 0 0 0 0 0 0 0 0 0 0 0 0 0 0 0 0.0588235 0.176471 0 0.176471 0.176471 0.294118 0.117647 0 0 0 0 0 0 

544 532 401 53 0 0.601504 0 0 0 0 0 0 0 0 0 0 0 0 0 0 0 0 0 0 0 0 0 0.0625 0.25 0.125 0.1875 0.1875 0.125 0.0625 0 0 0 0 0 

544 533 397 53 0 0.600375 0 0 0 0 0 0 0 0 0 0 0 0 0 0 0 0 0 0 0 0 0.0625 0 0.1875 0.1875 0.3125 0.1875 0.0625 0 0 0 0 0 0 

576 562 403 53 0 0.569395 0 0 0 0 0 0 0 0 0 0 0 0 0 0 0 0 0 0 0 0.0588235 0.0588235 0.0588235 0.176471 0.411765 0.117647 0.117647 0 0 0 0 0 0 0 

544 533 393 53 0 0.600375 0 0 0 0 0 0 0 0 0 0 0 0 0 0 0 0 0 0 0.0625 0 0 0.0625 0.3125 0 0.1875 0.3125 0.0625 0 0 0 0 0 0 

672 658 466 53 0 0.486322 0 0 0 0 0 0 0 0 0 0 0 0 0 0 0 0 0 0 0 0 0.05 0.2 0.25 0.3 0.2 0 0 0 0 0 0 0 0 

672 654 468 53 0 0.489297 0 0 0 0 0 0 0 0 0 0 0 0 0 0 0 0 0 0 0 0.05 0.1 0.15 0.15 0.1 0.3 0.1 0.05 0 0 0 0 0 0 

544 533 389 53 0 0.600375 0 0 0 0 0 0 0 0 0 0 0 0 0 0 0 0 0 0 0 0 0.0625 0.125 0.0625 0.3125 0.375 0.0625 0 0 0 0 0 0 0 

544 534 388 53 0 0.599251 0 0 0 0 0 0 0 0 0 0 0 0 0 0 0 0 0 0 0 0 0 0.25 0.25 0.125 0.25 0 0.125 0 0 0 0 0 0 

544 533 392 53 0 0.600375 0 0 0 0 0 0 0 0 0 0 0 0 0 0 0 0 0 0 0 0 0 0.125 0.3125 0.0625 0.3125 0.125 0.0625 0 0 0 0 0 0 

576 562 406 53 0 0.569395 0 0 0 0 0 0 0 0 0 0 0 0 0 0 0 0 0 0 0 0 0 0.235294 0.235294 0.235294 0.176471 0 0.117647 0 0 0 0 0 0 

576 562 410 53 0 0.569395 0 0 0 0 0 0 0 0 0 0 0 0 0 0 0 0 0 0.0588235 0 0 0 0.117647 0 0.470588 0.117647 0.176471 0.0588235 0 0 0 0 0 0 

544 534 396 53 0 0.599251 0 0 0 0 0 0 0 0 0 0 0 0 0 0 0 0 0 0 0 0.0625 0 0.125 0 0.375 0.0625 0.3125 0.0625 0 0 0 0 0 0 

576 570 416 53 0 0.561404 0 0 0 0 0 0 0 0 0 0 0 0 0 0 0 0 0 0 0 0 0.176471 0 0.176471 0.294118 0.176471 0.0588235 0.117647 0 0 0 0 0 0 

544 532 395 53 0 0.601504 0 0 0 0 0 0 0 0 0 0 0 0 0 0 0 0 0 0 0 0.0625 0 0.125 0.0625 0.25 0.1875 0.1875 0.0625 0.0625 0 0 0 0 0 

544 532 401 53 0 0.601504 0 0 0 0 0 0 0 0 0 0 0 0 0 0 0 0 0 0 0 0 0 0.0625 0.125 0.125 0.3125 0.375 0 0 0 0 0 0 0 

576 564 412 53 0 0.567376 0 0 0 0 0 0 0 0 0 0 0 0 0 0 0 0 0 0 0 0 0 0.117647 0.176471 0.294118 0.352941 0.0588235 0 0 0 0 0 0 0 

576 562 418 53 0 0.569395 0 0 0 0 0 0 0 0 0 0 0 0 0 0 0 0 0 0 0 0 0 0.117647 0.176471 0.176471 0.235294 0.176471 0.117647 0 0 0 0 0 0 

672 658 477 53 0 0.486322 0 0 0 0 0 0 0 0 0 0 0 0 0 0 0 0 0 0 0.05 0 0.15 0 0.1 0.2 0.35 0.1 0 0.05 0 0 0 0 0 

544 535 401 53 0 0.598131 0 0 0 0 0 0 0 0 0 0 0 0 0 0 0 0 0 0 0 0 0 0.1875 0.0625 0.125 0.3125 0.1875 0.125 0 0 0 0 0 0 

544 533 385 53 0 0.600375 0 0 0 0 0 0 0 0 0 0 0 0 0 0 0 0 0 0 0 0 0.125 0.0625 0.125 0.375 0.25 0.0625 0 0 0 0 0 0 0 

544 534 395 53 0 0.599251 0 0 0 0 0 0 0 0 0 0 0 0 0 0 0 0 0 0 0 0 0 0.125 0.125 0.375 0.125 0.1875 0.0625 0 0 0 0 0 0 

576 562 403 53 0 0.569395 0 0 0 0 0 0 0 0 0 0 0 0 0 0 0 0 0 0 0 0 0.176471 0.117647 0.176471 0.117647 0.294118 0.0588235 0.0588235 0 0 0 0 0 0 

544 532 396 53 0 0.601504 0 0 0 0 0 0 0 0 0 0 0 0 0 0 0 0 0 0.0625 0 0 0.0625 0 0.1875 0.25 0.125 0.0625 0.0625 0.125 0.0625 0 0 0 0 

544 533 401 53 0 0.600375 0 0 0 0 0 0 0 0 0 0 0 0 0 0 0 0 0 0 0 0 0 0.0625 0.125 0.1875 0.3125 0.25 0.0625 0 0 0 0 0 0 

672 652 473 53 0 0.490798 0 0 0 0 0 0 0 0 0 0 0 0 0 0 0 0 0 0 0 0.05 0 0.1 0.3 0.25 0 0.15 0.15 0 0 0 0 0 0 

672 654 471 53 0 0.489297 0 0 0 0 0 0 0 0 0 0 0 0 0 0 0 0 0 0 0 0 0.1 0.2 0.05 0.25 0.3 0 0.1 0 0 0 0 0 0 

672 654 470 53 0 0.489297 0 0 0 0 0 0 0 0 0 0 0 0 0 0 0 0 0 0 0 0.05 0.1 0.1 0.1 0.3 0.2 0.1 0 0.05 0 0 0 0 0 

544 532 394 53 0 0.601504 0 0 0 0 0 0 0 0 0 0 0 0 0 0 0 0 0 0 0.0625 0 0 0.125 0.1875 0.0625 0.25 0.125 0.125 0.0625 0 0 0 0 0 

576 562 413 53 0 0.569395 0 0 0 0 0 0 0 0 0 0 0 0 0 0 0 0 0 0 0 0.0588235 0 0.0588235 0.352941 0.117647 0.0588235 0.176471 0.176471 0 0 0 0 0 0 

576 564 409 53 0 0.567376 0 0 0 0 0 0 0 0 0 0 0 0 0 0 0 0 0 0 0 0.0588235 0.0588235 0.176471 0.117647 0.176471 0.117647 0.235294 0.0588235 0 0 0 0 0 0 

672 652 471 53 0 0.490798 0 0 0 0 0 0 0 0 0 0 0 0 0 0 0 0 0 0 0 0.05 0.05 0.1 0.1 0.25 0.3 0.15 0 0 0 0 0 0 0 

576 562 400 53 0 0.569395 0 0 0 0 0 0 0 0 0 0 0 0 0 0 0 0 0 0 0.0588235 0 0.0588235 0.176471 0.294118 0.0588235 0.235294 0.0588235 0 0.0588235 0 0 0 0 0 

544 533 398 53 0 0.600375 0 0 0 0 0 0 0 0 0 0 0 0 0 0 0 0 0 0 0 0 0 0.0625 0.25 0.125 0.25 0.25 0.0625 0 0 0 0 0 0 

544 533 399 53 0 0.600375 0 0 0 0 0 0 0 0 0 0 0 0 0 0 0 0 0 0 0 0 0.125 0 0 0.1875 0.375 0.3125 0 0 0 0 0 0 0 

544 532 390 53 0 0.601504 0 0 0 0 0 0 0 0 0 0 0 0 0 0 0 0 0 0 0.0625 0.0625 0.0625 0.0625 0 0.25 0.125 0.25 0.125 0 0 0 0 0 0 

672 652 466 53 0 0.490798 0 0 0 0 0 0 0 0 0 0 0 0 0 0 0 0 0 0 0 0.05 0.15 0 0.3 0.1 0.15 0.25 0 0 0 0 0 0 0 

544 533 394 53 0 0.600375 0 0 0 0 0 0 0 0 0 0 0 0 0 0 0 0 0 0 0 0 0.0625 0.1875 0.0625 0.125 0.375 0.0625 0.0625 0.0625 0 0 0 0 0 

576 560 392 53 0 0.571429 0 0 0 0 0 0 0 0 0 0 0 0 0 0 0 0 0 0 0 0.0588235 0.0588235 0.176471 0.352941 0.117647 0.235294 0 0 0 0 0 0 0 0 

672 658 462 53 0 0.486322 0 0 0 0 0 0 0 0 0 0 0 0 0 0 0 0 0.05 0 0 0.1 0 0.1 0.25 0.25 0.15 0.05 0.05 0 0 0 0 0 0 

544 534 386 53 0 0.599251 0 0 0 0 0 0 0 0 0 0 0 0 0 0 0 0 0 0 0 0 0.0625 0.1875 0.1875 0.25 0.1875 0.0625 0.0625 0 0 0 0 0 0 

576 564 416 53 0 0.567376 0 0 0 0 0 0 0 0 0 0 0 0 0 0 0 0 0 0 0 0 0 0.235294 0.0588235 0.176471 0.294118 0.176471 0.0588235 0 0 0 0 0 0 

576 562 412 53 0 0.569395 0 0 0 0 0 0 0 0 0 0 0 0 0 0 0 0 0 0 0.0588235 0 0 0.117647 0.176471 0.117647 0.294118 0.117647 0.117647 0 0 0 0 0 0 

672 652 476 53 0 0.490798 0 0 0 0 0 0 0 0 0 0 0 0 0 0 0 0 0 0 0 0 0 0.15 0.15 0.25 0.3 0.1 0.05 0 0 0 0 0 0 

672 648 466 53 0 0.493827 0 0 0 0 0 0 0 0 0 0 0 0 0 0 0 0 0 0 0 0.05 0.05 0.05 0.2 0.2 0.4 0 0.05 0 0 0 0 0 0 

576 564 424 53 0 0.567376 0 0 0 0 0 0 0 0 0 0 0 0 0 0 0 0 0 0 0 0 0 0 0.235294 0.235294 0.235294 0.117647 0.176471 0 0 0 0 0 0 

576 564 417 53 0 0.567376 0 0 0 0 0 0 0 0 0 0 0 0 0 0 0 0 0 0 0 0 0 0.0588235 0.235294 0.235294 0.294118 0.117647 0.0588235 0 0 0 0 0 0 

544 532 406 53 0 0.601504 0 0 0 0 0 0 0 0 0 0 0 0 0 0 0 0 0 0 0 0 0 0.0625 0.125 0.0625 0.375 0.1875 0.125 0.0625 0 0 0 0 0 

544 533 387 53 0 0.600375 0 0 0 0 0 0 0 0 0 0 0 0 0 0 0 0 0 0 0 0 0 0.1875 0.1875 0.25 0.3125 0.0625 0 0 0 0 0 0 0 

