1056 1031 735 75 0 0.620757 0 0 0 0 0 0 0 0 0 0 0 0 0 0 0 0 0 0.03125 0 0 0.03125 0.125 0.1875 0.3125 0.21875 0.03125 0.0625 0 0 0 0 0 0 

1024 1000 719 75 0 0.64 0 0 0 0 0 0 0 0 0 0 0 0 0 0 0 0 0 0 0 0 0.0322581 0.129032 0.225806 0.225806 0.290323 0.0645161 0.0322581 0 0 0 0 0 0 

1056 1025 751 75 0 0.62439 0 0 0 0 0 0 0 0 0 0 0 0 0 0 0 0 0 0 0 0.03125 0 0.09375 0.15625 0.09375 0.375 0.21875 0.03125 0 0 0 0 0 0 

1088 1071 787 75 0 0.597572 0 0 0 0 0 0 0 0 0 0 0 0 0 0 0 0 0 0 0 0.030303 0.0606061 0.121212 0.030303 0.212121 0.242424 0.181818 0.121212 0 0 0 0 0 0 

1088 1060 758 75 0 0.603774 0 0 0 0 0 0 0 0 0 0 0 0 0 0 0 0 0 0 0 0 0.121212 0.030303 0.333333 0.181818 0.181818 0.0606061 0.0606061 0.030303 0 0 0 0 0 

960 933 674 75 0 0.685959 0 0 0 0 0 0 0 0 0 0 0 0 0 0 0 0 0 0 0.0344828 0 0.0689655 0.0344828 0.137931 0.37931 0.103448 0.172414 0.0689655 0 0 0 0 0 0 

992 963 700 75 0 0.66459 0 0 0 0 0 0 0 0 0 0 0 0 0 0 0 0 0 0 0 0.0333333 0 0.0666667 0.166667 0.366667 0.166667 0.133333 0.0333333 0.0333333 0 0 0 0 0 

1088 1060 772 75 0 0.603774 0 0 0 0 0 0 0 0 0 0 0 0 0 0 0 0 0 0 0 0 0.0606061 0.0606061 0.212121 0.151515 0.30303 0.151515 0.0606061 0 0 0 0 0 0 

992 964 708 75 0 0.6639 0 0 0 0 0 0 0 0 0 0 0 0 0 0 0 0 0 0 0.0333333 0 0.0666667 0.133333 0.0333333 0.1 0.266667 0.233333 0.133333 0 0 0 0 0 0 

