640 618 444 56 0 0.582524 0 0 0 0 0 0 0 0 0 0 0 0 0 0 0 0 0 0 0 0 0 0.105263 0.210526 0.526316 0.0526316 0.105263 0 0 0 0 0 0 0 

640 618 442 56 0 0.582524 0 0 0 0 0 0 0 0 0 0 0 0 0 0 0 0 0 0 0 0.0526316 0 0.105263 0.263158 0.263158 0.210526 0.105263 0 0 0 0 0 0 0 

704 678 495 56 0 0.530973 0 0 0 0 0 0 0 0 0 0 0 0 0 0 0 0 0 0 0 0.047619 0 0.0952381 0.238095 0.142857 0.142857 0.238095 0.0952381 0 0 0 0 0 0 

640 618 456 56 0 0.582524 0 0 0 0 0 0 0 0 0 0 0 0 0 0 0 0 0 0 0 0 0 0.157895 0.157895 0.157895 0.210526 0.263158 0 0.0526316 0 0 0 0 0 

640 617 448 56 0 0.583468 0 0 0 0 0 0 0 0 0 0 0 0 0 0 0 0 0 0 0 0.0526316 0 0.105263 0.263158 0.0526316 0.315789 0.157895 0.0526316 0 0 0 0 0 0 

640 617 455 56 0 0.583468 0 0 0 0 0 0 0 0 0 0 0 0 0 0 0 0 0 0 0 0 0 0.0526316 0.263158 0.210526 0.210526 0.157895 0.105263 0 0 0 0 0 0 

640 618 445 56 0 0.582524 0 0 0 0 0 0 0 0 0 0 0 0 0 0 0 0 0 0 0 0 0.105263 0.105263 0.105263 0.263158 0.368421 0 0.0526316 0 0 0 0 0 0 

704 679 493 56 0 0.530191 0 0 0 0 0 0 0 0 0 0 0 0 0 0 0 0 0 0 0 0.047619 0.047619 0.047619 0.142857 0.238095 0.285714 0.142857 0.047619 0 0 0 0 0 0 

640 618 445 56 0 0.582524 0 0 0 0 0 0 0 0 0 0 0 0 0 0 0 0 0 0 0 0 0.0526316 0.105263 0.263158 0.157895 0.315789 0.105263 0 0 0 0 0 0 0 

640 618 440 56 0 0.582524 0 0 0 0 0 0 0 0 0 0 0 0 0 0 0 0 0 0 0 0.0526316 0.105263 0.105263 0.210526 0.105263 0.315789 0.0526316 0.0526316 0 0 0 0 0 0 

