640 617 439 56 0 0.583468 0 0 0 0 0 0 0 0 0 0 0 0 0 0 0 0 0 0 0 0.0526316 0.105263 0.263158 0.0526316 0.105263 0.210526 0.105263 0.105263 0 0 0 0 0 0 

640 617 458 56 0 0.583468 0 0 0 0 0 0 0 0 0 0 0 0 0 0 0 0 0 0 0 0.0526316 0 0 0.157895 0.263158 0.157895 0.263158 0.105263 0 0 0 0 0 0 

736 717 509 56 0 0.502092 0 0 0 0 0 0 0 0 0 0 0 0 0 0 0 0 0 0 0 0.0454545 0.0909091 0.181818 0.136364 0.272727 0.136364 0.0909091 0 0.0454545 0 0 0 0 0 

640 617 452 56 0 0.583468 0 0 0 0 0 0 0 0 0 0 0 0 0 0 0 0 0 0 0 0 0 0.105263 0.263158 0.210526 0.157895 0.157895 0.105263 0 0 0 0 0 0 

704 679 507 56 0 0.530191 0 0 0 0 0 0 0 0 0 0 0 0 0 0 0 0 0 0 0 0 0 0.142857 0.047619 0.190476 0.285714 0.190476 0.0952381 0.047619 0 0 0 0 0 

640 618 455 56 0 0.582524 0 0 0 0 0 0 0 0 0 0 0 0 0 0 0 0 0 0 0 0 0.105263 0.0526316 0 0.368421 0.210526 0.157895 0.105263 0 0 0 0 0 0 

640 617 460 56 0 0.583468 0 0 0 0 0 0 0 0 0 0 0 0 0 0 0 0 0 0 0 0.0526316 0 0.0526316 0.0526316 0.157895 0.368421 0.210526 0.105263 0 0 0 0 0 0 

640 618 453 56 0 0.582524 0 0 0 0 0 0 0 0 0 0 0 0 0 0 0 0 0 0 0 0 0.157895 0.0526316 0.105263 0.0526316 0.315789 0.263158 0.0526316 0 0 0 0 0 0 

640 618 447 56 0 0.582524 0 0 0 0 0 0 0 0 0 0 0 0 0 0 0 0 0 0 0 0 0 0.105263 0.263158 0.263158 0.263158 0.105263 0 0 0 0 0 0 0 

544 531 392 56 0 0.677966 0 0 0 0 0 0 0 0 0 0 0 0 0 0 0 0 0 0 0 0 0 0.0625 0.125 0.4375 0.1875 0.1875 0 0 0 0 0 0 0 

