2208 2187 1602 89 0 0.731596 0 0 0 0 0 0 0 0 0 0 0 0 0 0 0 0 0 0 0 0.0147059 0.0294118 0.0735294 0.176471 0.25 0.161765 0.205882 0.0735294 0 0.0147059 0 0 0 0 

2240 2227 1602 92 0 0.718455 0 0 0 0 0 0 0 0 0 0 0 0 0 0 0 0 0 0 0 0 0.0869565 0.15942 0.15942 0.188406 0.202899 0.15942 0.0144928 0.0289855 0 0 0 0 0 

2208 2183 1602 92 0 0.732936 0 0 0 0 0 0 0 0 0 0 0 0 0 0 0 0 0 0 0 0 0.0147059 0.102941 0.132353 0.25 0.279412 0.117647 0.0882353 0.0147059 0 0 0 0 0 

2208 2195 1602 90 0 0.728929 0 0 0 0 0 0 0 0 0 0 0 0 0 0 0 0 0 0 0.0147059 0.0294118 0.0441176 0.0588235 0.147059 0.147059 0.308824 0.191176 0.0588235 0 0 0 0 0 0 

2208 2198 1602 84 0 0.727934 0 0 0 0 0 0 0 0 0 0 0 0 0 0 0 0 0 0 0.0294118 0.0294118 0.0441176 0.0588235 0.102941 0.25 0.25 0.117647 0.102941 0.0147059 0 0 0 0 0 

2208 2202 1601 88 0 0.726612 0 0 0 0 0 0 0 0 0 0 0 0 0 0 0 0 0 0.0147059 0 0 0.117647 0.0588235 0.147059 0.191176 0.176471 0.220588 0.0441176 0.0147059 0.0147059 0 0 0 0 

2240 2214 1602 90 0 0.722674 0 0 0 0 0 0 0 0 0 0 0 0 0 0 0 0 0 0 0 0.0144928 0.0434783 0.115942 0.15942 0.202899 0.275362 0.144928 0.0289855 0.0144928 0 0 0 0 0 

2240 2219 1602 98 0 0.721045 0 0 0 0 0 0 0 0 0 0 0 0 0 0 0 0 0 0 0 0.0289855 0.0144928 0.115942 0.202899 0.217391 0.275362 0.0724638 0.057971 0.0144928 0 0 0 0 0 

2176 2167 1601 104 0 0.738348 0 0 0 0 0 0 0 0 0 0 0 0 0 0 0 0 0 0 0 0.0149254 0.0597015 0.0298507 0.149254 0.149254 0.313433 0.179104 0.0746269 0.0149254 0.0149254 0 0 0 0 

2240 2230 1603 99 0 0.717489 0 0 0 0 0 0 0 0 0 0 0 0 0 0 0 0 0 0 0 0.0434783 0.057971 0.15942 0.130435 0.202899 0.202899 0.101449 0.101449 0 0 0 0 0 0 

