2336 2326 1683 120 0 0.687876 0 0 0 0 0 0 0 0 0 0 0 0 0 0 0 0 0 0 0 0.0138889 0.0416667 0.125 0.222222 0.263889 0.0555556 0.166667 0.111111 0 0 0 0 0 0 

2336 2316 1679 120 0 0.690846 0 0 0 0 0 0 0 0 0 0 0 0 0 0 0 0 0 0 0.0138889 0.0277778 0.0138889 0.0416667 0.194444 0.277778 0.236111 0.166667 0.0277778 0 0 0 0 0 0 

2400 2385 1744 120 0 0.67086 0 0 0 0 0 0 0 0 0 0 0 0 0 0 0 0 0 0 0.0135135 0.0135135 0.0405405 0.108108 0.0945946 0.216216 0.22973 0.216216 0.0540541 0 0.0135135 0 0 0 0 

2304 2278 1665 120 0 0.702371 0 0 0 0 0 0 0 0 0 0 0 0 0 0 0 0 0 0 0 0.0140845 0.0422535 0.0704225 0.169014 0.169014 0.28169 0.183099 0.0704225 0 0 0 0 0 0 

2272 2250 1647 120 0 0.711111 0 0 0 0 0 0 0 0 0 0 0 0 0 0 0 0 0 0 0 0 0.0428571 0.0714286 0.171429 0.2 0.285714 0.142857 0.0857143 0 0 0 0 0 0 

2336 2322 1695 120 0 0.689061 0 0 0 0 0 0 0 0 0 0 0 0 0 0 0 0 0 0.0138889 0 0.0277778 0.0277778 0.0972222 0.166667 0.194444 0.194444 0.125 0.125 0.0277778 0 0 0 0 0 

2304 2279 1661 120 0 0.702062 0 0 0 0 0 0 0 0 0 0 0 0 0 0 0 0 0 0 0 0.0140845 0.056338 0.0985915 0.084507 0.239437 0.267606 0.197183 0.028169 0.0140845 0 0 0 0 0 

2272 2252 1658 120 0 0.71048 0 0 0 0 0 0 0 0 0 0 0 0 0 0 0 0 0 0 0 0.0285714 0.0285714 0.0857143 0.0857143 0.228571 0.228571 0.214286 0.0857143 0.0142857 0 0 0 0 0 

2432 2410 1724 120 0 0.6639 0 0 0 0 0 0 0 0 0 0 0 0 0 0 0 0 0 0 0.04 0.0266667 0.106667 0.0666667 0.106667 0.186667 0.293333 0.106667 0.0533333 0.0133333 0 0 0 0 0 

2336 2325 1687 120 0 0.688172 0 0 0 0 0 0 0 0 0 0 0 0 0 0 0 0 0.0138889 0 0 0.0138889 0.0416667 0.0972222 0.180556 0.236111 0.208333 0.0833333 0.0833333 0.0416667 0 0 0 0 0 

