992 971 708 75 0 0.659114 0 0 0 0 0 0 0 0 0 0 0 0 0 0 0 0 0 0 0 0.0333333 0.0333333 0.1 0.0666667 0.333333 0.266667 0.0333333 0.133333 0 0 0 0 0 0 

1024 994 735 75 0 0.643863 0 0 0 0 0 0 0 0 0 0 0 0 0 0 0 0 0 0 0 0 0.0322581 0.0322581 0.16129 0.225806 0.258065 0.16129 0.129032 0 0 0 0 0 0 

928 900 642 74 0 0.711111 0 0 0 0 0 0 0 0 0 0 0 0 0 0 0 0 0 0 0 0 0.0357143 0.107143 0.357143 0.178571 0.214286 0.0714286 0.0357143 0 0 0 0 0 0 

896 886 641 65 0 0.722348 0 0 0 0 0 0 0 0 0 0 0 0 0 0 0 0 0 0 0.037037 0.037037 0.037037 0.185185 0.111111 0.111111 0.222222 0.185185 0.037037 0.037037 0 0 0 0 0 

928 902 659 75 0 0.709534 0 0 0 0 0 0 0 0 0 0 0 0 0 0 0 0 0 0 0 0 0.0357143 0.0714286 0.178571 0.178571 0.321429 0.214286 0 0 0 0 0 0 0 

1024 997 734 75 0 0.641926 0 0 0 0 0 0 0 0 0 0 0 0 0 0 0 0 0 0 0 0 0.0322581 0.0645161 0.0645161 0.290323 0.387097 0.0967742 0.0322581 0.0322581 0 0 0 0 0 

896 870 641 59 0 0.735632 0 0 0 0 0 0 0 0 0 0 0 0 0 0 0 0 0 0 0 0 0.037037 0.0740741 0.111111 0.333333 0.148148 0.222222 0.037037 0 0.037037 0 0 0 0 

960 941 702 75 0 0.680128 0 0 0 0 0 0 0 0 0 0 0 0 0 0 0 0 0 0 0 0 0.0689655 0 0.137931 0.137931 0.37931 0.172414 0.0689655 0 0.0344828 0 0 0 0 

896 867 642 68 0 0.738178 0 0 0 0 0 0 0 0 0 0 0 0 0 0 0 0 0 0 0 0 0.037037 0 0.111111 0.222222 0.37037 0.259259 0 0 0 0 0 0 0 

1056 1028 749 75 0 0.622568 0 0 0 0 0 0 0 0 0 0 0 0 0 0 0 0 0 0 0 0 0.0625 0.09375 0.125 0.15625 0.40625 0.09375 0.0625 0 0 0 0 0 0 

896 873 655 75 0 0.733104 0 0 0 0 0 0 0 0 0 0 0 0 0 0 0 0 0 0 0 0 0.037037 0.0740741 0.0740741 0.222222 0.222222 0.148148 0.148148 0.0740741 0 0 0 0 0 

928 907 666 75 0 0.705623 0 0 0 0 0 0 0 0 0 0 0 0 0 0 0 0 0 0 0 0 0.0357143 0 0.214286 0.392857 0.178571 0.0357143 0.107143 0.0357143 0 0 0 0 0 

1056 1030 765 75 0 0.621359 0 0 0 0 0 0 0 0 0 0 0 0 0 0 0 0 0 0 0 0 0 0.0625 0.125 0.25 0.3125 0.125 0.09375 0.03125 0 0 0 0 0 

896 882 642 69 0 0.725624 0 0 0 0 0 0 0 0 0 0 0 0 0 0 0 0 0 0 0.037037 0.037037 0.037037 0.111111 0.111111 0.222222 0.185185 0.148148 0.037037 0.0740741 0 0 0 0 0 

1056 1032 737 75 0 0.620155 0 0 0 0 0 0 0 0 0 0 0 0 0 0 0 0 0 0 0 0.0625 0.09375 0.03125 0.28125 0.21875 0.09375 0.09375 0.125 0 0 0 0 0 0 

896 882 653 75 0 0.725624 0 0 0 0 0 0 0 0 0 0 0 0 0 0 0 0 0 0 0 0.037037 0 0.0740741 0.0740741 0.333333 0.185185 0.222222 0.037037 0.037037 0 0 0 0 0 

1024 1000 712 75 0 0.64 0 0 0 0 0 0 0 0 0 0 0 0 0 0 0 0 0 0.0322581 0 0 0.0322581 0.258065 0.16129 0.16129 0.0645161 0.258065 0.0322581 0 0 0 0 0 0 

1088 1072 776 75 0 0.597015 0 0 0 0 0 0 0 0 0 0 0 0 0 0 0 0 0 0 0 0.121212 0.030303 0.0606061 0.0909091 0.212121 0.212121 0.212121 0.0606061 0 0 0 0 0 0 

960 933 669 75 0 0.685959 0 0 0 0 0 0 0 0 0 0 0 0 0 0 0 0 0 0 0 0.0689655 0.0689655 0.0344828 0.275862 0.137931 0.206897 0.137931 0.0344828 0.0344828 0 0 0 0 0 

1216 1191 851 75 0 0.537364 0 0 0 0 0 0 0 0 0 0 0 0 0 0 0 0 0 0 0.0540541 0 0.0810811 0.108108 0.135135 0.243243 0.189189 0.108108 0.0540541 0.027027 0 0 0 0 0 

896 884 655 75 0 0.723982 0 0 0 0 0 0 0 0 0 0 0 0 0 0 0 0 0 0 0 0 0.037037 0.037037 0.148148 0.222222 0.296296 0.222222 0.037037 0 0 0 0 0 0 

1088 1070 787 75 0 0.598131 0 0 0 0 0 0 0 0 0 0 0 0 0 0 0 0 0 0 0 0.0606061 0.030303 0.0606061 0.181818 0.121212 0.272727 0.121212 0.0606061 0.0909091 0 0 0 0 0 

928 911 669 75 0 0.702525 0 0 0 0 0 0 0 0 0 0 0 0 0 0 0 0 0 0 0 0.0357143 0 0.107143 0.214286 0.178571 0.178571 0.142857 0.107143 0.0357143 0 0 0 0 0 

928 898 641 63 0 0.712695 0 0 0 0 0 0 0 0 0 0 0 0 0 0 0 0 0 0 0 0 0 0.25 0.142857 0.285714 0.178571 0.142857 0 0 0 0 0 0 0 

960 931 669 75 0 0.687433 0 0 0 0 0 0 0 0 0 0 0 0 0 0 0 0 0 0 0 0.0344828 0.0344828 0.137931 0.206897 0.206897 0.206897 0.0344828 0.137931 0 0 0 0 0 0 

896 870 642 69 0 0.735632 0 0 0 0 0 0 0 0 0 0 0 0 0 0 0 0 0 0 0 0 0.0740741 0.037037 0.111111 0.333333 0.148148 0.148148 0.111111 0 0.037037 0 0 0 0 

1024 1001 730 75 0 0.639361 0 0 0 0 0 0 0 0 0 0 0 0 0 0 0 0 0 0 0 0 0.0645161 0.16129 0.0967742 0.16129 0.225806 0.225806 0.0645161 0 0 0 0 0 0 

928 907 673 75 0 0.705623 0 0 0 0 0 0 0 0 0 0 0 0 0 0 0 0 0 0 0 0 0 0.0714286 0.142857 0.285714 0.178571 0.25 0.0357143 0.0357143 0 0 0 0 0 

960 940 683 75 0 0.680851 0 0 0 0 0 0 0 0 0 0 0 0 0 0 0 0 0 0 0 0.0344828 0.0344828 0.137931 0.103448 0.206897 0.241379 0.206897 0.0344828 0 0 0 0 0 0 

992 963 735 75 0 0.66459 0 0 0 0 0 0 0 0 0 0 0 0 0 0 0 0 0 0 0 0 0 0 0.133333 0.166667 0.2 0.233333 0.2 0.0666667 0 0 0 0 0 

1184 1160 849 75 0 0.551724 0 0 0 0 0 0 0 0 0 0 0 0 0 0 0 0 0 0 0 0 0.0277778 0.111111 0.166667 0.222222 0.25 0.111111 0.0833333 0.0277778 0 0 0 0 0 

928 920 671 75 0 0.695652 0 0 0 0 0 0 0 0 0 0 0 0 0 0 0 0 0 0 0 0.0357143 0.0714286 0.0714286 0.0714286 0.25 0.321429 0.178571 0 0 0 0 0 0 0 

928 904 642 75 0 0.707965 0 0 0 0 0 0 0 0 0 0 0 0 0 0 0 0 0 0 0 0.0357143 0.107143 0.107143 0.178571 0.214286 0.25 0.0714286 0.0357143 0 0 0 0 0 0 

864 849 641 65 0 0.753828 0 0 0 0 0 0 0 0 0 0 0 0 0 0 0 0 0 0 0 0 0 0.0384615 0.115385 0.230769 0.230769 0.230769 0.115385 0.0384615 0 0 0 0 0 

1024 1001 727 75 0 0.639361 0 0 0 0 0 0 0 0 0 0 0 0 0 0 0 0 0 0 0 0.0322581 0 0.0322581 0.290323 0.258065 0.16129 0.193548 0.0322581 0 0 0 0 0 0 

896 884 642 68 0 0.723982 0 0 0 0 0 0 0 0 0 0 0 0 0 0 0 0 0 0 0 0 0.037037 0.185185 0.0740741 0.37037 0.111111 0.185185 0.037037 0 0 0 0 0 0 

864 855 642 69 0 0.748538 0 0 0 0 0 0 0 0 0 0 0 0 0 0 0 0 0 0 0 0 0.0384615 0.0769231 0.0384615 0.192308 0.307692 0.230769 0.115385 0 0 0 0 0 0 

1056 1042 764 75 0 0.614203 0 0 0 0 0 0 0 0 0 0 0 0 0 0 0 0 0 0 0 0 0.03125 0.09375 0.21875 0.15625 0.21875 0.25 0.03125 0 0 0 0 0 0 

896 870 648 75 0 0.735632 0 0 0 0 0 0 0 0 0 0 0 0 0 0 0 0 0 0 0 0 0 0.037037 0.148148 0.259259 0.259259 0.185185 0.0740741 0.037037 0 0 0 0 0 

992 977 706 75 0 0.655067 0 0 0 0 0 0 0 0 0 0 0 0 0 0 0 0 0 0 0 0 0.1 0.0666667 0.2 0.266667 0.266667 0 0.0666667 0.0333333 0 0 0 0 0 

896 878 642 68 0 0.728929 0 0 0 0 0 0 0 0 0 0 0 0 0 0 0 0 0 0 0 0.037037 0.0740741 0.0740741 0.111111 0.185185 0.222222 0.222222 0.0740741 0 0 0 0 0 0 

1024 1010 728 75 0 0.633663 0 0 0 0 0 0 0 0 0 0 0 0 0 0 0 0 0 0 0 0.0322581 0.0967742 0.0967742 0.16129 0.258065 0.16129 0.0967742 0.0645161 0.0322581 0 0 0 0 0 

960 934 682 75 0 0.685225 0 0 0 0 0 0 0 0 0 0 0 0 0 0 0 0 0 0 0 0.0344828 0.0689655 0.103448 0.0689655 0.241379 0.241379 0.103448 0.0689655 0.0689655 0 0 0 0 0 

960 950 693 75 0 0.673684 0 0 0 0 0 0 0 0 0 0 0 0 0 0 0 0 0 0 0 0.0344828 0 0.103448 0.241379 0.206897 0.206897 0.137931 0.0344828 0.0344828 0 0 0 0 0 

992 971 715 75 0 0.659114 0 0 0 0 0 0 0 0 0 0 0 0 0 0 0 0 0 0 0 0 0 0.1 0.166667 0.2 0.333333 0.166667 0 0 0.0333333 0 0 0 0 

896 872 641 63 0 0.733945 0 0 0 0 0 0 0 0 0 0 0 0 0 0 0 0 0 0 0 0 0 0.148148 0.0740741 0.296296 0.185185 0.259259 0.037037 0 0 0 0 0 0 

896 885 642 67 0 0.723164 0 0 0 0 0 0 0 0 0 0 0 0 0 0 0 0 0 0.037037 0.037037 0 0 0.0740741 0.148148 0.222222 0.259259 0.222222 0 0 0 0 0 0 0 

1024 1005 729 75 0 0.636816 0 0 0 0 0 0 0 0 0 0 0 0 0 0 0 0 0 0 0 0.0322581 0.0967742 0.129032 0.0967742 0.193548 0.0967742 0.290323 0.0645161 0 0 0 0 0 0 

1024 1000 736 75 0 0.64 0 0 0 0 0 0 0 0 0 0 0 0 0 0 0 0 0 0 0 0 0 0.0645161 0.193548 0.290323 0.225806 0.129032 0.0645161 0.0322581 0 0 0 0 0 

992 969 705 75 0 0.660475 0 0 0 0 0 0 0 0 0 0 0 0 0 0 0 0 0 0 0 0 0.1 0.133333 0.1 0.0666667 0.366667 0.2 0.0333333 0 0 0 0 0 0 

896 868 642 68 0 0.737327 0 0 0 0 0 0 0 0 0 0 0 0 0 0 0 0 0 0 0 0 0.037037 0.037037 0.0740741 0.259259 0.407407 0.111111 0.037037 0.037037 0 0 0 0 0 

1024 1004 724 75 0 0.63745 0 0 0 0 0 0 0 0 0 0 0 0 0 0 0 0 0 0 0 0 0.0967742 0.16129 0.0967742 0.290323 0.16129 0.129032 0.0322581 0 0.0322581 0 0 0 0 

896 870 642 71 0 0.735632 0 0 0 0 0 0 0 0 0 0 0 0 0 0 0 0 0 0 0.037037 0 0 0.111111 0.185185 0.185185 0.111111 0.185185 0.0740741 0.111111 0 0 0 0 0 

1024 1002 738 75 0 0.638723 0 0 0 0 0 0 0 0 0 0 0 0 0 0 0 0 0 0.0322581 0 0 0 0.16129 0.0967742 0.129032 0.225806 0.193548 0.16129 0 0 0 0 0 0 

864 852 641 57 0 0.751174 0 0 0 0 0 0 0 0 0 0 0 0 0 0 0 0 0 0 0 0 0 0.0769231 0.115385 0.230769 0.230769 0.192308 0.0769231 0.0769231 0 0 0 0 0 

992 961 713 75 0 0.665973 0 0 0 0 0 0 0 0 0 0 0 0 0 0 0 0 0 0 0 0 0.0333333 0 0.233333 0.233333 0.2 0.133333 0.1 0.0333333 0.0333333 0 0 0 0 

960 944 688 75 0 0.677966 0 0 0 0 0 0 0 0 0 0 0 0 0 0 0 0 0 0 0 0 0.0689655 0.0344828 0.310345 0.137931 0.241379 0.103448 0.103448 0 0 0 0 0 0 

992 968 704 75 0 0.661157 0 0 0 0 0 0 0 0 0 0 0 0 0 0 0 0 0 0 0.0333333 0 0.0333333 0 0.3 0.133333 0.233333 0.266667 0 0 0 0 0 0 0 

896 874 641 61 0 0.732265 0 0 0 0 0 0 0 0 0 0 0 0 0 0 0 0 0 0 0 0.037037 0.037037 0.111111 0.111111 0.185185 0.185185 0.222222 0.111111 0 0 0 0 0 0 

960 946 680 75 0 0.676533 0 0 0 0 0 0 0 0 0 0 0 0 0 0 0 0 0 0 0 0.103448 0.103448 0.172414 0.0344828 0.103448 0.206897 0.103448 0.172414 0 0 0 0 0 0 

1056 1028 749 75 0 0.622568 0 0 0 0 0 0 0 0 0 0 0 0 0 0 0 0 0 0 0 0 0.0625 0.0625 0.1875 0.21875 0.25 0.125 0.09375 0 0 0 0 0 0 

928 907 660 75 0 0.705623 0 0 0 0 0 0 0 0 0 0 0 0 0 0 0 0 0 0 0.0357143 0 0.0714286 0.0357143 0.107143 0.178571 0.428571 0.107143 0.0357143 0 0 0 0 0 0 

1056 1028 759 75 0 0.622568 0 0 0 0 0 0 0 0 0 0 0 0 0 0 0 0 0 0 0 0 0.03125 0.125 0.09375 0.21875 0.1875 0.1875 0.15625 0 0 0 0 0 0 

1024 1001 718 75 0 0.639361 0 0 0 0 0 0 0 0 0 0 0 0 0 0 0 0 0 0 0.0322581 0.0322581 0 0.0645161 0.193548 0.387097 0.129032 0.129032 0.0322581 0 0 0 0 0 0 

1024 998 696 75 0 0.641283 0 0 0 0 0 0 0 0 0 0 0 0 0 0 0 0 0 0 0.0322581 0.0322581 0.129032 0.193548 0.0967742 0.225806 0.193548 0.0645161 0.0322581 0 0 0 0 0 0 

864 847 642 71 0 0.755608 0 0 0 0 0 0 0 0 0 0 0 0 0 0 0 0 0 0 0 0 0 0.115385 0 0.115385 0.346154 0.269231 0.153846 0 0 0 0 0 0 

960 936 693 75 0 0.683761 0 0 0 0 0 0 0 0 0 0 0 0 0 0 0 0 0 0 0 0 0 0.0344828 0.206897 0.275862 0.172414 0.206897 0.103448 0 0 0 0 0 0 

928 910 658 75 0 0.703297 0 0 0 0 0 0 0 0 0 0 0 0 0 0 0 0 0 0 0 0 0.0714286 0.107143 0.107143 0.285714 0.357143 0.0357143 0.0357143 0 0 0 0 0 0 

1152 1132 836 75 0 0.565371 0 0 0 0 0 0 0 0 0 0 0 0 0 0 0 0 0 0 0 0.0285714 0.0285714 0.0857143 0.114286 0.114286 0.342857 0.2 0.0571429 0.0285714 0 0 0 0 0 

1056 1029 749 75 0 0.621963 0 0 0 0 0 0 0 0 0 0 0 0 0 0 0 0 0 0 0 0 0.09375 0.03125 0.1875 0.21875 0.25 0.125 0.09375 0 0 0 0 0 0 

992 972 694 75 0 0.658436 0 0 0 0 0 0 0 0 0 0 0 0 0 0 0 0 0 0 0 0.0333333 0.0666667 0.166667 0.233333 0.133333 0.2 0.0666667 0.1 0 0 0 0 0 0 

896 882 641 58 0 0.725624 0 0 0 0 0 0 0 0 0 0 0 0 0 0 0 0 0 0 0 0.037037 0.111111 0.037037 0.185185 0.222222 0.111111 0.185185 0.111111 0 0 0 0 0 0 

1056 1044 767 75 0 0.613027 0 0 0 0 0 0 0 0 0 0 0 0 0 0 0 0 0 0 0 0.03125 0.03125 0.03125 0.21875 0.1875 0.3125 0.0625 0.09375 0.03125 0 0 0 0 0 

960 932 688 75 0 0.686695 0 0 0 0 0 0 0 0 0 0 0 0 0 0 0 0 0 0 0 0 0.0344828 0.0689655 0.103448 0.172414 0.37931 0.172414 0.0689655 0 0 0 0 0 0 

896 879 642 73 0 0.7281 0 0 0 0 0 0 0 0 0 0 0 0 0 0 0 0 0 0 0 0 0.037037 0.0740741 0.111111 0.37037 0.259259 0.111111 0.037037 0 0 0 0 0 0 

896 883 641 72 0 0.724802 0 0 0 0 0 0 0 0 0 0 0 0 0 0 0 0 0 0 0.037037 0.037037 0 0.111111 0.148148 0.111111 0.37037 0.148148 0.037037 0 0 0 0 0 0 

1056 1038 768 75 0 0.61657 0 0 0 0 0 0 0 0 0 0 0 0 0 0 0 0 0 0 0 0.03125 0 0.0625 0.1875 0.21875 0.21875 0.125 0.09375 0.0625 0 0 0 0 0 

896 866 644 75 0 0.73903 0 0 0 0 0 0 0 0 0 0 0 0 0 0 0 0 0 0 0 0 0 0.0740741 0.111111 0.148148 0.37037 0.222222 0.0740741 0 0 0 0 0 0 

1024 1004 742 75 0 0.63745 0 0 0 0 0 0 0 0 0 0 0 0 0 0 0 0 0 0 0.0322581 0.0322581 0.0322581 0.0322581 0.129032 0.16129 0.225806 0.193548 0.129032 0.0322581 0 0 0 0 0 

1088 1060 775 75 0 0.603774 0 0 0 0 0 0 0 0 0 0 0 0 0 0 0 0 0 0 0 0.030303 0 0.151515 0.181818 0.121212 0.272727 0.0606061 0.151515 0.030303 0 0 0 0 0 

1088 1075 776 75 0 0.595349 0 0 0 0 0 0 0 0 0 0 0 0 0 0 0 0 0 0 0 0 0.0606061 0.151515 0.181818 0.242424 0.242424 0.030303 0.0606061 0.030303 0 0 0 0 0 

960 934 680 75 0 0.685225 0 0 0 0 0 0 0 0 0 0 0 0 0 0 0 0 0 0 0 0 0 0.137931 0.137931 0.344828 0.137931 0.206897 0.0344828 0 0 0 0 0 0 

896 882 641 56 0 0.725624 0 0 0 0 0 0 0 0 0 0 0 0 0 0 0 0 0 0.037037 0 0 0 0.0740741 0.333333 0.0740741 0.222222 0.222222 0.037037 0 0 0 0 0 0 

1056 1039 758 75 0 0.615977 0 0 0 0 0 0 0 0 0 0 0 0 0 0 0 0 0 0 0.03125 0.03125 0.0625 0.03125 0.15625 0.25 0.21875 0.09375 0.0625 0.03125 0 0.03125 0 0 0 

1088 1066 776 75 0 0.600375 0 0 0 0 0 0 0 0 0 0 0 0 0 0 0 0 0 0 0.030303 0 0.0909091 0.151515 0.0606061 0.121212 0.242424 0.151515 0.151515 0 0 0 0 0 0 

864 854 642 69 0 0.749415 0 0 0 0 0 0 0 0 0 0 0 0 0 0 0 0 0 0 0 0 0 0.0384615 0.0769231 0.192308 0.423077 0.230769 0.0384615 0 0 0 0 0 0 

928 912 670 75 0 0.701754 0 0 0 0 0 0 0 0 0 0 0 0 0 0 0 0 0 0 0 0 0 0.0357143 0.25 0.285714 0.25 0.107143 0.0714286 0 0 0 0 0 0 

928 909 643 75 0 0.70407 0 0 0 0 0 0 0 0 0 0 0 0 0 0 0 0 0 0 0.0357143 0 0.0357143 0.142857 0.25 0.321429 0.107143 0.107143 0 0 0 0 0 0 0 

1120 1100 773 75 0 0.581818 0 0 0 0 0 0 0 0 0 0 0 0 0 0 0 0 0 0 0 0.147059 0.176471 0.0588235 0.0588235 0.147059 0.176471 0.205882 0.0294118 0 0 0 0 0 0 

1088 1063 776 75 0 0.60207 0 0 0 0 0 0 0 0 0 0 0 0 0 0 0 0 0 0 0 0 0.0606061 0.0606061 0.181818 0.242424 0.242424 0.0909091 0.121212 0 0 0 0 0 0 

992 967 703 75 0 0.661841 0 0 0 0 0 0 0 0 0 0 0 0 0 0 0 0 0 0 0 0 0.0333333 0.0666667 0.233333 0.233333 0.2 0.233333 0 0 0 0 0 0 0 

992 984 698 75 0 0.650406 0 0 0 0 0 0 0 0 0 0 0 0 0 0 0 0 0 0 0 0.0333333 0.0666667 0.2 0.2 0.166667 0.266667 0.0666667 0 0 0 0 0 0 0 

928 914 661 75 0 0.700219 0 0 0 0 0 0 0 0 0 0 0 0 0 0 0 0 0 0 0 0 0.0357143 0.107143 0.321429 0.178571 0.142857 0.178571 0.0357143 0 0 0 0 0 0 

928 916 673 75 0 0.69869 0 0 0 0 0 0 0 0 0 0 0 0 0 0 0 0 0 0 0 0 0.0357143 0.0714286 0.107143 0.357143 0.25 0.107143 0.0714286 0 0 0 0 0 0 

1024 1001 734 75 0 0.639361 0 0 0 0 0 0 0 0 0 0 0 0 0 0 0 0 0 0 0 0.0322581 0.0645161 0.0645161 0.0322581 0.225806 0.387097 0.0967742 0.0967742 0 0 0 0 0 0 

960 937 679 75 0 0.683031 0 0 0 0 0 0 0 0 0 0 0 0 0 0 0 0 0 0 0 0.0344828 0.0689655 0.137931 0.172414 0.137931 0.172414 0.172414 0.0689655 0 0.0344828 0 0 0 0 

896 869 648 75 0 0.736479 0 0 0 0 0 0 0 0 0 0 0 0 0 0 0 0 0 0 0 0 0 0.0740741 0.111111 0.222222 0.259259 0.185185 0.148148 0 0 0 0 0 0 

1024 1001 723 75 0 0.639361 0 0 0 0 0 0 0 0 0 0 0 0 0 0 0 0 0 0.0322581 0.0322581 0 0.0645161 0.0645161 0.16129 0.258065 0.129032 0.0645161 0.16129 0.0322581 0 0 0 0 0 

960 942 694 75 0 0.679406 0 0 0 0 0 0 0 0 0 0 0 0 0 0 0 0 0 0 0 0 0.103448 0.0344828 0.0344828 0.344828 0.206897 0.206897 0.0344828 0.0344828 0 0 0 0 0 

896 869 641 55 0 0.736479 0 0 0 0 0 0 0 0 0 0 0 0 0 0 0 0 0 0 0 0 0.037037 0.111111 0.111111 0.148148 0.259259 0.259259 0.0740741 0 0 0 0 0 0 

