416 395 289 37 0 0.405063 0 0 0 0 0 0 0 0 0 0 0 0 0 0 0 0 0 0 0 0 0.0833333 0.166667 0.166667 0 0.25 0.333333 0 0 0 0 0 0 0 

384 367 268 37 0 0.435967 0 0 0 0 0 0 0 0 0 0 0 0 0 0 0 0 0 0 0 0 0 0.272727 0.0909091 0.272727 0.181818 0.0909091 0.0909091 0 0 0 0 0 0 

416 389 289 37 0 0.411311 0 0 0 0 0 0 0 0 0 0 0 0 0 0 0 0 0 0 0 0 0.0833333 0 0 0.416667 0.0833333 0.416667 0 0 0 0 0 0 0 

384 367 280 37 0 0.435967 0 0 0 0 0 0 0 0 0 0 0 0 0 0 0 0 0 0 0 0 0.0909091 0 0.0909091 0 0.363636 0.272727 0.181818 0 0 0 0 0 0 

416 401 284 37 0 0.399002 0 0 0 0 0 0 0 0 0 0 0 0 0 0 0 0 0 0 0 0 0.0833333 0.5 0 0.0833333 0.25 0 0.0833333 0 0 0 0 0 0 

544 531 384 37 0 0.301318 0 0 0 0 0 0 0 0 0 0 0 0 0 0 0 0 0 0 0 0 0.125 0.125 0.125 0.1875 0.3125 0.125 0 0 0 0 0 0 0 

544 531 388 37 0 0.301318 0 0 0 0 0 0 0 0 0 0 0 0 0 0 0 0 0 0 0 0.0625 0 0.0625 0.125 0.5 0 0.1875 0.0625 0 0 0 0 0 0 

448 442 331 37 0 0.361991 0 0 0 0 0 0 0 0 0 0 0 0 0 0 0 0 0 0 0 0 0 0.0769231 0.307692 0.0769231 0.230769 0.230769 0.0769231 0 0 0 0 0 0 

224 209 160 33 0 0.76555 0 0 0 0 0 0 0 0 0 0 0 0 0 0 0 0 0 0 0 0 0 0 0.166667 0.166667 0.5 0 0.166667 0 0 0 0 0 0 

256 244 184 37 0 0.655738 0 0 0 0 0 0 0 0 0 0 0 0 0 0 0 0 0 0 0 0 0 0.142857 0.142857 0.142857 0.285714 0.285714 0 0 0 0 0 0 0 

256 237 175 37 0 0.675106 0 0 0 0 0 0 0 0 0 0 0 0 0 0 0 0 0 0 0 0 0.142857 0 0.428571 0.142857 0 0.142857 0 0 0.142857 0 0 0 0 

288 271 208 37 0 0.590406 0 0 0 0 0 0 0 0 0 0 0 0 0 0 0 0 0 0 0 0 0 0 0.125 0.125 0.5 0 0.25 0 0 0 0 0 0 

224 212 160 26 0 0.754717 0 0 0 0 0 0 0 0 0 0 0 0 0 0 0 0 0 0 0 0 0.166667 0 0 0.166667 0.5 0.166667 0 0 0 0 0 0 0 

224 213 160 25 0 0.751174 0 0 0 0 0 0 0 0 0 0 0 0 0 0 0 0 0 0 0 0 0 0.333333 0 0.166667 0.166667 0.333333 0 0 0 0 0 0 0 

288 262 194 37 0 0.610687 0 0 0 0 0 0 0 0 0 0 0 0 0 0 0 0 0 0 0 0 0 0.125 0.125 0.125 0.375 0.25 0 0 0 0 0 0 0 

256 237 175 37 0 0.675106 0 0 0 0 0 0 0 0 0 0 0 0 0 0 0 0 0 0 0 0 0 0.142857 0.285714 0 0.428571 0.142857 0 0 0 0 0 0 0 

320 298 220 37 0 0.536913 0 0 0 0 0 0 0 0 0 0 0 0 0 0 0 0 0 0 0.111111 0 0 0 0.222222 0.111111 0.111111 0.333333 0.111111 0 0 0 0 0 0 

416 406 300 37 0 0.394089 0 0 0 0 0 0 0 0 0 0 0 0 0 0 0 0 0 0 0 0.0833333 0 0.0833333 0.166667 0.166667 0.25 0.166667 0.0833333 0 0 0 0 0 0 

384 358 266 37 0 0.446927 0 0 0 0 0 0 0 0 0 0 0 0 0 0 0 0 0 0 0 0 0 0.0909091 0.0909091 0.272727 0.181818 0.363636 0 0 0 0 0 0 0 

416 396 297 37 0 0.40404 0 0 0 0 0 0 0 0 0 0 0 0 0 0 0 0 0 0 0 0 0 0.0833333 0 0.333333 0.25 0.333333 0 0 0 0 0 0 0 

416 396 273 37 0 0.40404 0 0 0 0 0 0 0 0 0 0 0 0 0 0 0 0 0 0.0833333 0 0.0833333 0 0.333333 0.0833333 0.0833333 0.333333 0 0 0 0 0 0 0 0 

416 391 288 37 0 0.409207 0 0 0 0 0 0 0 0 0 0 0 0 0 0 0 0 0 0 0 0 0 0.0833333 0.333333 0.0833333 0.25 0.0833333 0.166667 0 0 0 0 0 0 

352 331 241 37 0 0.483384 0 0 0 0 0 0 0 0 0 0 0 0 0 0 0 0 0 0 0 0 0.1 0 0.2 0.3 0.3 0.1 0 0 0 0 0 0 0 

352 333 236 37 0 0.48048 0 0 0 0 0 0 0 0 0 0 0 0 0 0 0 0 0 0 0 0 0.2 0.1 0.3 0.1 0.2 0.1 0 0 0 0 0 0 0 

384 374 273 37 0 0.427807 0 0 0 0 0 0 0 0 0 0 0 0 0 0 0 0 0 0 0 0 0.181818 0.181818 0 0.181818 0.181818 0.272727 0 0 0 0 0 0 0 

416 407 293 37 0 0.39312 0 0 0 0 0 0 0 0 0 0 0 0 0 0 0 0 0 0 0 0 0.0833333 0.0833333 0.333333 0.25 0.25 0 0 0 0 0 0 0 0 

448 435 313 37 0 0.367816 0 0 0 0 0 0 0 0 0 0 0 0 0 0 0 0 0 0 0 0 0.0769231 0.0769231 0.307692 0.307692 0.153846 0.0769231 0 0 0 0 0 0 0 

224 213 161 37 0 0.751174 0 0 0 0 0 0 0 0 0 0 0 0 0 0 0 0 0 0 0 0 0 0 0.166667 0.5 0.166667 0.166667 0 0 0 0 0 0 0 

288 263 193 37 0 0.608365 0 0 0 0 0 0 0 0 0 0 0 0 0 0 0 0 0 0 0 0 0 0.25 0.125 0 0.375 0.25 0 0 0 0 0 0 0 

352 344 247 37 0 0.465116 0 0 0 0 0 0 0 0 0 0 0 0 0 0 0 0 0 0 0.1 0 0.1 0 0.2 0.4 0.1 0.1 0 0 0 0 0 0 0 

256 238 179 37 0 0.672269 0 0 0 0 0 0 0 0 0 0 0 0 0 0 0 0 0 0 0 0 0 0 0 0.571429 0.285714 0.142857 0 0 0 0 0 0 0 

416 403 287 37 0 0.397022 0 0 0 0 0 0 0 0 0 0 0 0 0 0 0 0 0 0 0 0.0833333 0 0.25 0.166667 0.166667 0.333333 0 0 0 0 0 0 0 0 

288 278 208 37 0 0.57554 0 0 0 0 0 0 0 0 0 0 0 0 0 0 0 0 0 0 0 0 0 0 0.375 0.25 0.25 0 0.125 0 0 0 0 0 0 

288 275 208 37 0 0.581818 0 0 0 0 0 0 0 0 0 0 0 0 0 0 0 0 0 0 0 0 0 0.125 0 0.375 0.25 0.125 0.125 0 0 0 0 0 0 

320 307 237 37 0 0.521173 0 0 0 0 0 0 0 0 0 0 0 0 0 0 0 0 0 0 0 0 0 0.111111 0 0.222222 0.111111 0.333333 0.222222 0 0 0 0 0 0 

352 340 254 37 0 0.470588 0 0 0 0 0 0 0 0 0 0 0 0 0 0 0 0 0 0 0 0 0 0.1 0.3 0.1 0.1 0.4 0 0 0 0 0 0 0 

352 338 251 37 0 0.473373 0 0 0 0 0 0 0 0 0 0 0 0 0 0 0 0 0 0 0.1 0 0 0.1 0.2 0 0.2 0.2 0.2 0 0 0 0 0 0 

288 277 206 37 0 0.577617 0 0 0 0 0 0 0 0 0 0 0 0 0 0 0 0 0 0 0 0 0.125 0 0.25 0 0.5 0.125 0 0 0 0 0 0 0 

288 270 197 37 0 0.592593 0 0 0 0 0 0 0 0 0 0 0 0 0 0 0 0 0 0 0 0 0 0.375 0.125 0.25 0 0.125 0 0.125 0 0 0 0 0 

256 235 174 37 0 0.680851 0 0 0 0 0 0 0 0 0 0 0 0 0 0 0 0 0 0 0 0 0 0.285714 0 0.428571 0 0 0.285714 0 0 0 0 0 0 

352 336 238 37 0 0.47619 0 0 0 0 0 0 0 0 0 0 0 0 0 0 0 0 0 0 0 0 0 0.4 0.2 0.2 0.2 0 0 0 0 0 0 0 0 

320 293 216 37 0 0.546075 0 0 0 0 0 0 0 0 0 0 0 0 0 0 0 0 0 0 0 0 0 0.111111 0.222222 0.222222 0.111111 0.222222 0.111111 0 0 0 0 0 0 

352 328 244 37 0 0.487805 0 0 0 0 0 0 0 0 0 0 0 0 0 0 0 0 0 0 0 0 0.1 0.1 0.2 0 0.3 0.1 0.1 0 0.1 0 0 0 0 

256 230 161 35 0 0.695652 0 0 0 0 0 0 0 0 0 0 0 0 0 0 0 0 0 0 0.142857 0 0.142857 0.142857 0 0 0.571429 0 0 0 0 0 0 0 0 

480 460 333 37 0 0.347826 0 0 0 0 0 0 0 0 0 0 0 0 0 0 0 0 0 0 0 0 0.0714286 0.0714286 0.142857 0.357143 0.285714 0.0714286 0 0 0 0 0 0 0 

288 274 198 37 0 0.583942 0 0 0 0 0 0 0 0 0 0 0 0 0 0 0 0 0 0 0 0.125 0 0.125 0.125 0.375 0.125 0.125 0 0 0 0 0 0 0 

288 274 204 37 0 0.583942 0 0 0 0 0 0 0 0 0 0 0 0 0 0 0 0 0 0 0 0 0 0.125 0.25 0.25 0.125 0.125 0.125 0 0 0 0 0 0 

416 399 298 37 0 0.401002 0 0 0 0 0 0 0 0 0 0 0 0 0 0 0 0 0 0 0 0 0.0833333 0 0.0833333 0.333333 0.25 0.0833333 0.166667 0 0 0 0 0 0 

224 218 167 37 0 0.733945 0 0 0 0 0 0 0 0 0 0 0 0 0 0 0 0 0 0 0 0 0 0.166667 0 0.5 0 0.166667 0.166667 0 0 0 0 0 0 

320 295 211 37 0 0.542373 0 0 0 0 0 0 0 0 0 0 0 0 0 0 0 0 0 0 0 0 0.111111 0.111111 0.333333 0.111111 0.111111 0.222222 0 0 0 0 0 0 0 

384 359 253 37 0 0.445682 0 0 0 0 0 0 0 0 0 0 0 0 0 0 0 0 0 0 0 0 0 0.181818 0.272727 0.545455 0 0 0 0 0 0 0 0 0 

384 359 253 37 0 0.445682 0 0 0 0 0 0 0 0 0 0 0 0 0 0 0 0 0 0 0 0.181818 0.0909091 0.0909091 0.181818 0.181818 0 0.0909091 0.181818 0 0 0 0 0 0 

288 273 201 37 0 0.586081 0 0 0 0 0 0 0 0 0 0 0 0 0 0 0 0 0 0 0 0 0.125 0 0.25 0.375 0 0.125 0.125 0 0 0 0 0 0 

320 292 215 37 0 0.547945 0 0 0 0 0 0 0 0 0 0 0 0 0 0 0 0 0 0 0 0 0.222222 0 0 0.222222 0.222222 0.111111 0.222222 0 0 0 0 0 0 

320 297 220 37 0 0.538721 0 0 0 0 0 0 0 0 0 0 0 0 0 0 0 0 0 0 0 0 0.111111 0.111111 0.111111 0 0.333333 0.222222 0.111111 0 0 0 0 0 0 

352 325 237 37 0 0.492308 0 0 0 0 0 0 0 0 0 0 0 0 0 0 0 0 0 0 0 0 0.1 0.1 0.3 0 0.2 0.1 0.2 0 0 0 0 0 0 

288 273 204 37 0 0.586081 0 0 0 0 0 0 0 0 0 0 0 0 0 0 0 0 0 0 0 0 0 0.25 0 0.125 0.375 0.25 0 0 0 0 0 0 0 

512 498 377 37 0 0.321285 0 0 0 0 0 0 0 0 0 0 0 0 0 0 0 0 0 0 0 0 0 0.0666667 0.2 0.0666667 0.266667 0.266667 0.0666667 0.0666667 0 0 0 0 0 

320 309 232 37 0 0.517799 0 0 0 0 0 0 0 0 0 0 0 0 0 0 0 0 0 0 0 0 0 0 0.222222 0.333333 0.222222 0.222222 0 0 0 0 0 0 0 

320 309 235 37 0 0.517799 0 0 0 0 0 0 0 0 0 0 0 0 0 0 0 0 0 0 0 0 0.111111 0 0.111111 0.111111 0.222222 0.333333 0.111111 0 0 0 0 0 0 

416 401 294 37 0 0.399002 0 0 0 0 0 0 0 0 0 0 0 0 0 0 0 0 0 0 0 0 0 0.0833333 0.25 0.166667 0.5 0 0 0 0 0 0 0 0 

384 375 278 37 0 0.426667 0 0 0 0 0 0 0 0 0 0 0 0 0 0 0 0 0 0 0 0 0.0909091 0.181818 0 0.181818 0.272727 0.272727 0 0 0 0 0 0 0 

352 328 239 37 0 0.487805 0 0 0 0 0 0 0 0 0 0 0 0 0 0 0 0 0 0 0 0 0.1 0.1 0.1 0.2 0.3 0.2 0 0 0 0 0 0 0 

608 593 428 37 0 0.269814 0 0 0 0 0 0 0 0 0 0 0 0 0 0 0 0 0 0 0 0.111111 0 0.0555556 0.166667 0.166667 0.444444 0.0555556 0 0 0 0 0 0 0 

544 532 397 37 0 0.300752 0 0 0 0 0 0 0 0 0 0 0 0 0 0 0 0 0 0 0 0 0 0.125 0.3125 0.125 0 0.1875 0.25 0 0 0 0 0 0 

448 432 317 37 0 0.37037 0 0 0 0 0 0 0 0 0 0 0 0 0 0 0 0 0 0 0 0 0 0.0769231 0.461538 0.0769231 0.230769 0 0.0769231 0.0769231 0 0 0 0 0 

480 471 356 37 0 0.339703 0 0 0 0 0 0 0 0 0 0 0 0 0 0 0 0 0 0 0 0 0.0714286 0.0714286 0.0714286 0 0.428571 0.285714 0.0714286 0 0 0 0 0 0 

224 211 161 37 0 0.758294 0 0 0 0 0 0 0 0 0 0 0 0 0 0 0 0 0 0 0 0 0 0 0.333333 0.166667 0.166667 0.166667 0.166667 0 0 0 0 0 0 

320 305 219 37 0 0.52459 0 0 0 0 0 0 0 0 0 0 0 0 0 0 0 0 0 0 0 0.111111 0.222222 0 0.111111 0.111111 0.222222 0.222222 0 0 0 0 0 0 0 

384 372 276 37 0 0.430108 0 0 0 0 0 0 0 0 0 0 0 0 0 0 0 0 0 0 0 0 0 0.0909091 0.272727 0.181818 0.181818 0.272727 0 0 0 0 0 0 0 

288 280 213 37 0 0.571429 0 0 0 0 0 0 0 0 0 0 0 0 0 0 0 0 0 0 0 0 0.125 0 0 0.375 0.125 0.25 0.125 0 0 0 0 0 0 

608 585 420 37 0 0.273504 0 0 0 0 0 0 0 0 0 0 0 0 0 0 0 0 0 0 0 0 0 0.333333 0.111111 0.166667 0.277778 0 0.111111 0 0 0 0 0 0 

224 212 160 24 0 0.754717 0 0 0 0 0 0 0 0 0 0 0 0 0 0 0 0 0 0 0 0 0.166667 0 0.166667 0 0.5 0 0.166667 0 0 0 0 0 0 

224 213 160 32 0 0.751174 0 0 0 0 0 0 0 0 0 0 0 0 0 0 0 0 0 0 0 0 0 0.333333 0 0.166667 0.333333 0 0.166667 0 0 0 0 0 0 

224 209 160 28 0 0.76555 0 0 0 0 0 0 0 0 0 0 0 0 0 0 0 0 0 0 0 0 0 0.166667 0 0.166667 0.333333 0.166667 0.166667 0 0 0 0 0 0 

256 241 178 37 0 0.6639 0 0 0 0 0 0 0 0 0 0 0 0 0 0 0 0 0 0 0 0 0 0.142857 0.428571 0 0.285714 0 0.142857 0 0 0 0 0 0 

224 213 160 34 0 0.751174 0 0 0 0 0 0 0 0 0 0 0 0 0 0 0 0 0 0 0 0 0 0.166667 0.166667 0.166667 0.333333 0.166667 0 0 0 0 0 0 0 

256 229 160 32 0 0.69869 0 0 0 0 0 0 0 0 0 0 0 0 0 0 0 0 0 0 0 0 0.285714 0.142857 0 0.285714 0.285714 0 0 0 0 0 0 0 0 

224 209 160 31 0 0.76555 0 0 0 0 0 0 0 0 0 0 0 0 0 0 0 0 0 0 0 0 0 0 0.166667 0.166667 0.333333 0.333333 0 0 0 0 0 0 0 

256 241 179 37 0 0.6639 0 0 0 0 0 0 0 0 0 0 0 0 0 0 0 0 0 0 0 0 0 0.142857 0.428571 0 0.142857 0.142857 0.142857 0 0 0 0 0 0 

256 236 175 37 0 0.677966 0 0 0 0 0 0 0 0 0 0 0 0 0 0 0 0 0 0 0 0 0 0.142857 0 0.428571 0.285714 0.142857 0 0 0 0 0 0 0 

352 338 243 37 0 0.473373 0 0 0 0 0 0 0 0 0 0 0 0 0 0 0 0 0 0 0 0 0 0.4 0.1 0.2 0.2 0.1 0 0 0 0 0 0 0 

256 226 160 29 0 0.707965 0 0 0 0 0 0 0 0 0 0 0 0 0 0 0 0 0 0 0 0 0 0.285714 0.142857 0.428571 0 0.142857 0 0 0 0 0 0 0 

224 214 160 30 0 0.747664 0 0 0 0 0 0 0 0 0 0 0 0 0 0 0 0 0 0 0 0 0 0.333333 0.166667 0 0.166667 0.333333 0 0 0 0 0 0 0 

224 214 165 37 0 0.747664 0 0 0 0 0 0 0 0 0 0 0 0 0 0 0 0 0 0 0 0 0 0 0.166667 0.333333 0 0.5 0 0 0 0 0 0 0 

256 243 179 37 0 0.658436 0 0 0 0 0 0 0 0 0 0 0 0 0 0 0 0 0 0 0 0 0.142857 0 0.142857 0.428571 0.142857 0.142857 0 0 0 0 0 0 0 

224 214 160 32 0 0.747664 0 0 0 0 0 0 0 0 0 0 0 0 0 0 0 0 0 0 0 0 0.166667 0 0.333333 0 0.166667 0.333333 0 0 0 0 0 0 0 

384 375 278 37 0 0.426667 0 0 0 0 0 0 0 0 0 0 0 0 0 0 0 0 0 0 0 0 0.0909091 0.0909091 0.181818 0.181818 0.181818 0.181818 0.0909091 0 0 0 0 0 0 

224 210 160 30 0 0.761905 0 0 0 0 0 0 0 0 0 0 0 0 0 0 0 0 0 0 0 0 0.166667 0 0.166667 0 0.166667 0.333333 0.166667 0 0 0 0 0 0 

256 226 163 31 0 0.707965 0 0 0 0 0 0 0 0 0 0 0 0 0 0 0 0 0 0 0 0 0 0 0.571429 0.142857 0 0.285714 0 0 0 0 0 0 0 

288 264 189 37 0 0.606061 0 0 0 0 0 0 0 0 0 0 0 0 0 0 0 0 0 0 0 0 0.25 0 0.125 0.25 0.25 0.125 0 0 0 0 0 0 0 

224 215 160 30 0 0.744186 0 0 0 0 0 0 0 0 0 0 0 0 0 0 0 0 0 0 0 0.333333 0 0 0 0 0.166667 0.5 0 0 0 0 0 0 0 

224 212 160 34 0 0.754717 0 0 0 0 0 0 0 0 0 0 0 0 0 0 0 0 0 0 0 0 0 0 0.333333 0.166667 0.333333 0.166667 0 0 0 0 0 0 0 

256 234 174 37 0 0.683761 0 0 0 0 0 0 0 0 0 0 0 0 0 0 0 0 0 0 0 0 0.142857 0 0.142857 0.142857 0.285714 0.142857 0.142857 0 0 0 0 0 0 

288 260 195 37 0 0.615385 0 0 0 0 0 0 0 0 0 0 0 0 0 0 0 0 0 0 0 0 0 0 0 0.625 0.125 0.125 0 0.125 0 0 0 0 0 

256 229 168 37 0 0.69869 0 0 0 0 0 0 0 0 0 0 0 0 0 0 0 0 0 0 0 0 0 0.142857 0.142857 0.285714 0.285714 0 0.142857 0 0 0 0 0 0 

320 296 211 37 0 0.540541 0 0 0 0 0 0 0 0 0 0 0 0 0 0 0 0 0 0 0 0 0 0.333333 0.222222 0.111111 0.222222 0.111111 0 0 0 0 0 0 0 

320 292 213 37 0 0.547945 0 0 0 0 0 0 0 0 0 0 0 0 0 0 0 0 0 0 0 0 0 0.111111 0.111111 0.444444 0.111111 0.222222 0 0 0 0 0 0 0 

288 265 204 37 0 0.603774 0 0 0 0 0 0 0 0 0 0 0 0 0 0 0 0 0 0 0 0 0 0 0 0.375 0.125 0.25 0.25 0 0 0 0 0 0 

256 236 173 37 0 0.677966 0 0 0 0 0 0 0 0 0 0 0 0 0 0 0 0 0 0 0 0 0 0.142857 0.285714 0.142857 0.285714 0.142857 0 0 0 0 0 0 0 

