608 587 426 53 0 0.545145 0 0 0 0 0 0 0 0 0 0 0 0 0 0 0 0 0 0 0 0 0.111111 0 0.333333 0.222222 0.0555556 0.166667 0.111111 0 0 0 0 0 0 

576 548 397 53 0 0.583942 0 0 0 0 0 0 0 0 0 0 0 0 0 0 0 0 0 0 0 0 0.0588235 0.176471 0.176471 0.117647 0.176471 0.235294 0.0588235 0 0 0 0 0 0 

608 587 433 53 0 0.545145 0 0 0 0 0 0 0 0 0 0 0 0 0 0 0 0 0 0 0 0 0.0555556 0.0555556 0.111111 0.333333 0.166667 0.166667 0.111111 0 0 0 0 0 0 

544 520 389 53 0 0.615385 0 0 0 0 0 0 0 0 0 0 0 0 0 0 0 0 0 0 0 0 0 0.125 0.0625 0.25 0.25 0.125 0.125 0.0625 0 0 0 0 0 

576 550 393 53 0 0.581818 0 0 0 0 0 0 0 0 0 0 0 0 0 0 0 0 0 0 0 0 0.0588235 0.117647 0.294118 0.176471 0.235294 0.117647 0 0 0 0 0 0 0 

608 586 423 53 0 0.546075 0 0 0 0 0 0 0 0 0 0 0 0 0 0 0 0 0 0 0.0555556 0 0.0555556 0.0555556 0.277778 0.0555556 0.277778 0.166667 0.0555556 0 0 0 0 0 0 

576 548 403 53 0 0.583942 0 0 0 0 0 0 0 0 0 0 0 0 0 0 0 0 0 0 0 0.0588235 0 0 0.117647 0.294118 0.294118 0.176471 0.0588235 0 0 0 0 0 0 

608 593 434 53 0 0.539629 0 0 0 0 0 0 0 0 0 0 0 0 0 0 0 0 0 0 0 0 0.0555556 0.0555556 0.166667 0.444444 0.111111 0.111111 0 0 0.0555556 0 0 0 0 

608 587 425 53 0 0.545145 0 0 0 0 0 0 0 0 0 0 0 0 0 0 0 0 0 0 0.0555556 0 0 0 0.388889 0.222222 0.166667 0.0555556 0.0555556 0.0555556 0 0 0 0 0 

544 530 392 53 0 0.603774 0 0 0 0 0 0 0 0 0 0 0 0 0 0 0 0 0 0 0 0 0 0.0625 0.25 0.25 0.1875 0.1875 0.0625 0 0 0 0 0 0 

608 592 436 53 0 0.540541 0 0 0 0 0 0 0 0 0 0 0 0 0 0 0 0 0 0 0 0.0555556 0.0555556 0.0555556 0.111111 0.166667 0.277778 0.166667 0.111111 0 0 0 0 0 0 

608 587 421 53 0 0.545145 0 0 0 0 0 0 0 0 0 0 0 0 0 0 0 0 0 0 0 0.0555556 0.0555556 0.166667 0.0555556 0.277778 0.277778 0.0555556 0.0555556 0 0 0 0 0 0 

608 586 427 53 0 0.546075 0 0 0 0 0 0 0 0 0 0 0 0 0 0 0 0 0 0 0 0 0.111111 0.111111 0.111111 0.222222 0.0555556 0.388889 0 0 0 0 0 0 0 

544 520 390 53 0 0.615385 0 0 0 0 0 0 0 0 0 0 0 0 0 0 0 0 0 0 0 0 0 0.0625 0.1875 0.0625 0.25 0.375 0.0625 0 0 0 0 0 0 

576 548 403 53 0 0.583942 0 0 0 0 0 0 0 0 0 0 0 0 0 0 0 0 0 0 0 0 0 0.0588235 0.0588235 0.470588 0.176471 0.235294 0 0 0 0 0 0 0 

608 586 434 53 0 0.546075 0 0 0 0 0 0 0 0 0 0 0 0 0 0 0 0 0 0 0 0 0.0555556 0 0.222222 0.166667 0.277778 0.166667 0.111111 0 0 0 0 0 0 

608 587 430 53 0 0.545145 0 0 0 0 0 0 0 0 0 0 0 0 0 0 0 0 0 0 0 0 0.0555556 0.111111 0.166667 0.222222 0.166667 0.166667 0.111111 0 0 0 0 0 0 

544 520 381 53 0 0.615385 0 0 0 0 0 0 0 0 0 0 0 0 0 0 0 0 0 0 0 0.0625 0.125 0.0625 0 0.1875 0.1875 0.25 0.125 0 0 0 0 0 0 

608 586 421 53 0 0.546075 0 0 0 0 0 0 0 0 0 0 0 0 0 0 0 0 0 0 0 0 0.0555556 0.111111 0.222222 0.166667 0.444444 0 0 0 0 0 0 0 0 

608 587 424 53 0 0.545145 0 0 0 0 0 0 0 0 0 0 0 0 0 0 0 0 0 0 0 0 0 0.333333 0.166667 0.0555556 0.111111 0.333333 0 0 0 0 0 0 0 

608 594 440 53 0 0.538721 0 0 0 0 0 0 0 0 0 0 0 0 0 0 0 0 0 0 0 0 0.0555556 0.222222 0.0555556 0.111111 0.222222 0.166667 0.111111 0.0555556 0 0 0 0 0 

608 597 429 53 0 0.536013 0 0 0 0 0 0 0 0 0 0 0 0 0 0 0 0 0 0 0 0.0555556 0.0555556 0.111111 0.333333 0.111111 0.111111 0.166667 0.0555556 0 0 0 0 0 0 

608 586 424 53 0 0.546075 0 0 0 0 0 0 0 0 0 0 0 0 0 0 0 0 0 0 0 0 0.111111 0 0.166667 0.333333 0.277778 0.111111 0 0 0 0 0 0 0 

576 548 398 53 0 0.583942 0 0 0 0 0 0 0 0 0 0 0 0 0 0 0 0 0 0 0 0 0.0588235 0 0.294118 0.117647 0.411765 0.117647 0 0 0 0 0 0 0 

576 550 405 53 0 0.581818 0 0 0 0 0 0 0 0 0 0 0 0 0 0 0 0 0 0 0 0 0.0588235 0 0.117647 0.352941 0.294118 0.0588235 0.117647 0 0 0 0 0 0 

576 548 387 53 0 0.583942 0 0 0 0 0 0 0 0 0 0 0 0 0 0 0 0 0 0 0.0588235 0 0.117647 0.0588235 0.235294 0.176471 0.176471 0.176471 0 0 0 0 0 0 0 

608 586 420 53 0 0.546075 0 0 0 0 0 0 0 0 0 0 0 0 0 0 0 0 0 0 0 0 0.0555556 0.166667 0.0555556 0.5 0.111111 0.111111 0 0 0 0 0 0 0 

576 548 412 53 0 0.583942 0 0 0 0 0 0 0 0 0 0 0 0 0 0 0 0 0 0 0 0 0 0 0.117647 0.117647 0.411765 0.352941 0 0 0 0 0 0 0 

608 597 444 53 0 0.536013 0 0 0 0 0 0 0 0 0 0 0 0 0 0 0 0 0 0 0 0.0555556 0 0.111111 0.111111 0.111111 0.333333 0.111111 0.166667 0 0 0 0 0 0 

608 587 431 53 0 0.545145 0 0 0 0 0 0 0 0 0 0 0 0 0 0 0 0 0 0 0 0 0.0555556 0 0.222222 0.222222 0.277778 0.222222 0 0 0 0 0 0 0 

576 548 403 53 0 0.583942 0 0 0 0 0 0 0 0 0 0 0 0 0 0 0 0 0 0 0 0 0 0 0.294118 0.235294 0.294118 0.0588235 0.117647 0 0 0 0 0 0 

608 587 424 53 0 0.545145 0 0 0 0 0 0 0 0 0 0 0 0 0 0 0 0 0 0 0 0 0.0555556 0.111111 0.222222 0.222222 0.222222 0.166667 0 0 0 0 0 0 0 

576 548 387 53 0 0.583942 0 0 0 0 0 0 0 0 0 0 0 0 0 0 0 0 0 0 0.0588235 0 0.235294 0.117647 0 0.176471 0.176471 0.117647 0.117647 0 0 0 0 0 0 

608 587 428 53 0 0.545145 0 0 0 0 0 0 0 0 0 0 0 0 0 0 0 0 0 0 0 0 0.0555556 0.111111 0.166667 0.166667 0.333333 0.111111 0.0555556 0 0 0 0 0 0 

608 587 429 53 0 0.545145 0 0 0 0 0 0 0 0 0 0 0 0 0 0 0 0 0 0 0 0 0 0.111111 0.222222 0.166667 0.333333 0.166667 0 0 0 0 0 0 0 

576 550 396 53 0 0.581818 0 0 0 0 0 0 0 0 0 0 0 0 0 0 0 0 0 0 0 0 0 0.117647 0.294118 0.294118 0.176471 0.0588235 0.0588235 0 0 0 0 0 0 

608 587 424 53 0 0.545145 0 0 0 0 0 0 0 0 0 0 0 0 0 0 0 0 0 0 0 0 0 0.222222 0.222222 0.222222 0.166667 0.0555556 0.111111 0 0 0 0 0 0 

608 586 427 53 0 0.546075 0 0 0 0 0 0 0 0 0 0 0 0 0 0 0 0 0 0 0 0 0 0.0555556 0.388889 0.111111 0.222222 0.222222 0 0 0 0 0 0 0 

608 586 427 53 0 0.546075 0 0 0 0 0 0 0 0 0 0 0 0 0 0 0 0 0 0 0 0 0.111111 0 0.166667 0.277778 0.222222 0.222222 0 0 0 0 0 0 0 

576 548 407 53 0 0.583942 0 0 0 0 0 0 0 0 0 0 0 0 0 0 0 0 0 0 0 0 0 0.117647 0.176471 0.0588235 0.235294 0.352941 0.0588235 0 0 0 0 0 0 

544 520 385 53 0 0.615385 0 0 0 0 0 0 0 0 0 0 0 0 0 0 0 0 0 0 0 0.0625 0 0.1875 0 0.1875 0.125 0.25 0.1875 0 0 0 0 0 0 

608 586 432 53 0 0.546075 0 0 0 0 0 0 0 0 0 0 0 0 0 0 0 0 0 0 0 0.0555556 0.0555556 0.0555556 0.111111 0.166667 0.166667 0.277778 0.111111 0 0 0 0 0 0 

608 586 429 53 0 0.546075 0 0 0 0 0 0 0 0 0 0 0 0 0 0 0 0 0 0 0 0 0.0555556 0.111111 0.111111 0.222222 0.222222 0.277778 0 0 0 0 0 0 0 

576 548 411 53 0 0.583942 0 0 0 0 0 0 0 0 0 0 0 0 0 0 0 0 0 0 0 0 0 0.0588235 0.0588235 0.235294 0.352941 0.117647 0.176471 0 0 0 0 0 0 

576 548 403 53 0 0.583942 0 0 0 0 0 0 0 0 0 0 0 0 0 0 0 0 0 0 0 0.0588235 0 0 0.0588235 0.470588 0.117647 0.235294 0.0588235 0 0 0 0 0 0 

608 586 426 53 0 0.546075 0 0 0 0 0 0 0 0 0 0 0 0 0 0 0 0 0 0 0 0.0555556 0.0555556 0.111111 0.222222 0.111111 0 0.388889 0.0555556 0 0 0 0 0 0 

608 586 425 53 0 0.546075 0 0 0 0 0 0 0 0 0 0 0 0 0 0 0 0 0 0 0 0 0 0.166667 0.277778 0.166667 0.222222 0.0555556 0.111111 0 0 0 0 0 0 

576 548 400 53 0 0.583942 0 0 0 0 0 0 0 0 0 0 0 0 0 0 0 0 0 0 0 0.0588235 0 0.117647 0.235294 0.0588235 0.235294 0.117647 0.176471 0 0 0 0 0 0 

576 548 413 53 0 0.583942 0 0 0 0 0 0 0 0 0 0 0 0 0 0 0 0 0 0 0 0 0 0.117647 0 0.176471 0.294118 0.294118 0.0588235 0.0588235 0 0 0 0 0 

608 587 429 53 0 0.545145 0 0 0 0 0 0 0 0 0 0 0 0 0 0 0 0 0 0 0 0 0.0555556 0 0.333333 0.166667 0.333333 0 0.0555556 0.0555556 0 0 0 0 0 

576 548 397 53 0 0.583942 0 0 0 0 0 0 0 0 0 0 0 0 0 0 0 0 0 0 0 0 0 0.0588235 0.352941 0.176471 0.235294 0.176471 0 0 0 0 0 0 0 

608 586 430 53 0 0.546075 0 0 0 0 0 0 0 0 0 0 0 0 0 0 0 0 0 0 0 0 0.0555556 0.111111 0.0555556 0.333333 0.333333 0 0 0.111111 0 0 0 0 0 

544 520 388 53 0 0.615385 0 0 0 0 0 0 0 0 0 0 0 0 0 0 0 0 0 0 0 0.0625 0 0.0625 0.0625 0.0625 0.4375 0.1875 0.125 0 0 0 0 0 0 

576 548 396 53 0 0.583942 0 0 0 0 0 0 0 0 0 0 0 0 0 0 0 0.0588235 0 0 0 0 0.0588235 0 0.176471 0.0588235 0.470588 0.117647 0.0588235 0 0 0 0 0 0 

576 548 409 53 0 0.583942 0 0 0 0 0 0 0 0 0 0 0 0 0 0 0 0 0 0 0 0 0 0.0588235 0.176471 0.235294 0.176471 0.117647 0.235294 0 0 0 0 0 0 

736 713 510 53 0 0.448808 0 0 0 0 0 0 0 0 0 0 0 0 0 0 0 0 0 0 0 0.0454545 0.0909091 0 0.181818 0.454545 0.0909091 0.0909091 0.0454545 0 0 0 0 0 0 

608 586 429 53 0 0.546075 0 0 0 0 0 0 0 0 0 0 0 0 0 0 0 0 0 0 0 0 0.111111 0.0555556 0.111111 0.277778 0.111111 0.277778 0.0555556 0 0 0 0 0 0 

576 550 405 53 0 0.581818 0 0 0 0 0 0 0 0 0 0 0 0 0 0 0 0 0 0 0 0 0.0588235 0 0.0588235 0.411765 0.294118 0.117647 0.0588235 0 0 0 0 0 0 

544 530 387 53 0 0.603774 0 0 0 0 0 0 0 0 0 0 0 0 0 0 0 0 0 0 0 0 0.125 0.0625 0.0625 0.375 0.1875 0.125 0.0625 0 0 0 0 0 0 

576 548 410 53 0 0.583942 0 0 0 0 0 0 0 0 0 0 0 0 0 0 0 0 0 0 0 0 0 0.0588235 0.0588235 0.176471 0.470588 0.117647 0.117647 0 0 0 0 0 0 

608 592 422 53 0 0.540541 0 0 0 0 0 0 0 0 0 0 0 0 0 0 0 0 0 0 0 0 0.166667 0.166667 0.166667 0.166667 0.111111 0.222222 0 0 0 0 0 0 0 

576 550 395 53 0 0.581818 0 0 0 0 0 0 0 0 0 0 0 0 0 0 0 0 0 0 0.0588235 0 0 0.117647 0.235294 0.176471 0.176471 0.235294 0 0 0 0 0 0 0 

608 587 428 53 0 0.545145 0 0 0 0 0 0 0 0 0 0 0 0 0 0 0 0 0 0 0 0 0.0555556 0.166667 0.111111 0.222222 0.222222 0.166667 0 0.0555556 0 0 0 0 0 

608 587 418 53 0 0.545145 0 0 0 0 0 0 0 0 0 0 0 0 0 0 0 0 0.0555556 0 0 0 0 0.277778 0.222222 0.111111 0.0555556 0.111111 0.166667 0 0 0 0 0 0 

544 530 398 53 0 0.603774 0 0 0 0 0 0 0 0 0 0 0 0 0 0 0 0 0 0 0 0.0625 0 0 0.1875 0.125 0.25 0.1875 0.1875 0 0 0 0 0 0 

576 548 406 53 0 0.583942 0 0 0 0 0 0 0 0 0 0 0 0 0 0 0 0 0 0 0 0 0.0588235 0.0588235 0 0.294118 0.294118 0.235294 0.0588235 0 0 0 0 0 0 

544 525 391 53 0 0.609524 0 0 0 0 0 0 0 0 0 0 0 0 0 0 0 0 0 0 0.0625 0 0.0625 0 0.125 0.25 0.0625 0.1875 0.1875 0.0625 0 0 0 0 0 

576 548 398 53 0 0.583942 0 0 0 0 0 0 0 0 0 0 0 0 0 0 0 0 0 0 0 0 0 0.0588235 0.294118 0.235294 0.294118 0.0588235 0.0588235 0 0 0 0 0 0 

608 587 425 53 0 0.545145 0 0 0 0 0 0 0 0 0 0 0 0 0 0 0 0 0 0 0 0 0 0.111111 0.222222 0.333333 0.222222 0.111111 0 0 0 0 0 0 0 

608 587 429 53 0 0.545145 0 0 0 0 0 0 0 0 0 0 0 0 0 0 0 0 0 0 0 0 0.111111 0 0.222222 0.277778 0.111111 0.166667 0.111111 0 0 0 0 0 0 

672 654 462 53 0 0.489297 0 0 0 0 0 0 0 0 0 0 0 0 0 0 0 0 0 0 0.05 0.05 0.1 0.2 0.1 0.05 0.3 0.1 0.05 0 0 0 0 0 0 

608 587 420 53 0 0.545145 0 0 0 0 0 0 0 0 0 0 0 0 0 0 0 0 0 0 0.0555556 0.111111 0 0.0555556 0.166667 0.277778 0.0555556 0.166667 0.111111 0 0 0 0 0 0 

608 586 431 53 0 0.546075 0 0 0 0 0 0 0 0 0 0 0 0 0 0 0 0 0 0 0 0 0 0.0555556 0.111111 0.444444 0.166667 0.222222 0 0 0 0 0 0 0 

608 586 426 53 0 0.546075 0 0 0 0 0 0 0 0 0 0 0 0 0 0 0 0 0 0 0.0555556 0 0 0.0555556 0.0555556 0.444444 0.222222 0.166667 0 0 0 0 0 0 0 

608 587 430 53 0 0.545145 0 0 0 0 0 0 0 0 0 0 0 0 0 0 0 0 0 0 0 0 0.0555556 0.111111 0.222222 0.111111 0.277778 0.0555556 0.166667 0 0 0 0 0 0 

608 597 427 53 0 0.536013 0 0 0 0 0 0 0 0 0 0 0 0 0 0 0 0 0 0 0.0555556 0.0555556 0.166667 0 0.166667 0.111111 0.277778 0.0555556 0.111111 0 0 0 0 0 0 

608 593 426 53 0 0.539629 0 0 0 0 0 0 0 0 0 0 0 0 0 0 0 0 0 0 0 0 0.111111 0.111111 0.222222 0.166667 0.333333 0 0.0555556 0 0 0 0 0 0 

608 586 413 53 0 0.546075 0 0 0 0 0 0 0 0 0 0 0 0 0 0 0 0 0 0 0.0555556 0.0555556 0.0555556 0.111111 0.222222 0.222222 0.166667 0 0.111111 0 0 0 0 0 0 

608 586 433 53 0 0.546075 0 0 0 0 0 0 0 0 0 0 0 0 0 0 0 0 0 0 0 0 0.111111 0 0.0555556 0.333333 0.222222 0.222222 0 0.0555556 0 0 0 0 0 

608 587 437 53 0 0.545145 0 0 0 0 0 0 0 0 0 0 0 0 0 0 0 0 0 0 0 0 0.0555556 0 0.166667 0.222222 0.222222 0.222222 0.111111 0 0 0 0 0 0 

608 587 415 53 0 0.545145 0 0 0 0 0 0 0 0 0 0 0 0 0 0 0 0 0 0.0555556 0.0555556 0.0555556 0 0.0555556 0.277778 0.111111 0.222222 0.0555556 0.111111 0 0 0 0 0 0 

608 587 431 53 0 0.545145 0 0 0 0 0 0 0 0 0 0 0 0 0 0 0 0 0 0 0 0 0.111111 0.0555556 0.111111 0.277778 0.166667 0.222222 0 0 0.0555556 0 0 0 0 

608 597 427 53 0 0.536013 0 0 0 0 0 0 0 0 0 0 0 0 0 0 0 0 0 0.0555556 0.0555556 0.111111 0.0555556 0 0.222222 0 0.166667 0.166667 0.166667 0 0 0 0 0 0 

608 587 438 53 0 0.545145 0 0 0 0 0 0 0 0 0 0 0 0 0 0 0 0 0 0 0.0555556 0 0 0.0555556 0.111111 0.166667 0.277778 0.166667 0.0555556 0.111111 0 0 0 0 0 

608 599 426 53 0 0.534224 0 0 0 0 0 0 0 0 0 0 0 0 0 0 0 0 0 0 0 0 0.111111 0.166667 0.333333 0.166667 0.111111 0.0555556 0.0555556 0 0 0 0 0 0 

576 548 406 53 0 0.583942 0 0 0 0 0 0 0 0 0 0 0 0 0 0 0 0 0 0 0 0 0 0 0.0588235 0.470588 0.294118 0.117647 0.0588235 0 0 0 0 0 0 

576 548 403 53 0 0.583942 0 0 0 0 0 0 0 0 0 0 0 0 0 0 0 0 0 0 0 0 0.0588235 0.176471 0.117647 0.117647 0.176471 0.176471 0.117647 0.0588235 0 0 0 0 0 

576 548 404 53 0 0.583942 0 0 0 0 0 0 0 0 0 0 0 0 0 0 0 0 0 0 0 0 0 0.0588235 0.352941 0.117647 0.176471 0.176471 0.0588235 0 0.0588235 0 0 0 0 

608 597 443 53 0 0.536013 0 0 0 0 0 0 0 0 0 0 0 0 0 0 0 0 0 0 0 0 0.0555556 0 0.222222 0.166667 0.277778 0.277778 0 0 0 0 0 0 0 

608 592 437 53 0 0.540541 0 0 0 0 0 0 0 0 0 0 0 0 0 0 0 0 0 0 0.0555556 0 0 0 0.166667 0.277778 0.166667 0.333333 0 0 0 0 0 0 0 

608 594 427 53 0 0.538721 0 0 0 0 0 0 0 0 0 0 0 0 0 0 0 0 0 0 0.0555556 0 0.0555556 0.0555556 0.277778 0.222222 0.111111 0.222222 0 0 0 0 0 0 0 

544 520 399 53 0 0.615385 0 0 0 0 0 0 0 0 0 0 0 0 0 0 0 0 0 0 0 0 0 0 0.0625 0.1875 0.3125 0.1875 0.1875 0.0625 0 0 0 0 0 

608 587 430 53 0 0.545145 0 0 0 0 0 0 0 0 0 0 0 0 0 0 0 0 0 0 0 0.0555556 0 0.111111 0.166667 0.0555556 0.388889 0.166667 0.0555556 0 0 0 0 0 0 

608 587 425 53 0 0.545145 0 0 0 0 0 0 0 0 0 0 0 0 0 0 0 0 0 0 0 0 0.0555556 0.111111 0.166667 0.222222 0.333333 0.111111 0 0 0 0 0 0 0 

576 550 403 53 0 0.581818 0 0 0 0 0 0 0 0 0 0 0 0 0 0 0 0 0 0 0.0588235 0 0.0588235 0 0.117647 0.176471 0.352941 0.117647 0.117647 0 0 0 0 0 0 

576 548 401 53 0 0.583942 0 0 0 0 0 0 0 0 0 0 0 0 0 0 0 0 0 0 0 0 0.117647 0 0.235294 0.176471 0.176471 0.235294 0 0 0.0588235 0 0 0 0 

576 548 392 53 0 0.583942 0 0 0 0 0 0 0 0 0 0 0 0 0 0 0 0 0 0 0 0 0 0.235294 0.176471 0.235294 0.235294 0.117647 0 0 0 0 0 0 0 

576 548 394 53 0 0.583942 0 0 0 0 0 0 0 0 0 0 0 0 0 0 0 0 0 0 0 0 0 0.176471 0.235294 0.176471 0.294118 0.117647 0 0 0 0 0 0 0 

608 597 438 53 0 0.536013 0 0 0 0 0 0 0 0 0 0 0 0 0 0 0 0 0 0 0 0 0.111111 0.0555556 0.111111 0.277778 0.222222 0.166667 0.0555556 0 0 0 0 0 0 

608 587 421 53 0 0.545145 0 0 0 0 0 0 0 0 0 0 0 0 0 0 0 0 0 0 0.0555556 0 0 0.111111 0.222222 0.277778 0.222222 0.0555556 0.0555556 0 0 0 0 0 0 

