9600 9600 6964 53 317 0.0003125 0 0 0 0 0 0 0 0 0 0 0 0 0 0 0 0 0 0 0.0100334 0.0234114 0.0301003 0.0936455 0.143813 0.240803 0.247492 0.133779 0.0535117 0.0234114 0 0 0 0 0 

9600 9600 6962 53 317 0.0003125 0 0 0 0 0 0 0 0 0 0 0 0 0 0 0 0 0 0 0.0100334 0.0167224 0.0434783 0.083612 0.133779 0.244147 0.257525 0.143813 0.0501672 0.0167224 0 0 0 0 0 

9600 9600 6958 53 317 0.0003125 0 0 0 0 0 0 0 0 0 0 0 0 0 0 0 0 0 0.00334448 0 0.0200669 0.0468227 0.083612 0.180602 0.210702 0.227425 0.140468 0.0668896 0.0167224 0.00334448 0 0 0 0 

9600 9600 6961 53 317 0.0003125 0 0 0 0 0 0 0 0 0 0 0 0 0 0 0 0 0.00334448 0 0.00668896 0.0234114 0.0401338 0.0936455 0.157191 0.207358 0.244147 0.137124 0.0602007 0.0234114 0 0.00334448 0 0 0 

9600 9600 6981 53 317 0.0003125 0 0 0 0 0 0 0 0 0 0 0 0 0 0 0 0 0 0 0.00334448 0.0200669 0.0434783 0.110368 0.157191 0.204013 0.204013 0.140468 0.083612 0.0267559 0.00668896 0 0 0 0 

9600 9600 7004 53 317 0.0003125 0 0 0 0 0 0 0 0 0 0 0 0 0 0 0 0 0 0 0.00668896 0.0100334 0.0501672 0.0602007 0.173913 0.217391 0.237458 0.143813 0.0735786 0.0200669 0.00668896 0 0 0 0 

9600 9600 6964 53 317 0.0003125 0 0 0 0 0 0 0 0 0 0 0 0 0 0 0 0 0 0 0.00334448 0.0301003 0.0568562 0.09699 0.140468 0.197324 0.204013 0.177258 0.0869565 0.00334448 0.00334448 0 0 0 0 

9600 9600 6975 53 317 0.0003125 0 0 0 0 0 0 0 0 0 0 0 0 0 0 0 0 0 0 0.0200669 0.0234114 0.0334448 0.0635452 0.160535 0.254181 0.170569 0.180602 0.0735786 0.0167224 0.00334448 0 0 0 0 

9600 9600 7007 53 317 0.0003125 0 0 0 0 0 0 0 0 0 0 0 0 0 0 0 0 0 0.00334448 0.0100334 0.0133779 0.0234114 0.100334 0.147157 0.204013 0.227425 0.170569 0.0802676 0.0167224 0.00334448 0 0 0 0 

9600 9600 6968 53 317 0.0003125 0 0 0 0 0 0 0 0 0 0 0 0 0 0 0 0 0 0.0100334 0.00334448 0.0100334 0.0468227 0.0769231 0.16388 0.237458 0.200669 0.16388 0.0735786 0.0133779 0 0 0 0 0 

