416 395 274 37 0 0.405063 0 0 0 0 0 0 0 0 0 0 0 0 0 0 0 0 0 0 0.0833333 0.0833333 0 0.0833333 0.333333 0.25 0.166667 0 0 0 0 0 0 0 0 

608 592 431 37 0 0.27027 0 0 0 0 0 0 0 0 0 0 0 0 0 0 0 0 0 0 0 0.0555556 0.111111 0.0555556 0.111111 0.222222 0.166667 0.166667 0.111111 0 0 0 0 0 0 

416 395 302 37 0 0.405063 0 0 0 0 0 0 0 0 0 0 0 0 0 0 0 0 0 0 0 0 0.166667 0 0 0.166667 0.166667 0.166667 0.0833333 0.25 0 0 0 0 0 

608 592 435 37 0 0.27027 0 0 0 0 0 0 0 0 0 0 0 0 0 0 0 0 0 0 0 0 0 0.166667 0.166667 0.222222 0.222222 0.111111 0.111111 0 0 0 0 0 0 

416 395 296 37 0 0.405063 0 0 0 0 0 0 0 0 0 0 0 0 0 0 0 0 0 0 0 0 0 0.0833333 0.0833333 0.0833333 0.5 0.25 0 0 0 0 0 0 0 

416 395 290 37 0 0.405063 0 0 0 0 0 0 0 0 0 0 0 0 0 0 0 0 0 0 0 0 0 0.166667 0.25 0.166667 0.166667 0.166667 0 0.0833333 0 0 0 0 0 

576 569 414 37 0 0.281195 0 0 0 0 0 0 0 0 0 0 0 0 0 0 0 0 0 0 0 0 0.117647 0.117647 0.0588235 0.294118 0.294118 0.117647 0 0 0 0 0 0 0 

608 592 427 37 0 0.27027 0 0 0 0 0 0 0 0 0 0 0 0 0 0 0 0 0 0 0 0 0.166667 0.111111 0.166667 0.166667 0.166667 0.111111 0.111111 0 0 0 0 0 0 

416 395 289 37 0 0.405063 0 0 0 0 0 0 0 0 0 0 0 0 0 0 0 0 0 0 0 0 0.0833333 0.0833333 0.166667 0.166667 0.333333 0.0833333 0.0833333 0 0 0 0 0 0 

608 594 416 37 0 0.26936 0 0 0 0 0 0 0 0 0 0 0 0 0 0 0 0 0 0 0.0555556 0.111111 0.111111 0.0555556 0.111111 0.333333 0.0555556 0.166667 0 0 0 0 0 0 0 

416 395 292 37 0 0.405063 0 0 0 0 0 0 0 0 0 0 0 0 0 0 0 0 0 0 0 0 0 0.0833333 0.416667 0.166667 0.0833333 0 0.0833333 0.166667 0 0 0 0 0 

512 505 371 37 0 0.316832 0 0 0 0 0 0 0 0 0 0 0 0 0 0 0 0 0 0 0 0 0 0.2 0.133333 0.266667 0.266667 0.0666667 0.0666667 0 0 0 0 0 0 

416 395 293 37 0 0.405063 0 0 0 0 0 0 0 0 0 0 0 0 0 0 0 0 0 0 0 0 0.166667 0 0.0833333 0.0833333 0.416667 0.166667 0 0.0833333 0 0 0 0 0 

416 395 290 37 0 0.405063 0 0 0 0 0 0 0 0 0 0 0 0 0 0 0 0 0 0 0 0 0.0833333 0 0.0833333 0.5 0.0833333 0.25 0 0 0 0 0 0 0 

416 395 288 37 0 0.405063 0 0 0 0 0 0 0 0 0 0 0 0 0 0 0 0 0 0 0 0 0.0833333 0 0.25 0.166667 0.416667 0.0833333 0 0 0 0 0 0 0 

416 395 285 37 0 0.405063 0 0 0 0 0 0 0 0 0 0 0 0 0 0 0 0 0 0 0.0833333 0 0.0833333 0.0833333 0.0833333 0.25 0.25 0 0.166667 0 0 0 0 0 0 

416 395 283 37 0 0.405063 0 0 0 0 0 0 0 0 0 0 0 0 0 0 0 0 0 0 0 0.0833333 0.0833333 0.166667 0 0.333333 0.166667 0.0833333 0.0833333 0 0 0 0 0 0 

416 395 306 37 0 0.405063 0 0 0 0 0 0 0 0 0 0 0 0 0 0 0 0 0 0 0 0 0 0 0 0.0833333 0.333333 0.5 0.0833333 0 0 0 0 0 0 

416 395 284 37 0 0.405063 0 0 0 0 0 0 0 0 0 0 0 0 0 0 0 0 0 0 0 0 0 0.166667 0.25 0.25 0.333333 0 0 0 0 0 0 0 0 

416 395 281 37 0 0.405063 0 0 0 0 0 0 0 0 0 0 0 0 0 0 0 0 0 0 0 0 0 0.333333 0.0833333 0.416667 0.0833333 0.0833333 0 0 0 0 0 0 0 

416 395 299 37 0 0.405063 0 0 0 0 0 0 0 0 0 0 0 0 0 0 0 0 0 0 0 0 0 0.0833333 0 0.333333 0.333333 0.0833333 0.0833333 0 0.0833333 0 0 0 0 

608 592 439 37 0 0.27027 0 0 0 0 0 0 0 0 0 0 0 0 0 0 0 0 0 0 0 0.0555556 0 0 0.0555556 0.444444 0.277778 0.0555556 0.0555556 0.0555556 0 0 0 0 0 

672 661 487 37 0 0.242057 0 0 0 0 0 0 0 0 0 0 0 0 0 0 0 0 0 0 0 0 0.1 0.05 0.2 0.25 0.15 0.1 0.05 0.1 0 0 0 0 0 

416 395 288 37 0 0.405063 0 0 0 0 0 0 0 0 0 0 0 0 0 0 0 0 0 0 0 0.0833333 0 0.333333 0 0 0.25 0.166667 0.166667 0 0 0 0 0 0 

416 395 288 37 0 0.405063 0 0 0 0 0 0 0 0 0 0 0 0 0 0 0 0 0 0 0 0 0 0.0833333 0.25 0.333333 0.166667 0.166667 0 0 0 0 0 0 0 

416 395 294 37 0 0.405063 0 0 0 0 0 0 0 0 0 0 0 0 0 0 0 0 0 0 0 0 0 0.0833333 0.0833333 0.166667 0.5 0.166667 0 0 0 0 0 0 0 

416 395 284 37 0 0.405063 0 0 0 0 0 0 0 0 0 0 0 0 0 0 0 0 0 0 0 0 0 0.0833333 0.416667 0.333333 0.0833333 0 0.0833333 0 0 0 0 0 0 

416 395 290 37 0 0.405063 0 0 0 0 0 0 0 0 0 0 0 0 0 0 0 0 0 0 0 0 0 0.166667 0.166667 0.166667 0.333333 0.0833333 0.0833333 0 0 0 0 0 0 

416 395 284 37 0 0.405063 0 0 0 0 0 0 0 0 0 0 0 0 0 0 0 0 0 0 0 0 0 0.0833333 0.5 0.166667 0.166667 0 0.0833333 0 0 0 0 0 0 

416 395 292 37 0 0.405063 0 0 0 0 0 0 0 0 0 0 0 0 0 0 0 0 0 0 0 0 0 0.0833333 0.0833333 0.5 0 0.333333 0 0 0 0 0 0 0 

416 395 288 37 0 0.405063 0 0 0 0 0 0 0 0 0 0 0 0 0 0 0 0 0 0 0 0.0833333 0 0 0.25 0.166667 0.333333 0.166667 0 0 0 0 0 0 0 

672 663 494 37 0 0.241327 0 0 0 0 0 0 0 0 0 0 0 0 0 0 0 0 0 0 0 0.1 0.05 0 0.15 0.15 0.2 0.15 0.05 0.15 0 0 0 0 0 

416 395 299 37 0 0.405063 0 0 0 0 0 0 0 0 0 0 0 0 0 0 0 0 0 0 0 0 0 0 0.166667 0.166667 0.416667 0.0833333 0.0833333 0.0833333 0 0 0 0 0 

416 395 295 37 0 0.405063 0 0 0 0 0 0 0 0 0 0 0 0 0 0 0 0 0 0 0 0.0833333 0 0 0.0833333 0.333333 0.166667 0.166667 0.0833333 0.0833333 0 0 0 0 0 

416 395 286 37 0 0.405063 0 0 0 0 0 0 0 0 0 0 0 0 0 0 0 0 0 0 0 0 0.0833333 0.0833333 0.166667 0.416667 0 0.25 0 0 0 0 0 0 0 

416 395 291 37 0 0.405063 0 0 0 0 0 0 0 0 0 0 0 0 0 0 0 0 0 0 0 0 0 0 0.333333 0.25 0.166667 0.25 0 0 0 0 0 0 0 

416 395 294 37 0 0.405063 0 0 0 0 0 0 0 0 0 0 0 0 0 0 0 0 0 0 0 0 0 0.0833333 0.0833333 0.416667 0.0833333 0.25 0.0833333 0 0 0 0 0 0 

416 395 292 37 0 0.405063 0 0 0 0 0 0 0 0 0 0 0 0 0 0 0 0 0 0 0 0 0 0.166667 0.0833333 0.333333 0.166667 0.166667 0 0.0833333 0 0 0 0 0 

416 395 297 37 0 0.405063 0 0 0 0 0 0 0 0 0 0 0 0 0 0 0 0 0 0 0 0 0 0.0833333 0.166667 0.0833333 0.333333 0.25 0 0.0833333 0 0 0 0 0 

416 395 289 37 0 0.405063 0 0 0 0 0 0 0 0 0 0 0 0 0 0 0 0 0 0 0 0 0.0833333 0.0833333 0.25 0.166667 0.166667 0.166667 0 0.0833333 0 0 0 0 0 

416 395 287 37 0 0.405063 0 0 0 0 0 0 0 0 0 0 0 0 0 0 0 0 0 0 0 0 0 0.166667 0.25 0.166667 0.25 0.166667 0 0 0 0 0 0 0 

416 395 289 37 0 0.405063 0 0 0 0 0 0 0 0 0 0 0 0 0 0 0 0 0 0 0 0.166667 0 0 0 0.416667 0.0833333 0.25 0.0833333 0 0 0 0 0 0 

416 395 284 37 0 0.405063 0 0 0 0 0 0 0 0 0 0 0 0 0 0 0 0 0 0 0.0833333 0 0 0.0833333 0.25 0.333333 0.0833333 0 0.166667 0 0 0 0 0 0 

416 395 287 37 0 0.405063 0 0 0 0 0 0 0 0 0 0 0 0 0 0 0 0 0 0 0 0 0.166667 0.0833333 0.166667 0.0833333 0.25 0.166667 0.0833333 0 0 0 0 0 0 

416 395 295 37 0 0.405063 0 0 0 0 0 0 0 0 0 0 0 0 0 0 0 0 0 0 0 0 0 0.0833333 0.0833333 0.333333 0.0833333 0.416667 0 0 0 0 0 0 0 

416 395 294 37 0 0.405063 0 0 0 0 0 0 0 0 0 0 0 0 0 0 0 0 0 0 0 0.0833333 0 0.0833333 0.0833333 0.0833333 0.25 0.333333 0.0833333 0 0 0 0 0 0 

416 395 294 37 0 0.405063 0 0 0 0 0 0 0 0 0 0 0 0 0 0 0 0 0 0 0 0 0 0 0.333333 0.0833333 0.25 0.333333 0 0 0 0 0 0 0 

416 395 287 37 0 0.405063 0 0 0 0 0 0 0 0 0 0 0 0 0 0 0 0 0 0 0 0 0.166667 0.166667 0.0833333 0.0833333 0.25 0.166667 0 0.0833333 0 0 0 0 0 

416 395 288 37 0 0.405063 0 0 0 0 0 0 0 0 0 0 0 0 0 0 0 0 0 0 0 0 0 0.166667 0.166667 0.25 0.25 0.166667 0 0 0 0 0 0 0 

512 505 375 37 0 0.316832 0 0 0 0 0 0 0 0 0 0 0 0 0 0 0 0 0 0 0 0 0 0.133333 0.0666667 0.2 0.533333 0.0666667 0 0 0 0 0 0 0 

416 395 285 37 0 0.405063 0 0 0 0 0 0 0 0 0 0 0 0 0 0 0 0 0 0 0 0.0833333 0.0833333 0 0.166667 0.416667 0.0833333 0.0833333 0 0.0833333 0 0 0 0 0 

416 395 278 37 0 0.405063 0 0 0 0 0 0 0 0 0 0 0 0 0 0 0 0 0 0 0 0 0.25 0 0.166667 0.416667 0.166667 0 0 0 0 0 0 0 0 

608 594 436 37 0 0.26936 0 0 0 0 0 0 0 0 0 0 0 0 0 0 0 0 0 0 0 0.0555556 0.0555556 0.0555556 0.0555556 0.388889 0.111111 0.166667 0.111111 0 0 0 0 0 0 

416 395 284 37 0 0.405063 0 0 0 0 0 0 0 0 0 0 0 0 0 0 0 0 0 0 0 0 0.0833333 0.166667 0.0833333 0.416667 0.0833333 0.166667 0 0 0 0 0 0 0 

416 395 292 37 0 0.405063 0 0 0 0 0 0 0 0 0 0 0 0 0 0 0 0 0 0 0 0.0833333 0 0 0.0833333 0.25 0.333333 0.25 0 0 0 0 0 0 0 

608 592 426 37 0 0.27027 0 0 0 0 0 0 0 0 0 0 0 0 0 0 0 0 0 0.0555556 0 0 0 0.0555556 0.277778 0.277778 0.166667 0.166667 0 0 0 0 0 0 0 

416 395 291 37 0 0.405063 0 0 0 0 0 0 0 0 0 0 0 0 0 0 0 0 0 0 0 0 0.0833333 0 0.0833333 0.333333 0.333333 0.166667 0 0 0 0 0 0 0 

416 395 278 37 0 0.405063 0 0 0 0 0 0 0 0 0 0 0 0 0 0 0 0 0 0 0.0833333 0 0.166667 0.0833333 0.0833333 0.25 0.25 0.0833333 0 0 0 0 0 0 0 

416 395 293 37 0 0.405063 0 0 0 0 0 0 0 0 0 0 0 0 0 0 0 0 0 0 0 0 0 0.0833333 0.166667 0.25 0.333333 0.0833333 0 0.0833333 0 0 0 0 0 

416 395 290 37 0 0.405063 0 0 0 0 0 0 0 0 0 0 0 0 0 0 0 0 0 0 0 0.0833333 0 0.0833333 0.0833333 0.333333 0.0833333 0.25 0.0833333 0 0 0 0 0 0 

416 395 285 37 0 0.405063 0 0 0 0 0 0 0 0 0 0 0 0 0 0 0 0 0 0 0 0 0.0833333 0 0.416667 0.25 0.0833333 0.0833333 0.0833333 0 0 0 0 0 0 

416 395 296 37 0 0.405063 0 0 0 0 0 0 0 0 0 0 0 0 0 0 0 0 0 0 0 0 0 0.0833333 0.0833333 0.25 0.25 0.25 0.0833333 0 0 0 0 0 0 

608 592 420 37 0 0.27027 0 0 0 0 0 0 0 0 0 0 0 0 0 0 0 0 0 0 0 0.0555556 0.111111 0.166667 0.111111 0.277778 0.111111 0.166667 0 0 0 0 0 0 0 

416 395 286 37 0 0.405063 0 0 0 0 0 0 0 0 0 0 0 0 0 0 0 0 0 0 0 0.0833333 0.0833333 0 0.166667 0.333333 0.0833333 0.166667 0.0833333 0 0 0 0 0 0 

416 395 288 37 0 0.405063 0 0 0 0 0 0 0 0 0 0 0 0 0 0 0 0 0 0 0 0 0.0833333 0.0833333 0.166667 0.416667 0 0.0833333 0.166667 0 0 0 0 0 0 

608 592 424 37 0 0.27027 0 0 0 0 0 0 0 0 0 0 0 0 0 0 0 0 0 0 0 0.0555556 0.0555556 0.166667 0.111111 0.166667 0.388889 0.0555556 0 0 0 0 0 0 0 

416 395 289 37 0 0.405063 0 0 0 0 0 0 0 0 0 0 0 0 0 0 0 0 0 0 0.0833333 0 0 0.0833333 0.0833333 0.166667 0.333333 0.25 0 0 0 0 0 0 0 

416 395 285 37 0 0.405063 0 0 0 0 0 0 0 0 0 0 0 0 0 0 0 0 0 0 0 0 0.0833333 0 0.416667 0.0833333 0.333333 0.0833333 0 0 0 0 0 0 0 

416 395 294 37 0 0.405063 0 0 0 0 0 0 0 0 0 0 0 0 0 0 0 0 0 0 0 0 0 0 0.0833333 0.5 0.25 0.0833333 0.0833333 0 0 0 0 0 0 

416 395 291 37 0 0.405063 0 0 0 0 0 0 0 0 0 0 0 0 0 0 0 0 0 0 0 0 0 0 0.25 0.25 0.416667 0.0833333 0 0 0 0 0 0 0 

608 592 433 37 0 0.27027 0 0 0 0 0 0 0 0 0 0 0 0 0 0 0 0 0 0 0 0 0.166667 0.0555556 0.222222 0.0555556 0.277778 0.0555556 0.0555556 0.111111 0 0 0 0 0 

416 395 295 37 0 0.405063 0 0 0 0 0 0 0 0 0 0 0 0 0 0 0 0 0 0 0 0 0 0 0.333333 0.0833333 0.25 0.25 0.0833333 0 0 0 0 0 0 

416 395 279 37 0 0.405063 0 0 0 0 0 0 0 0 0 0 0 0 0 0 0 0 0 0 0 0.0833333 0 0.25 0.25 0.166667 0.0833333 0.166667 0 0 0 0 0 0 0 

416 395 289 37 0 0.405063 0 0 0 0 0 0 0 0 0 0 0 0 0 0 0 0 0 0 0 0 0 0 0.25 0.5 0.166667 0 0.0833333 0 0 0 0 0 0 

416 395 284 37 0 0.405063 0 0 0 0 0 0 0 0 0 0 0 0 0 0 0 0 0 0 0 0 0 0.333333 0.0833333 0.25 0.166667 0.166667 0 0 0 0 0 0 0 

416 395 284 37 0 0.405063 0 0 0 0 0 0 0 0 0 0 0 0 0 0 0 0 0 0 0.0833333 0 0.0833333 0.0833333 0 0.333333 0.25 0.166667 0 0 0 0 0 0 0 

672 662 487 37 0 0.241692 0 0 0 0 0 0 0 0 0 0 0 0 0 0 0 0 0 0 0.05 0.05 0 0.05 0 0.3 0.3 0.25 0 0 0 0 0 0 0 

416 395 291 37 0 0.405063 0 0 0 0 0 0 0 0 0 0 0 0 0 0 0 0 0 0 0 0.0833333 0.0833333 0.25 0 0 0.0833333 0.25 0.166667 0.0833333 0 0 0 0 0 

416 395 296 37 0 0.405063 0 0 0 0 0 0 0 0 0 0 0 0 0 0 0 0 0 0 0 0 0 0 0.25 0.166667 0.166667 0.416667 0 0 0 0 0 0 0 

416 395 292 37 0 0.405063 0 0 0 0 0 0 0 0 0 0 0 0 0 0 0 0 0 0.0833333 0 0 0 0 0.166667 0.166667 0.25 0.25 0 0.0833333 0 0 0 0 0 

416 395 297 37 0 0.405063 0 0 0 0 0 0 0 0 0 0 0 0 0 0 0 0 0 0 0 0 0 0 0.25 0.25 0.25 0.0833333 0.0833333 0 0.0833333 0 0 0 0 

416 395 289 37 0 0.405063 0 0 0 0 0 0 0 0 0 0 0 0 0 0 0 0 0 0 0 0.0833333 0 0.0833333 0 0.416667 0.166667 0.25 0 0 0 0 0 0 0 

512 505 373 37 0 0.316832 0 0 0 0 0 0 0 0 0 0 0 0 0 0 0 0 0 0 0.0666667 0 0 0.133333 0.0666667 0.266667 0.133333 0.266667 0.0666667 0 0 0 0 0 0 

416 395 281 37 0 0.405063 0 0 0 0 0 0 0 0 0 0 0 0 0 0 0 0 0 0 0 0 0.0833333 0.166667 0.333333 0.25 0 0.0833333 0.0833333 0 0 0 0 0 0 

416 395 296 37 0 0.405063 0 0 0 0 0 0 0 0 0 0 0 0 0 0 0 0 0 0 0 0 0.0833333 0 0.0833333 0.0833333 0.416667 0.333333 0 0 0 0 0 0 0 

512 505 370 37 0 0.316832 0 0 0 0 0 0 0 0 0 0 0 0 0 0 0 0 0 0 0 0 0.0666667 0.0666667 0.133333 0.333333 0.333333 0.0666667 0 0 0 0 0 0 0 

416 395 288 37 0 0.405063 0 0 0 0 0 0 0 0 0 0 0 0 0 0 0 0 0 0 0 0 0.0833333 0.0833333 0.166667 0.333333 0.0833333 0.166667 0.0833333 0 0 0 0 0 0 

416 395 286 37 0 0.405063 0 0 0 0 0 0 0 0 0 0 0 0 0 0 0 0 0 0 0 0.0833333 0.0833333 0.166667 0.0833333 0.0833333 0.25 0.166667 0 0.0833333 0 0 0 0 0 

416 395 292 37 0 0.405063 0 0 0 0 0 0 0 0 0 0 0 0 0 0 0 0 0 0 0 0 0 0 0.25 0.333333 0.166667 0.25 0 0 0 0 0 0 0 

416 395 289 37 0 0.405063 0 0 0 0 0 0 0 0 0 0 0 0 0 0 0 0 0 0 0 0 0 0.166667 0.25 0.0833333 0.25 0.25 0 0 0 0 0 0 0 

416 395 296 37 0 0.405063 0 0 0 0 0 0 0 0 0 0 0 0 0 0 0 0 0 0 0 0 0 0 0.0833333 0.416667 0.333333 0 0.166667 0 0 0 0 0 0 

416 395 287 37 0 0.405063 0 0 0 0 0 0 0 0 0 0 0 0 0 0 0 0 0 0 0 0 0 0.25 0.25 0.166667 0.0833333 0.0833333 0.166667 0 0 0 0 0 0 

416 395 282 37 0 0.405063 0 0 0 0 0 0 0 0 0 0 0 0 0 0 0 0 0 0 0 0 0 0.0833333 0.416667 0.416667 0 0.0833333 0 0 0 0 0 0 0 

416 395 292 37 0 0.405063 0 0 0 0 0 0 0 0 0 0 0 0 0 0 0 0 0 0 0 0.0833333 0 0 0.166667 0.166667 0.333333 0.166667 0.0833333 0 0 0 0 0 0 

416 395 284 37 0 0.405063 0 0 0 0 0 0 0 0 0 0 0 0 0 0 0 0 0 0 0.0833333 0 0.0833333 0 0.25 0.333333 0 0.166667 0 0.0833333 0 0 0 0 0 

416 395 295 37 0 0.405063 0 0 0 0 0 0 0 0 0 0 0 0 0 0 0 0 0 0 0 0 0 0.0833333 0.0833333 0.416667 0.0833333 0.166667 0.166667 0 0 0 0 0 0 

416 395 285 37 0 0.405063 0 0 0 0 0 0 0 0 0 0 0 0 0 0 0 0 0 0 0 0.166667 0.0833333 0.0833333 0.0833333 0.0833333 0.0833333 0.333333 0.0833333 0 0 0 0 0 0 

416 395 291 37 0 0.405063 0 0 0 0 0 0 0 0 0 0 0 0 0 0 0 0 0 0 0 0 0 0.0833333 0.166667 0.416667 0.166667 0 0.166667 0 0 0 0 0 0 

608 600 438 37 0 0.266667 0 0 0 0 0 0 0 0 0 0 0 0 0 0 0 0 0 0 0.0555556 0 0.0555556 0.0555556 0.166667 0.277778 0.222222 0.0555556 0.0555556 0.0555556 0 0 0 0 0 

416 395 290 37 0 0.405063 0 0 0 0 0 0 0 0 0 0 0 0 0 0 0 0 0 0 0 0 0 0.0833333 0.166667 0.333333 0.25 0.166667 0 0 0 0 0 0 0 

