992 967 699 75 0 0.661841 0 0 0 0 0 0 0 0 0 0 0 0 0 0 0 0 0 0.0333333 0 0.0333333 0.0333333 0.0666667 0.166667 0.2 0.233333 0.133333 0.1 0 0 0 0 0 0 

1024 993 713 75 0 0.644512 0 0 0 0 0 0 0 0 0 0 0 0 0 0 0 0 0 0 0 0.0322581 0.0645161 0.16129 0.0967742 0.290323 0.129032 0.16129 0.0322581 0 0.0322581 0 0 0 0 

992 972 698 75 0 0.658436 0 0 0 0 0 0 0 0 0 0 0 0 0 0 0 0 0 0 0 0.0666667 0.1 0.0666667 0.1 0.2 0.266667 0.2 0 0 0 0 0 0 0 

992 969 690 75 0 0.660475 0 0 0 0 0 0 0 0 0 0 0 0 0 0 0 0 0 0 0 0.0333333 0.1 0.166667 0.1 0.2 0.266667 0.1 0.0333333 0 0 0 0 0 0 

960 931 678 75 0 0.687433 0 0 0 0 0 0 0 0 0 0 0 0 0 0 0 0 0 0 0 0 0 0.0689655 0.275862 0.241379 0.172414 0.206897 0.0344828 0 0 0 0 0 0 

992 964 700 75 0 0.6639 0 0 0 0 0 0 0 0 0 0 0 0 0 0 0 0 0 0 0 0 0 0.1 0.133333 0.333333 0.333333 0.1 0 0 0 0 0 0 0 

992 966 708 75 0 0.662526 0 0 0 0 0 0 0 0 0 0 0 0 0 0 0 0 0 0 0 0.0333333 0 0.1 0.166667 0.166667 0.233333 0.233333 0.0666667 0 0 0 0 0 0 

960 934 677 75 0 0.685225 0 0 0 0 0 0 0 0 0 0 0 0 0 0 0 0 0 0 0.0344828 0.0344828 0 0.103448 0.172414 0.241379 0.137931 0.137931 0.137931 0 0 0 0 0 0 

960 931 677 75 0 0.687433 0 0 0 0 0 0 0 0 0 0 0 0 0 0 0 0 0 0 0 0 0 0.0689655 0.310345 0.275862 0.137931 0.0689655 0.137931 0 0 0 0 0 0 

992 966 712 75 0 0.662526 0 0 0 0 0 0 0 0 0 0 0 0 0 0 0 0 0 0 0 0.0333333 0.0666667 0.0333333 0.1 0.2 0.2 0.266667 0.1 0 0 0 0 0 0 

928 900 660 75 0 0.711111 0 0 0 0 0 0 0 0 0 0 0 0 0 0 0 0 0 0 0 0 0.0357143 0.178571 0.142857 0.0714286 0.178571 0.321429 0.0714286 0 0 0 0 0 0 

960 934 690 75 0 0.685225 0 0 0 0 0 0 0 0 0 0 0 0 0 0 0 0 0 0 0 0 0.0344828 0 0.241379 0.103448 0.37931 0.172414 0.0689655 0 0 0 0 0 0 

1056 1029 733 75 0 0.621963 0 0 0 0 0 0 0 0 0 0 0 0 0 0 0 0 0 0 0 0.03125 0.125 0.09375 0.15625 0.15625 0.28125 0.15625 0 0 0 0 0 0 0 

992 971 691 75 0 0.659114 0 0 0 0 0 0 0 0 0 0 0 0 0 0 0 0 0 0 0.0333333 0 0.0666667 0.166667 0.2 0.133333 0.3 0.0666667 0 0.0333333 0 0 0 0 0 

992 967 700 75 0 0.661841 0 0 0 0 0 0 0 0 0 0 0 0 0 0 0 0 0 0 0 0.0333333 0.133333 0.1 0.133333 0.0666667 0.266667 0.133333 0.1 0.0333333 0 0 0 0 0 

992 964 707 75 0 0.6639 0 0 0 0 0 0 0 0 0 0 0 0 0 0 0 0 0 0 0 0 0.0333333 0.0666667 0.2 0.2 0.233333 0.166667 0.1 0 0 0 0 0 0 

992 969 695 75 0 0.660475 0 0 0 0 0 0 0 0 0 0 0 0 0 0 0 0 0 0 0 0.0333333 0.0333333 0.1 0.166667 0.366667 0.166667 0.1 0.0333333 0 0 0 0 0 0 

1024 996 706 75 0 0.64257 0 0 0 0 0 0 0 0 0 0 0 0 0 0 0 0 0 0 0.0322581 0 0 0.225806 0.225806 0.16129 0.225806 0.129032 0 0 0 0 0 0 0 

992 967 700 75 0 0.661841 0 0 0 0 0 0 0 0 0 0 0 0 0 0 0 0 0 0 0 0.0666667 0 0.1 0.133333 0.2 0.3 0.2 0 0 0 0 0 0 0 

992 964 704 75 0 0.6639 0 0 0 0 0 0 0 0 0 0 0 0 0 0 0 0 0 0 0 0.0333333 0 0.166667 0.0666667 0.2 0.333333 0.1 0.0666667 0.0333333 0 0 0 0 0 

992 971 687 75 0 0.659114 0 0 0 0 0 0 0 0 0 0 0 0 0 0 0 0 0 0 0.0333333 0 0.1 0.2 0.1 0.3 0.133333 0.0666667 0.0333333 0.0333333 0 0 0 0 0 

992 964 707 75 0 0.6639 0 0 0 0 0 0 0 0 0 0 0 0 0 0 0 0 0 0 0 0 0.0333333 0.166667 0.0666667 0.133333 0.366667 0.133333 0.1 0 0 0 0 0 0 

992 971 711 75 0 0.659114 0 0 0 0 0 0 0 0 0 0 0 0 0 0 0 0 0 0 0 0.0333333 0.0666667 0.0666667 0.2 0.133333 0.166667 0.166667 0.166667 0 0 0 0 0 0 

992 969 701 75 0 0.660475 0 0 0 0 0 0 0 0 0 0 0 0 0 0 0 0 0 0 0.0333333 0 0 0.1 0.2 0.3 0.166667 0.133333 0.0666667 0 0 0 0 0 0 

1056 1029 738 75 0 0.621963 0 0 0 0 0 0 0 0 0 0 0 0 0 0 0 0 0 0 0 0.0625 0.0625 0.09375 0.09375 0.25 0.28125 0.125 0.03125 0 0 0 0 0 0 

928 900 672 75 0 0.711111 0 0 0 0 0 0 0 0 0 0 0 0 0 0 0 0 0 0 0 0 0 0.107143 0.107143 0.285714 0.142857 0.142857 0.142857 0.0357143 0.0357143 0 0 0 0 

1024 993 707 75 0 0.644512 0 0 0 0 0 0 0 0 0 0 0 0 0 0 0 0 0 0 0.0322581 0 0.0645161 0.129032 0.193548 0.225806 0.16129 0.16129 0.0322581 0 0 0 0 0 0 

992 966 717 75 0 0.662526 0 0 0 0 0 0 0 0 0 0 0 0 0 0 0 0 0 0 0 0 0.0666667 0.0666667 0.1 0.166667 0.2 0.3 0.0666667 0.0333333 0 0 0 0 0 

1024 996 720 75 0 0.64257 0 0 0 0 0 0 0 0 0 0 0 0 0 0 0 0 0 0 0 0 0.0322581 0.193548 0.129032 0.225806 0.225806 0.0967742 0.0967742 0 0 0 0 0 0 

928 900 657 75 0 0.711111 0 0 0 0 0 0 0 0 0 0 0 0 0 0 0 0 0 0 0 0.0357143 0 0.178571 0.142857 0.0714286 0.321429 0.107143 0.142857 0 0 0 0 0 0 

992 971 706 75 0 0.659114 0 0 0 0 0 0 0 0 0 0 0 0 0 0 0 0 0 0 0 0.0333333 0.0333333 0.0666667 0.166667 0.266667 0.233333 0.133333 0.0666667 0 0 0 0 0 0 

992 966 707 75 0 0.662526 0 0 0 0 0 0 0 0 0 0 0 0 0 0 0 0 0 0 0 0 0.1 0.0333333 0.233333 0.1 0.233333 0.166667 0.133333 0 0 0 0 0 0 

992 964 705 75 0 0.6639 0 0 0 0 0 0 0 0 0 0 0 0 0 0 0 0 0 0 0 0 0.0333333 0.0666667 0.2 0.2 0.333333 0.1 0 0.0666667 0 0 0 0 0 

992 967 698 75 0 0.661841 0 0 0 0 0 0 0 0 0 0 0 0 0 0 0 0 0 0 0 0 0.0333333 0.2 0.233333 0.133333 0.133333 0.166667 0.1 0 0 0 0 0 0 

992 964 699 75 0 0.6639 0 0 0 0 0 0 0 0 0 0 0 0 0 0 0 0 0 0 0 0 0.0666667 0.0666667 0.0666667 0.333333 0.366667 0.1 0 0 0 0 0 0 0 

960 934 682 75 0 0.685225 0 0 0 0 0 0 0 0 0 0 0 0 0 0 0 0 0 0 0 0.0344828 0 0.137931 0.172414 0.103448 0.344828 0.137931 0 0.0689655 0 0 0 0 0 

992 969 713 75 0 0.660475 0 0 0 0 0 0 0 0 0 0 0 0 0 0 0 0 0 0 0 0 0 0.166667 0.1 0.2 0.333333 0.0666667 0.1 0.0333333 0 0 0 0 0 

960 934 678 75 0 0.685225 0 0 0 0 0 0 0 0 0 0 0 0 0 0 0 0 0 0 0 0.0344828 0.0344828 0.0344828 0.241379 0.275862 0.206897 0.0689655 0.0689655 0 0.0344828 0 0 0 0 

992 971 700 75 0 0.659114 0 0 0 0 0 0 0 0 0 0 0 0 0 0 0 0 0 0 0 0 0.0666667 0.1 0.2 0.266667 0.2 0.133333 0.0333333 0 0 0 0 0 0 

992 967 699 75 0 0.661841 0 0 0 0 0 0 0 0 0 0 0 0 0 0 0 0 0 0 0 0.0333333 0 0.133333 0.0666667 0.433333 0.2 0.0666667 0.0666667 0 0 0 0 0 0 

1024 993 719 75 0 0.644512 0 0 0 0 0 0 0 0 0 0 0 0 0 0 0 0 0 0 0.0322581 0 0.0645161 0.0967742 0.0967742 0.225806 0.290323 0.129032 0 0.0645161 0 0 0 0 0 

992 966 706 75 0 0.662526 0 0 0 0 0 0 0 0 0 0 0 0 0 0 0 0 0 0 0 0.0333333 0 0.1 0.233333 0.133333 0.166667 0.266667 0.0666667 0 0 0 0 0 0 

992 969 704 75 0 0.660475 0 0 0 0 0 0 0 0 0 0 0 0 0 0 0 0 0 0 0 0.0333333 0.0666667 0.0666667 0.0666667 0.2 0.433333 0.133333 0 0 0 0 0 0 0 

1024 996 716 75 0 0.64257 0 0 0 0 0 0 0 0 0 0 0 0 0 0 0 0 0 0 0 0 0.0645161 0.0967742 0.193548 0.354839 0.129032 0.0645161 0.0967742 0 0 0 0 0 0 

992 969 702 75 0 0.660475 0 0 0 0 0 0 0 0 0 0 0 0 0 0 0 0 0 0 0 0.0666667 0 0.0333333 0.166667 0.333333 0.3 0.0333333 0.0333333 0.0333333 0 0 0 0 0 

1024 996 722 75 0 0.64257 0 0 0 0 0 0 0 0 0 0 0 0 0 0 0 0 0 0 0 0 0.0322581 0.16129 0.225806 0.0322581 0.354839 0.129032 0.0645161 0 0 0 0 0 0 

992 964 711 75 0 0.6639 0 0 0 0 0 0 0 0 0 0 0 0 0 0 0 0 0 0 0 0 0.0333333 0.166667 0.0333333 0.133333 0.4 0.133333 0.0333333 0.0666667 0 0 0 0 0 

992 966 714 75 0 0.662526 0 0 0 0 0 0 0 0 0 0 0 0 0 0 0 0 0 0 0 0.0333333 0.0333333 0.1 0.1 0.166667 0.233333 0.133333 0.166667 0.0333333 0 0 0 0 0 

992 969 694 75 0 0.660475 0 0 0 0 0 0 0 0 0 0 0 0 0 0 0 0 0 0 0 0.0333333 0.133333 0.0666667 0.133333 0.266667 0.233333 0.0666667 0.0333333 0 0.0333333 0 0 0 0 

1024 993 709 75 0 0.644512 0 0 0 0 0 0 0 0 0 0 0 0 0 0 0 0 0 0 0.0322581 0.0645161 0.0322581 0.0967742 0.16129 0.290323 0.0967742 0.0967742 0.0967742 0.0322581 0 0 0 0 0 

960 933 683 75 0 0.685959 0 0 0 0 0 0 0 0 0 0 0 0 0 0 0 0 0 0 0 0 0.0344828 0.0689655 0.137931 0.275862 0.275862 0.137931 0.0689655 0 0 0 0 0 0 

1024 996 711 75 0 0.64257 0 0 0 0 0 0 0 0 0 0 0 0 0 0 0 0 0 0 0 0.0322581 0.129032 0.0645161 0.193548 0.193548 0.193548 0.129032 0.0645161 0 0 0 0 0 0 

992 969 701 75 0 0.660475 0 0 0 0 0 0 0 0 0 0 0 0 0 0 0 0 0 0 0 0 0.1 0.166667 0.0666667 0.233333 0.233333 0.0666667 0.133333 0 0 0 0 0 0 

1024 996 711 75 0 0.64257 0 0 0 0 0 0 0 0 0 0 0 0 0 0 0 0 0 0 0 0.0322581 0.0967742 0.0967742 0.129032 0.322581 0.16129 0.129032 0 0.0322581 0 0 0 0 0 

992 964 706 75 0 0.6639 0 0 0 0 0 0 0 0 0 0 0 0 0 0 0 0 0 0 0 0 0.0333333 0.133333 0.166667 0.2 0.166667 0.2 0.0333333 0.0666667 0 0 0 0 0 

1024 996 723 75 0 0.64257 0 0 0 0 0 0 0 0 0 0 0 0 0 0 0 0 0 0 0 0.0322581 0.0322581 0.0645161 0.225806 0.16129 0.290323 0.0967742 0.0967742 0 0 0 0 0 0 

992 971 706 75 0 0.659114 0 0 0 0 0 0 0 0 0 0 0 0 0 0 0 0 0 0 0 0.0333333 0.0333333 0.166667 0.166667 0.133333 0.2 0.166667 0.0333333 0.0666667 0 0 0 0 0 

992 966 703 75 0 0.662526 0 0 0 0 0 0 0 0 0 0 0 0 0 0 0 0 0 0 0.0333333 0 0 0.1 0.166667 0.266667 0.166667 0.2 0.0666667 0 0 0 0 0 0 

992 964 705 75 0 0.6639 0 0 0 0 0 0 0 0 0 0 0 0 0 0 0 0 0 0 0 0 0 0.133333 0.2 0.2 0.233333 0.166667 0.0333333 0 0.0333333 0 0 0 0 

992 964 697 75 0 0.6639 0 0 0 0 0 0 0 0 0 0 0 0 0 0 0 0 0 0 0.0333333 0.0333333 0.0333333 0.1 0.166667 0.2 0.166667 0.133333 0.1 0.0333333 0 0 0 0 0 

1024 993 711 75 0 0.644512 0 0 0 0 0 0 0 0 0 0 0 0 0 0 0 0 0 0 0 0.0322581 0.0645161 0.0967742 0.258065 0.129032 0.258065 0.0645161 0.0967742 0 0 0 0 0 0 

992 967 704 75 0 0.661841 0 0 0 0 0 0 0 0 0 0 0 0 0 0 0 0 0 0 0 0 0.0333333 0.1 0.2 0.166667 0.3 0.166667 0.0333333 0 0 0 0 0 0 

992 964 704 75 0 0.6639 0 0 0 0 0 0 0 0 0 0 0 0 0 0 0 0 0 0 0 0 0 0.166667 0.166667 0.233333 0.166667 0.2 0.0333333 0 0.0333333 0 0 0 0 

960 934 688 75 0 0.685225 0 0 0 0 0 0 0 0 0 0 0 0 0 0 0 0 0 0 0.0344828 0 0.0344828 0.0344828 0.137931 0.241379 0.206897 0.172414 0.103448 0.0344828 0 0 0 0 0 

1056 1029 737 75 0 0.621963 0 0 0 0 0 0 0 0 0 0 0 0 0 0 0 0 0 0 0 0.03125 0.03125 0.125 0.21875 0.21875 0.1875 0.1875 0 0 0 0 0 0 0 

992 966 705 75 0 0.662526 0 0 0 0 0 0 0 0 0 0 0 0 0 0 0 0 0 0 0.0333333 0 0.0333333 0.133333 0.133333 0.133333 0.266667 0.1 0.166667 0 0 0 0 0 0 

992 967 694 75 0 0.661841 0 0 0 0 0 0 0 0 0 0 0 0 0 0 0 0 0 0 0 0.0333333 0.1 0.0333333 0.1 0.466667 0.1 0.1 0.0666667 0 0 0 0 0 0 

928 900 666 75 0 0.711111 0 0 0 0 0 0 0 0 0 0 0 0 0 0 0 0 0 0 0 0 0.0357143 0 0.25 0.214286 0.214286 0.142857 0.0714286 0.0714286 0 0 0 0 0 

960 933 677 75 0 0.685959 0 0 0 0 0 0 0 0 0 0 0 0 0 0 0 0 0 0 0.0344828 0 0 0.0689655 0.206897 0.275862 0.206897 0.137931 0.0689655 0 0 0 0 0 0 

1024 993 704 75 0 0.644512 0 0 0 0 0 0 0 0 0 0 0 0 0 0 0 0 0 0 0 0 0.0322581 0.16129 0.258065 0.290323 0.16129 0.0967742 0 0 0 0 0 0 0 

1024 994 718 75 0 0.643863 0 0 0 0 0 0 0 0 0 0 0 0 0 0 0 0 0 0 0.0322581 0 0.0322581 0.16129 0.0645161 0.258065 0.258065 0.0967742 0.0967742 0 0 0 0 0 0 

992 969 699 75 0 0.660475 0 0 0 0 0 0 0 0 0 0 0 0 0 0 0 0 0 0 0 0 0.0333333 0.166667 0.166667 0.2 0.266667 0.166667 0 0 0 0 0 0 0 

992 966 711 75 0 0.662526 0 0 0 0 0 0 0 0 0 0 0 0 0 0 0 0 0 0 0 0 0 0.0666667 0.233333 0.233333 0.233333 0.1 0.1 0.0333333 0 0 0 0 0 

1024 996 730 75 0 0.64257 0 0 0 0 0 0 0 0 0 0 0 0 0 0 0 0 0 0 0 0.0322581 0.0645161 0 0.16129 0.225806 0.258065 0.129032 0.129032 0 0 0 0 0 0 

928 900 672 75 0 0.711111 0 0 0 0 0 0 0 0 0 0 0 0 0 0 0 0 0 0 0 0 0 0.0714286 0.214286 0.142857 0.214286 0.214286 0.0714286 0 0.0714286 0 0 0 0 

864 854 642 75 0 0.749415 0 0 0 0 0 0 0 0 0 0 0 0 0 0 0 0 0 0 0 0 0 0.0769231 0.0769231 0.269231 0.192308 0.307692 0.0384615 0.0384615 0 0 0 0 0 

992 967 698 75 0 0.661841 0 0 0 0 0 0 0 0 0 0 0 0 0 0 0 0 0 0 0 0.0333333 0 0.133333 0.166667 0.233333 0.266667 0.166667 0 0 0 0 0 0 0 

992 967 701 75 0 0.661841 0 0 0 0 0 0 0 0 0 0 0 0 0 0 0 0 0 0 0 0.0333333 0 0.0333333 0.3 0.266667 0.166667 0.133333 0.0666667 0 0 0 0 0 0 

992 971 694 75 0 0.659114 0 0 0 0 0 0 0 0 0 0 0 0 0 0 0 0 0 0 0 0 0.1 0.133333 0.166667 0.2 0.3 0.1 0 0 0 0 0 0 0 

992 969 710 75 0 0.660475 0 0 0 0 0 0 0 0 0 0 0 0 0 0 0 0 0 0 0 0 0 0.166667 0.0666667 0.333333 0.233333 0.1 0.0666667 0.0333333 0 0 0 0 0 

960 934 678 75 0 0.685225 0 0 0 0 0 0 0 0 0 0 0 0 0 0 0 0 0 0 0 0.0344828 0 0.0689655 0.206897 0.241379 0.275862 0.137931 0.0344828 0 0 0 0 0 0 

864 853 642 75 0 0.750293 0 0 0 0 0 0 0 0 0 0 0 0 0 0 0 0 0 0 0 0 0.0769231 0.0384615 0.115385 0.115385 0.307692 0.115385 0.153846 0.0769231 0 0 0 0 0 

992 971 693 75 0 0.659114 0 0 0 0 0 0 0 0 0 0 0 0 0 0 0 0 0 0 0 0.0333333 0.1 0.0333333 0.0666667 0.5 0.233333 0.0333333 0 0 0 0 0 0 0 

1024 996 711 75 0 0.64257 0 0 0 0 0 0 0 0 0 0 0 0 0 0 0 0 0 0 0.0322581 0.0322581 0.0645161 0.129032 0.129032 0.129032 0.322581 0.129032 0.0322581 0 0 0 0 0 0 

992 971 703 75 0 0.659114 0 0 0 0 0 0 0 0 0 0 0 0 0 0 0 0 0 0 0 0 0.0333333 0.0333333 0.233333 0.3 0.333333 0.0666667 0 0 0 0 0 0 0 

992 962 708 75 0 0.665281 0 0 0 0 0 0 0 0 0 0 0 0 0 0 0 0 0 0 0 0.0333333 0 0.0666667 0.1 0.2 0.4 0.1 0.1 0 0 0 0 0 0 

992 971 710 75 0 0.659114 0 0 0 0 0 0 0 0 0 0 0 0 0 0 0 0 0 0 0 0.0333333 0 0.133333 0.133333 0.2 0.233333 0.233333 0 0.0333333 0 0 0 0 0 

1024 996 708 75 0 0.64257 0 0 0 0 0 0 0 0 0 0 0 0 0 0 0 0 0 0 0 0 0.0967742 0.0645161 0.290323 0.16129 0.354839 0.0322581 0 0 0 0 0 0 0 

992 969 699 75 0 0.660475 0 0 0 0 0 0 0 0 0 0 0 0 0 0 0 0 0 0 0 0.0333333 0.0666667 0.0666667 0.266667 0.133333 0.2 0.166667 0.0666667 0 0 0 0 0 0 

960 932 677 75 0 0.686695 0 0 0 0 0 0 0 0 0 0 0 0 0 0 0 0 0 0 0 0.0344828 0.0344828 0.137931 0.206897 0.137931 0.137931 0.137931 0.172414 0 0 0 0 0 0 

992 969 698 75 0 0.660475 0 0 0 0 0 0 0 0 0 0 0 0 0 0 0 0 0 0 0 0 0 0.166667 0.3 0.166667 0.2 0.1 0.0666667 0 0 0 0 0 0 

992 967 689 75 0 0.661841 0 0 0 0 0 0 0 0 0 0 0 0 0 0 0 0 0 0 0.0333333 0.0333333 0.133333 0.0666667 0.2 0.1 0.2 0.133333 0.1 0 0 0 0 0 0 

992 971 707 75 0 0.659114 0 0 0 0 0 0 0 0 0 0 0 0 0 0 0 0 0 0 0 0 0.0333333 0.133333 0.166667 0.166667 0.333333 0.1 0.0666667 0 0 0 0 0 0 

960 934 686 75 0 0.685225 0 0 0 0 0 0 0 0 0 0 0 0 0 0 0 0 0 0 0 0.0344828 0.0344828 0.0344828 0.206897 0.103448 0.310345 0.206897 0.0344828 0.0344828 0 0 0 0 0 

992 967 701 75 0 0.661841 0 0 0 0 0 0 0 0 0 0 0 0 0 0 0 0 0 0 0 0 0.0666667 0.166667 0.166667 0.133333 0.266667 0.0666667 0.1 0.0333333 0 0 0 0 0 

992 964 697 75 0 0.6639 0 0 0 0 0 0 0 0 0 0 0 0 0 0 0 0 0 0 0 0.0333333 0.0666667 0.0333333 0.233333 0.166667 0.233333 0.2 0.0333333 0 0 0 0 0 0 

992 971 719 75 0 0.659114 0 0 0 0 0 0 0 0 0 0 0 0 0 0 0 0 0 0 0 0 0.0666667 0 0.2 0.2 0.266667 0.133333 0.0666667 0.0666667 0 0 0 0 0 

1024 995 712 75 0 0.643216 0 0 0 0 0 0 0 0 0 0 0 0 0 0 0 0 0 0.0322581 0 0.0322581 0 0.0645161 0.290323 0.225806 0.16129 0.129032 0.0645161 0 0 0 0 0 0 

1024 993 710 75 0 0.644512 0 0 0 0 0 0 0 0 0 0 0 0 0 0 0 0 0 0 0 0.0322581 0.129032 0.0322581 0.193548 0.225806 0.258065 0.0645161 0 0.0645161 0 0 0 0 0 

864 849 642 75 0 0.753828 0 0 0 0 0 0 0 0 0 0 0 0 0 0 0 0 0 0 0 0.0384615 0.0384615 0 0.0769231 0.0769231 0.346154 0.269231 0.115385 0.0384615 0 0 0 0 0 

