640 618 445 56 0 0.582524 0 0 0 0 0 0 0 0 0 0 0 0 0 0 0 0 0 0 0 0 0 0.210526 0.315789 0.157895 0.105263 0.105263 0.105263 0 0 0 0 0 0 

640 617 461 56 0 0.583468 0 0 0 0 0 0 0 0 0 0 0 0 0 0 0 0 0 0 0 0 0 0.0526316 0.157895 0.105263 0.421053 0.157895 0.105263 0 0 0 0 0 0 

640 618 450 56 0 0.582524 0 0 0 0 0 0 0 0 0 0 0 0 0 0 0 0 0 0 0 0 0 0.157895 0.105263 0.210526 0.473684 0.0526316 0 0 0 0 0 0 0 

640 618 449 56 0 0.582524 0 0 0 0 0 0 0 0 0 0 0 0 0 0 0 0 0 0 0 0 0.105263 0.105263 0.105263 0.263158 0.157895 0.210526 0.0526316 0 0 0 0 0 0 

640 618 442 56 0 0.582524 0 0 0 0 0 0 0 0 0 0 0 0 0 0 0 0 0 0 0 0 0.105263 0.210526 0.105263 0.210526 0.157895 0.210526 0 0 0 0 0 0 0 

640 618 449 56 0 0.582524 0 0 0 0 0 0 0 0 0 0 0 0 0 0 0 0 0 0 0.0526316 0 0 0 0.263158 0.315789 0.157895 0.157895 0.0526316 0 0 0 0 0 0 

640 618 445 56 0 0.582524 0 0 0 0 0 0 0 0 0 0 0 0 0 0 0 0 0 0 0 0.0526316 0 0.157895 0.263158 0.157895 0.157895 0.157895 0 0.0526316 0 0 0 0 0 

640 618 449 56 0 0.582524 0 0 0 0 0 0 0 0 0 0 0 0 0 0 0 0 0 0 0 0 0.0526316 0.0526316 0.263158 0.210526 0.315789 0 0.105263 0 0 0 0 0 0 

736 716 522 56 0 0.502793 0 0 0 0 0 0 0 0 0 0 0 0 0 0 0 0 0 0 0 0.0454545 0.0454545 0.0909091 0.0454545 0.318182 0.227273 0.181818 0.0454545 0 0 0 0 0 0 

640 618 449 56 0 0.582524 0 0 0 0 0 0 0 0 0 0 0 0 0 0 0 0 0 0 0 0.0526316 0.0526316 0.0526316 0.0526316 0.368421 0.263158 0.105263 0.0526316 0 0 0 0 0 0 

