2240 2227 1603 103 0 0.718455 0 0 0 0 0 0 0 0 0 0 0 0 0 0 0 0 0 0 0 0.0289855 0.0144928 0.173913 0.144928 0.231884 0.246377 0.130435 0.0144928 0.0144928 0 0 0 0 0 

2208 2198 1603 102 0 0.727934 0 0 0 0 0 0 0 0 0 0 0 0 0 0 0 0 0 0 0 0 0.0147059 0.132353 0.205882 0.191176 0.235294 0.147059 0.0588235 0.0147059 0 0 0 0 0 

2240 2221 1603 113 0 0.720396 0 0 0 0 0 0 0 0 0 0 0 0 0 0 0 0 0 0 0 0.0434783 0.0289855 0.101449 0.217391 0.217391 0.188406 0.0724638 0.130435 0 0 0 0 0 0 

2208 2195 1603 99 0 0.728929 0 0 0 0 0 0 0 0 0 0 0 0 0 0 0 0 0 0 0 0 0.0441176 0.0735294 0.205882 0.205882 0.264706 0.132353 0.0441176 0.0294118 0 0 0 0 0 

2240 2228 1603 105 0 0.718133 0 0 0 0 0 0 0 0 0 0 0 0 0 0 0 0 0 0 0 0.0289855 0.057971 0.0434783 0.318841 0.202899 0.188406 0.057971 0.0724638 0.0289855 0 0 0 0 0 

2208 2199 1603 113 0 0.727603 0 0 0 0 0 0 0 0 0 0 0 0 0 0 0 0 0 0 0 0 0.0882353 0.0882353 0.147059 0.191176 0.25 0.161765 0.0441176 0.0294118 0 0 0 0 0 

2208 2190 1603 107 0 0.730594 0 0 0 0 0 0 0 0 0 0 0 0 0 0 0 0 0 0 0 0.0294118 0.0588235 0.0294118 0.161765 0.176471 0.279412 0.191176 0.0735294 0 0 0 0 0 0 

2240 2218 1603 100 0 0.721371 0 0 0 0 0 0 0 0 0 0 0 0 0 0 0 0 0 0 0 0.0289855 0.0289855 0.115942 0.173913 0.26087 0.15942 0.173913 0.0434783 0.0144928 0 0 0 0 0 

2208 2202 1602 104 0 0.726612 0 0 0 0 0 0 0 0 0 0 0 0 0 0 0 0 0 0 0 0.0294118 0.0147059 0.132353 0.132353 0.25 0.220588 0.147059 0.0588235 0.0147059 0 0 0 0 0 

2240 2223 1603 115 0 0.719748 0 0 0 0 0 0 0 0 0 0 0 0 0 0 0 0 0.0144928 0.0144928 0 0.0144928 0.0144928 0.0434783 0.275362 0.202899 0.231884 0.130435 0.057971 0 0 0 0 0 0 

