11072 11049 8032 268 0 0.724047 0 0 0 0 0 0 0 0 0 0 0 0 0 0 0 0 0 0.00289855 0.00289855 0.0115942 0.0347826 0.0985507 0.15942 0.223188 0.231884 0.15942 0.057971 0.0173913 0 0 0 0 0 

11072 11063 8009 252 0 0.723131 0 0 0 0 0 0 0 0 0 0 0 0 0 0 0 0 0 0 0 0.0173913 0.0521739 0.0985507 0.165217 0.22029 0.24058 0.136232 0.0550725 0.0144928 0 0 0 0 0 

11232 11207 8120 268 0 0.71384 0 0 0 0 0 0 0 0 0 0 0 0 0 0 0 0 0 0 0 0.0285714 0.0514286 0.108571 0.157143 0.188571 0.225714 0.145714 0.0771429 0.0114286 0.00571429 0 0 0 0 

11040 11039 8001 268 0 0.724703 0 0 0 0 0 0 0 0 0 0 0 0 0 0 0 0 0 0 0 0.0290698 0.0523256 0.104651 0.162791 0.174419 0.229651 0.148256 0.0843023 0.0116279 0.00290698 0 0 0 0 

11616 11592 8389 268 0 0.690131 0 0 0 0 0 0 0 0 0 0 0 0 0 0 0 0 0 0 0.0110497 0.0138122 0.0414365 0.0801105 0.176796 0.229282 0.245856 0.143646 0.0441989 0.0110497 0.00276243 0 0 0 0 

11040 11011 8003 268 0 0.726546 0 0 0 0 0 0 0 0 0 0 0 0 0 0 0 0 0 0.00290698 0.00581395 0.0319767 0.0348837 0.0930233 0.125 0.200581 0.264535 0.15407 0.0755814 0.0116279 0 0 0 0 0 

11008 10991 8009 266 0 0.727868 0 0 0 0 0 0 0 0 0 0 0 0 0 0 0 0 0 0 0.00291545 0.0145773 0.0437318 0.0816327 0.134111 0.253644 0.236152 0.151603 0.0612245 0.0174927 0.00291545 0 0 0 0 

11072 11069 8004 255 0 0.722739 0 0 0 0 0 0 0 0 0 0 0 0 0 0 0 0 0.00289855 0 0.00289855 0.026087 0.0405797 0.113043 0.150725 0.211594 0.223188 0.15942 0.0550725 0.0115942 0.00289855 0 0 0 0 

11008 10991 8009 256 0 0.727868 0 0 0 0 0 0 0 0 0 0 0 0 0 0 0 0 0 0 0.00291545 0.0116618 0.0408163 0.0991254 0.16035 0.206997 0.227405 0.157434 0.0699708 0.0204082 0.00291545 0 0 0 0 

11296 11273 8169 268 0 0.70966 0 0 0 0 0 0 0 0 0 0 0 0 0 0 0 0 0 0.00284091 0 0.0170455 0.0426136 0.0965909 0.178977 0.224432 0.201705 0.153409 0.0710227 0.0113636 0 0 0 0 0 

