608 597 432 53 0 0.536013 0 0 0 0 0 0 0 0 0 0 0 0 0 0 0 0 0 0 0 0 0.0555556 0.222222 0.166667 0.166667 0.222222 0.111111 0.0555556 0 0 0 0 0 0 

672 650 465 53 0 0.492308 0 0 0 0 0 0 0 0 0 0 0 0 0 0 0 0 0 0 0 0 0.1 0.15 0.2 0.25 0.05 0.25 0 0 0 0 0 0 0 

608 593 434 53 0 0.539629 0 0 0 0 0 0 0 0 0 0 0 0 0 0 0 0 0 0 0 0 0 0.166667 0.166667 0.166667 0.333333 0.166667 0 0 0 0 0 0 0 

608 596 424 53 0 0.536913 0 0 0 0 0 0 0 0 0 0 0 0 0 0 0 0 0 0 0 0.0555556 0.111111 0.166667 0.166667 0.166667 0.166667 0.166667 0 0 0 0 0 0 0 

544 533 392 53 0 0.600375 0 0 0 0 0 0 0 0 0 0 0 0 0 0 0 0 0 0 0 0 0.0625 0.0625 0.1875 0.25 0.25 0.125 0.0625 0 0 0 0 0 0 

544 533 408 53 0 0.600375 0 0 0 0 0 0 0 0 0 0 0 0 0 0 0 0 0 0 0 0.0625 0 0 0 0.25 0.125 0.375 0.1875 0 0 0 0 0 0 

608 597 435 53 0 0.536013 0 0 0 0 0 0 0 0 0 0 0 0 0 0 0 0 0 0 0 0 0 0.166667 0.166667 0.277778 0.333333 0 0.0555556 0 0 0 0 0 0 

608 596 434 53 0 0.536913 0 0 0 0 0 0 0 0 0 0 0 0 0 0 0 0 0 0 0 0 0 0.166667 0.222222 0.222222 0.277778 0.0555556 0.0555556 0 0 0 0 0 0 

672 649 470 53 0 0.493066 0 0 0 0 0 0 0 0 0 0 0 0 0 0 0 0 0 0 0 0 0 0.25 0.15 0.3 0.05 0.1 0.15 0 0 0 0 0 0 

544 533 393 53 0 0.600375 0 0 0 0 0 0 0 0 0 0 0 0 0 0 0 0 0 0 0 0 0 0.0625 0.25 0.25 0.25 0.1875 0 0 0 0 0 0 0 

672 649 471 53 0 0.493066 0 0 0 0 0 0 0 0 0 0 0 0 0 0 0 0 0 0 0 0.05 0.05 0.15 0.15 0.1 0.25 0.1 0.15 0 0 0 0 0 0 

672 648 461 53 0 0.493827 0 0 0 0 0 0 0 0 0 0 0 0 0 0 0 0 0 0 0.05 0.05 0 0.15 0.15 0.2 0.3 0.05 0.05 0 0 0 0 0 0 

672 647 479 53 0 0.49459 0 0 0 0 0 0 0 0 0 0 0 0 0 0 0 0 0 0 0 0 0.05 0.1 0.1 0.2 0.15 0.3 0.1 0 0 0 0 0 0 

544 534 398 53 0 0.599251 0 0 0 0 0 0 0 0 0 0 0 0 0 0 0 0 0 0 0 0 0 0.125 0.1875 0.25 0.1875 0 0.25 0 0 0 0 0 0 

544 533 400 53 0 0.600375 0 0 0 0 0 0 0 0 0 0 0 0 0 0 0 0 0 0 0 0 0 0 0.1875 0.3125 0.1875 0.25 0.0625 0 0 0 0 0 0 

544 531 397 53 0 0.602637 0 0 0 0 0 0 0 0 0 0 0 0 0 0 0 0 0 0 0 0 0 0.0625 0.1875 0.25 0.1875 0.1875 0.125 0 0 0 0 0 0 

544 533 393 53 0 0.600375 0 0 0 0 0 0 0 0 0 0 0 0 0 0 0 0 0 0 0 0 0 0.1875 0.0625 0.3125 0.1875 0.25 0 0 0 0 0 0 0 

704 685 483 53 0 0.467153 0 0 0 0 0 0 0 0 0 0 0 0 0 0 0 0 0 0 0 0.142857 0.0952381 0.0952381 0.190476 0.0952381 0.238095 0.0952381 0 0.047619 0 0 0 0 0 

608 596 437 53 0 0.536913 0 0 0 0 0 0 0 0 0 0 0 0 0 0 0 0 0 0 0 0.0555556 0 0.111111 0.111111 0.222222 0.277778 0.222222 0 0 0 0 0 0 0 

672 648 464 53 0 0.493827 0 0 0 0 0 0 0 0 0 0 0 0 0 0 0 0 0 0 0.05 0 0.1 0.05 0.2 0.2 0.15 0.25 0 0 0 0 0 0 0 

544 533 392 53 0 0.600375 0 0 0 0 0 0 0 0 0 0 0 0 0 0 0 0 0 0 0 0 0.0625 0.1875 0.125 0.1875 0.25 0 0.125 0.0625 0 0 0 0 0 

672 646 463 53 0 0.495356 0 0 0 0 0 0 0 0 0 0 0 0 0 0 0 0 0 0 0 0.1 0 0.05 0.25 0.25 0.25 0 0.05 0.05 0 0 0 0 0 

672 650 467 53 0 0.492308 0 0 0 0 0 0 0 0 0 0 0 0 0 0 0 0 0 0 0 0.05 0.05 0.1 0.2 0.1 0.4 0.1 0 0 0 0 0 0 0 

672 647 464 53 0 0.49459 0 0 0 0 0 0 0 0 0 0 0 0 0 0 0 0 0 0 0 0 0 0.2 0.35 0.15 0.1 0.1 0.1 0 0 0 0 0 0 

672 649 461 53 0 0.493066 0 0 0 0 0 0 0 0 0 0 0 0 0 0 0 0 0 0 0 0 0.15 0.15 0.05 0.4 0.15 0.05 0.05 0 0 0 0 0 0 

672 649 460 53 0 0.493066 0 0 0 0 0 0 0 0 0 0 0 0 0 0 0 0 0 0 0 0 0.1 0.2 0.2 0.15 0.25 0.1 0 0 0 0 0 0 0 

544 533 403 53 0 0.600375 0 0 0 0 0 0 0 0 0 0 0 0 0 0 0 0 0 0 0 0 0 0 0.25 0.0625 0.375 0.1875 0.125 0 0 0 0 0 0 

544 534 396 53 0 0.599251 0 0 0 0 0 0 0 0 0 0 0 0 0 0 0 0 0 0 0 0 0 0.125 0.1875 0.25 0.1875 0.125 0.125 0 0 0 0 0 0 

544 533 395 53 0 0.600375 0 0 0 0 0 0 0 0 0 0 0 0 0 0 0 0 0 0 0.0625 0 0 0.0625 0.0625 0.25 0.3125 0.1875 0.0625 0 0 0 0 0 0 

544 534 395 53 0 0.599251 0 0 0 0 0 0 0 0 0 0 0 0 0 0 0 0 0 0 0 0.0625 0.0625 0.125 0.125 0.0625 0.25 0.125 0.125 0.0625 0 0 0 0 0 

544 533 397 53 0 0.600375 0 0 0 0 0 0 0 0 0 0 0 0 0 0 0 0 0 0 0 0.0625 0 0.0625 0.125 0.25 0.125 0.25 0.125 0 0 0 0 0 0 

608 597 439 53 0 0.536013 0 0 0 0 0 0 0 0 0 0 0 0 0 0 0 0 0 0 0.0555556 0 0.0555556 0.166667 0.0555556 0.0555556 0.222222 0.333333 0.0555556 0 0 0 0 0 0 

608 593 431 53 0 0.539629 0 0 0 0 0 0 0 0 0 0 0 0 0 0 0 0 0 0 0 0 0.0555556 0.166667 0.111111 0.277778 0.222222 0.111111 0.0555556 0 0 0 0 0 0 

544 534 395 53 0 0.599251 0 0 0 0 0 0 0 0 0 0 0 0 0 0 0 0 0 0 0 0 0 0.0625 0.25 0.3125 0.125 0.1875 0.0625 0 0 0 0 0 0 

608 597 425 53 0 0.536013 0 0 0 0 0 0 0 0 0 0 0 0 0 0 0 0 0 0 0 0.0555556 0.0555556 0.277778 0.111111 0.166667 0.222222 0.0555556 0.0555556 0 0 0 0 0 0 

608 596 428 53 0 0.536913 0 0 0 0 0 0 0 0 0 0 0 0 0 0 0 0 0 0 0 0 0.111111 0.111111 0.222222 0.222222 0.222222 0.111111 0 0 0 0 0 0 0 

608 596 442 53 0 0.536913 0 0 0 0 0 0 0 0 0 0 0 0 0 0 0 0 0 0 0 0 0 0.0555556 0.333333 0.111111 0.277778 0.0555556 0.166667 0 0 0 0 0 0 

544 533 391 53 0 0.600375 0 0 0 0 0 0 0 0 0 0 0 0 0 0 0 0 0 0 0.0625 0.0625 0.0625 0 0 0.1875 0.375 0.25 0 0 0 0 0 0 0 

544 533 401 53 0 0.600375 0 0 0 0 0 0 0 0 0 0 0 0 0 0 0 0 0 0 0 0 0 0 0.0625 0.3125 0.4375 0.1875 0 0 0 0 0 0 0 

672 649 470 53 0 0.493066 0 0 0 0 0 0 0 0 0 0 0 0 0 0 0 0 0 0 0 0 0.15 0.1 0.2 0.1 0.25 0.1 0 0.05 0.05 0 0 0 0 

544 533 403 53 0 0.600375 0 0 0 0 0 0 0 0 0 0 0 0 0 0 0 0 0 0 0 0 0 0 0.1875 0.1875 0.3125 0.1875 0.125 0 0 0 0 0 0 

544 539 395 53 0 0.593692 0 0 0 0 0 0 0 0 0 0 0 0 0 0 0 0 0 0 0 0 0 0.25 0.125 0.25 0.1875 0.125 0.0625 0 0 0 0 0 0 

544 533 400 53 0 0.600375 0 0 0 0 0 0 0 0 0 0 0 0 0 0 0 0 0 0 0 0 0 0.0625 0.3125 0.0625 0.25 0.125 0.125 0.0625 0 0 0 0 0 

608 597 439 53 0 0.536013 0 0 0 0 0 0 0 0 0 0 0 0 0 0 0 0 0 0 0 0.0555556 0 0.166667 0.111111 0.166667 0.277778 0.111111 0.0555556 0.0555556 0 0 0 0 0 

608 597 417 53 0 0.536013 0 0 0 0 0 0 0 0 0 0 0 0 0 0 0 0 0 0 0.0555556 0.111111 0.166667 0.111111 0.0555556 0.166667 0.166667 0.166667 0 0 0 0 0 0 0 

704 685 491 53 0 0.467153 0 0 0 0 0 0 0 0 0 0 0 0 0 0 0 0 0 0 0 0.047619 0.142857 0.0952381 0.0952381 0.190476 0.238095 0.142857 0.047619 0 0 0 0 0 0 

608 597 433 53 0 0.536013 0 0 0 0 0 0 0 0 0 0 0 0 0 0 0 0 0 0 0 0.0555556 0.111111 0.111111 0 0.222222 0.388889 0.0555556 0.0555556 0 0 0 0 0 0 

608 590 424 53 0 0.542373 0 0 0 0 0 0 0 0 0 0 0 0 0 0 0 0 0 0 0 0 0.111111 0.166667 0.222222 0.111111 0.166667 0.166667 0.0555556 0 0 0 0 0 0 

544 533 402 53 0 0.600375 0 0 0 0 0 0 0 0 0 0 0 0 0 0 0 0 0 0 0 0.0625 0 0 0.125 0.125 0.375 0.1875 0.0625 0.0625 0 0 0 0 0 

608 596 434 53 0 0.536913 0 0 0 0 0 0 0 0 0 0 0 0 0 0 0 0 0 0 0.0555556 0 0.111111 0.0555556 0.111111 0.166667 0.222222 0.222222 0.0555556 0 0 0 0 0 0 

544 533 395 53 0 0.600375 0 0 0 0 0 0 0 0 0 0 0 0 0 0 0 0 0 0 0 0 0 0.0625 0.1875 0.1875 0.4375 0.125 0 0 0 0 0 0 0 

576 562 408 53 0 0.569395 0 0 0 0 0 0 0 0 0 0 0 0 0 0 0 0 0 0 0 0 0.0588235 0.117647 0.117647 0.411765 0.176471 0.0588235 0.0588235 0 0 0 0 0 0 

608 590 438 53 0 0.542373 0 0 0 0 0 0 0 0 0 0 0 0 0 0 0 0 0 0 0 0 0.111111 0.0555556 0.111111 0.0555556 0.388889 0.111111 0.166667 0 0 0 0 0 0 

608 597 439 53 0 0.536013 0 0 0 0 0 0 0 0 0 0 0 0 0 0 0 0 0 0 0 0 0 0.166667 0.222222 0.222222 0.111111 0.166667 0.111111 0 0 0 0 0 0 

608 597 430 53 0 0.536013 0 0 0 0 0 0 0 0 0 0 0 0 0 0 0 0 0 0 0 0.0555556 0.111111 0.166667 0.166667 0.0555556 0.166667 0.222222 0.0555556 0 0 0 0 0 0 

544 532 405 53 0 0.601504 0 0 0 0 0 0 0 0 0 0 0 0 0 0 0 0 0 0 0 0 0 0 0.125 0.125 0.4375 0.25 0 0.0625 0 0 0 0 0 

672 648 456 53 0 0.493827 0 0 0 0 0 0 0 0 0 0 0 0 0 0 0 0 0 0 0.05 0.05 0 0.05 0.35 0.35 0.05 0.05 0.05 0 0 0 0 0 0 

544 534 388 53 0 0.599251 0 0 0 0 0 0 0 0 0 0 0 0 0 0 0 0 0 0 0 0 0.1875 0.125 0.125 0.1875 0.125 0.0625 0.1875 0 0 0 0 0 0 

544 520 395 53 0 0.615385 0 0 0 0 0 0 0 0 0 0 0 0 0 0 0 0 0 0 0 0 0 0 0.125 0.1875 0.375 0.0625 0.1875 0.0625 0 0 0 0 0 

608 597 437 53 0 0.536013 0 0 0 0 0 0 0 0 0 0 0 0 0 0 0 0 0 0 0 0 0 0.111111 0.277778 0.277778 0.0555556 0.277778 0 0 0 0 0 0 0 

544 533 393 53 0 0.600375 0 0 0 0 0 0 0 0 0 0 0 0 0 0 0 0 0 0 0 0 0.0625 0 0.1875 0.25 0.375 0.125 0 0 0 0 0 0 0 

544 533 384 53 0 0.600375 0 0 0 0 0 0 0 0 0 0 0 0 0 0 0 0 0 0 0 0 0 0.3125 0.1875 0.1875 0.125 0.1875 0 0 0 0 0 0 0 

544 534 393 53 0 0.599251 0 0 0 0 0 0 0 0 0 0 0 0 0 0 0 0 0 0 0 0 0 0.125 0.1875 0.3125 0.1875 0.125 0.0625 0 0 0 0 0 0 

608 597 437 53 0 0.536013 0 0 0 0 0 0 0 0 0 0 0 0 0 0 0 0 0 0 0 0 0 0.111111 0.222222 0.333333 0.222222 0.0555556 0 0.0555556 0 0 0 0 0 

608 597 438 53 0 0.536013 0 0 0 0 0 0 0 0 0 0 0 0 0 0 0 0 0 0 0 0 0.0555556 0.166667 0.111111 0.222222 0.166667 0.222222 0.0555556 0 0 0 0 0 0 

544 533 397 53 0 0.600375 0 0 0 0 0 0 0 0 0 0 0 0 0 0 0 0 0 0 0 0 0.125 0 0 0.1875 0.5 0.1875 0 0 0 0 0 0 0 

544 534 390 53 0 0.599251 0 0 0 0 0 0 0 0 0 0 0 0 0 0 0 0 0 0 0 0.0625 0 0.0625 0.25 0.1875 0.3125 0.0625 0.0625 0 0 0 0 0 0 

544 533 397 53 0 0.600375 0 0 0 0 0 0 0 0 0 0 0 0 0 0 0 0 0 0 0 0.125 0 0 0.0625 0.1875 0.3125 0.1875 0.125 0 0 0 0 0 0 

544 534 397 53 0 0.599251 0 0 0 0 0 0 0 0 0 0 0 0 0 0 0 0 0 0 0 0 0 0.1875 0.1875 0.0625 0.25 0.1875 0.125 0 0 0 0 0 0 

672 647 459 53 0 0.49459 0 0 0 0 0 0 0 0 0 0 0 0 0 0 0 0 0 0 0.05 0.05 0 0.2 0.1 0.3 0.1 0.15 0.05 0 0 0 0 0 0 

544 533 391 53 0 0.600375 0 0 0 0 0 0 0 0 0 0 0 0 0 0 0 0.0625 0 0 0 0 0.0625 0 0.1875 0.125 0.1875 0.3125 0.0625 0 0 0 0 0 0 

544 532 399 53 0 0.601504 0 0 0 0 0 0 0 0 0 0 0 0 0 0 0 0 0 0 0 0.0625 0 0.0625 0.125 0.0625 0.3125 0.25 0.125 0 0 0 0 0 0 

672 647 467 53 0 0.49459 0 0 0 0 0 0 0 0 0 0 0 0 0 0 0 0 0 0 0 0 0.05 0.15 0.25 0.05 0.3 0.2 0 0 0 0 0 0 0 

608 596 434 53 0 0.536913 0 0 0 0 0 0 0 0 0 0 0 0 0 0 0 0 0 0 0 0 0.0555556 0.111111 0.222222 0.166667 0.333333 0.0555556 0.0555556 0 0 0 0 0 0 

608 596 437 53 0 0.536913 0 0 0 0 0 0 0 0 0 0 0 0 0 0 0 0 0 0 0 0 0.0555556 0.111111 0.166667 0.166667 0.333333 0.111111 0.0555556 0 0 0 0 0 0 

672 649 466 53 0 0.493066 0 0 0 0 0 0 0 0 0 0 0 0 0 0 0 0 0 0 0 0 0.1 0.1 0.1 0.35 0.3 0 0.05 0 0 0 0 0 0 

544 533 402 53 0 0.600375 0 0 0 0 0 0 0 0 0 0 0 0 0 0 0 0 0 0 0 0 0.0625 0 0 0.4375 0.125 0.3125 0 0.0625 0 0 0 0 0 

672 649 464 53 0 0.493066 0 0 0 0 0 0 0 0 0 0 0 0 0 0 0 0 0 0 0 0.1 0.05 0.1 0.15 0.2 0.2 0.15 0.05 0 0 0 0 0 0 

544 534 399 53 0 0.599251 0 0 0 0 0 0 0 0 0 0 0 0 0 0 0 0 0 0 0 0 0 0.0625 0.125 0.3125 0.3125 0.0625 0.125 0 0 0 0 0 0 

608 596 443 53 0 0.536913 0 0 0 0 0 0 0 0 0 0 0 0 0 0 0 0 0 0 0 0 0.0555556 0.111111 0.0555556 0.222222 0.277778 0.166667 0.111111 0 0 0 0 0 0 

544 533 409 53 0 0.600375 0 0 0 0 0 0 0 0 0 0 0 0 0 0 0 0 0 0 0 0 0 0.125 0 0.25 0.1875 0.125 0.1875 0.125 0 0 0 0 0 

608 591 442 53 0 0.541455 0 0 0 0 0 0 0 0 0 0 0 0 0 0 0 0 0 0 0 0 0.111111 0.0555556 0.0555556 0.222222 0.111111 0.333333 0 0.111111 0 0 0 0 0 

544 533 399 53 0 0.600375 0 0 0 0 0 0 0 0 0 0 0 0 0 0 0 0 0 0 0 0 0.0625 0.0625 0.125 0.25 0.1875 0.125 0.125 0.0625 0 0 0 0 0 

544 534 390 53 0 0.599251 0 0 0 0 0 0 0 0 0 0 0 0 0 0 0 0 0 0 0 0 0 0 0.5625 0.125 0.125 0.125 0.0625 0 0 0 0 0 0 

608 596 437 53 0 0.536913 0 0 0 0 0 0 0 0 0 0 0 0 0 0 0 0 0 0 0 0 0.0555556 0.0555556 0.166667 0.333333 0.222222 0.111111 0.0555556 0 0 0 0 0 0 

608 593 441 53 0 0.539629 0 0 0 0 0 0 0 0 0 0 0 0 0 0 0 0 0 0 0 0 0 0.0555556 0.222222 0.277778 0.222222 0.0555556 0.111111 0.0555556 0 0 0 0 0 

544 533 402 53 0 0.600375 0 0 0 0 0 0 0 0 0 0 0 0 0 0 0 0 0 0 0 0 0.0625 0.125 0.0625 0.125 0.1875 0.1875 0.25 0 0 0 0 0 0 

544 534 394 53 0 0.599251 0 0 0 0 0 0 0 0 0 0 0 0 0 0 0 0 0 0 0 0 0 0.125 0.125 0.3125 0.25 0.1875 0 0 0 0 0 0 0 

544 533 397 53 0 0.600375 0 0 0 0 0 0 0 0 0 0 0 0 0 0 0 0 0 0 0 0 0.0625 0.0625 0.1875 0.125 0.1875 0.3125 0.0625 0 0 0 0 0 0 

480 456 340 53 0 0.701754 0 0 0 0 0 0 0 0 0 0 0 0 0 0 0 0 0 0 0 0 0 0 0.285714 0.214286 0.285714 0 0.142857 0.0714286 0 0 0 0 0 

544 533 397 53 0 0.600375 0 0 0 0 0 0 0 0 0 0 0 0 0 0 0 0 0 0 0 0 0.0625 0 0.125 0.125 0.5625 0.125 0 0 0 0 0 0 0 

704 685 488 53 0 0.467153 0 0 0 0 0 0 0 0 0 0 0 0 0 0 0 0 0.047619 0 0 0.047619 0.0952381 0.142857 0.0952381 0.142857 0.190476 0.142857 0.047619 0.047619 0 0 0 0 0 

544 534 387 53 0 0.599251 0 0 0 0 0 0 0 0 0 0 0 0 0 0 0 0 0 0 0 0.0625 0 0.125 0.1875 0.3125 0.1875 0.0625 0.0625 0 0 0 0 0 0 

544 533 398 53 0 0.600375 0 0 0 0 0 0 0 0 0 0 0 0 0 0 0 0 0 0 0 0 0 0.125 0.1875 0.25 0.125 0.125 0.125 0.0625 0 0 0 0 0 

608 596 443 53 0 0.536913 0 0 0 0 0 0 0 0 0 0 0 0 0 0 0 0 0 0 0 0 0 0.166667 0.111111 0.166667 0.222222 0.277778 0.0555556 0 0 0 0 0 0 

544 533 406 53 0 0.600375 0 0 0 0 0 0 0 0 0 0 0 0 0 0 0 0 0 0 0 0 0 0 0.0625 0.3125 0.3125 0.1875 0.0625 0.0625 0 0 0 0 0 

608 597 443 53 0 0.536013 0 0 0 0 0 0 0 0 0 0 0 0 0 0 0 0 0 0 0 0 0 0.166667 0.166667 0.111111 0.277778 0.166667 0.111111 0 0 0 0 0 0 

608 597 436 53 0 0.536013 0 0 0 0 0 0 0 0 0 0 0 0 0 0 0 0 0 0 0.0555556 0 0 0.111111 0.222222 0.111111 0.277778 0.166667 0.0555556 0 0 0 0 0 0 

544 534 404 53 0 0.599251 0 0 0 0 0 0 0 0 0 0 0 0 0 0 0 0 0 0 0 0 0 0.0625 0.1875 0.125 0.25 0.25 0.0625 0.0625 0 0 0 0 0 

544 533 395 53 0 0.600375 0 0 0 0 0 0 0 0 0 0 0 0 0 0 0 0 0 0 0 0 0.125 0 0.0625 0.1875 0.4375 0.1875 0 0 0 0 0 0 0 

