544 525 384 53 0 0.609524 0 0 0 0 0 0 0 0 0 0 0 0 0 0 0 0 0 0 0 0 0.0625 0.125 0.125 0.1875 0.375 0.0625 0 0.0625 0 0 0 0 0 

512 496 356 53 0 0.645161 0 0 0 0 0 0 0 0 0 0 0 0 0 0 0 0 0 0 0 0 0.0666667 0.133333 0.2 0.333333 0.2 0.0666667 0 0 0 0 0 0 0 

576 549 404 53 0 0.582878 0 0 0 0 0 0 0 0 0 0 0 0 0 0 0 0 0 0 0 0 0 0 0.176471 0.352941 0.294118 0.176471 0 0 0 0 0 0 0 

640 622 448 53 0 0.514469 0 0 0 0 0 0 0 0 0 0 0 0 0 0 0 0 0 0 0 0.105263 0 0 0.368421 0.157895 0.157895 0.157895 0.0526316 0 0 0 0 0 0 

576 548 387 53 0 0.583942 0 0 0 0 0 0 0 0 0 0 0 0 0 0 0 0 0 0 0.0588235 0 0 0.235294 0.176471 0.235294 0.117647 0.176471 0 0 0 0 0 0 0 

480 465 346 53 0 0.688172 0 0 0 0 0 0 0 0 0 0 0 0 0 0 0 0 0 0 0 0 0.0714286 0 0.142857 0.357143 0.142857 0.142857 0.142857 0 0 0 0 0 0 

576 554 404 53 0 0.577617 0 0 0 0 0 0 0 0 0 0 0 0 0 0 0 0 0 0 0 0 0 0.176471 0.235294 0 0.411765 0.176471 0 0 0 0 0 0 0 

512 488 372 53 0 0.655738 0 0 0 0 0 0 0 0 0 0 0 0 0 0 0 0 0 0 0 0 0 0 0.133333 0.133333 0.266667 0.333333 0.0666667 0.0666667 0 0 0 0 0 

544 521 387 53 0 0.614203 0 0 0 0 0 0 0 0 0 0 0 0 0 0 0 0 0 0 0 0 0.0625 0.125 0.125 0.1875 0.0625 0.1875 0.25 0 0 0 0 0 0 

512 496 377 53 0 0.645161 0 0 0 0 0 0 0 0 0 0 0 0 0 0 0 0 0 0 0 0 0 0.0666667 0.133333 0.2 0.133333 0.266667 0.133333 0.0666667 0 0 0 0 0 

512 495 364 53 0 0.646465 0 0 0 0 0 0 0 0 0 0 0 0 0 0 0 0 0 0 0 0 0 0.133333 0.2 0.266667 0.2 0.0666667 0.133333 0 0 0 0 0 0 

608 584 420 53 0 0.547945 0 0 0 0 0 0 0 0 0 0 0 0 0 0 0 0 0 0 0.0555556 0 0.0555556 0.166667 0.166667 0.111111 0.222222 0.111111 0.0555556 0.0555556 0 0 0 0 0 

640 628 459 53 0 0.509554 0 0 0 0 0 0 0 0 0 0 0 0 0 0 0 0 0 0 0.0526316 0 0.105263 0 0.157895 0.210526 0.210526 0.157895 0.105263 0 0 0 0 0 0 

544 532 389 53 0 0.601504 0 0 0 0 0 0 0 0 0 0 0 0 0 0 0 0 0 0 0 0.0625 0.125 0.0625 0 0.125 0.4375 0.1875 0 0 0 0 0 0 0 

576 554 397 53 0 0.577617 0 0 0 0 0 0 0 0 0 0 0 0 0 0 0 0 0 0 0 0 0.0588235 0.235294 0.117647 0.117647 0.411765 0.0588235 0 0 0 0 0 0 0 

608 581 423 53 0 0.550775 0 0 0 0 0 0 0 0 0 0 0 0 0 0 0 0 0 0 0 0 0.0555556 0.111111 0.111111 0.277778 0.222222 0.166667 0.0555556 0 0 0 0 0 0 

576 559 420 53 0 0.572451 0 0 0 0 0 0 0 0 0 0 0 0 0 0 0 0 0 0 0 0 0 0.0588235 0.117647 0.176471 0.294118 0.294118 0.0588235 0 0 0 0 0 0 

512 498 363 53 0 0.64257 0 0 0 0 0 0 0 0 0 0 0 0 0 0 0 0 0 0 0 0 0 0.133333 0.2 0.333333 0.2 0.133333 0 0 0 0 0 0 0 

576 562 414 53 0 0.569395 0 0 0 0 0 0 0 0 0 0 0 0 0 0 0 0 0 0 0 0.0588235 0 0.0588235 0.235294 0.0588235 0.294118 0.294118 0 0 0 0 0 0 0 

512 492 351 53 0 0.650406 0 0 0 0 0 0 0 0 0 0 0 0 0 0 0 0 0 0 0 0.0666667 0.0666667 0 0.333333 0.266667 0.133333 0.133333 0 0 0 0 0 0 0 

640 627 465 53 0 0.510367 0 0 0 0 0 0 0 0 0 0 0 0 0 0 0 0 0 0 0 0 0 0.0526316 0.210526 0.368421 0.105263 0.157895 0.0526316 0.0526316 0 0 0 0 0 

544 528 377 53 0 0.606061 0 0 0 0 0 0 0 0 0 0 0 0 0 0 0 0 0 0 0 0.0625 0.125 0.125 0.0625 0.3125 0.1875 0.0625 0.0625 0 0 0 0 0 0 

576 556 409 53 0 0.57554 0 0 0 0 0 0 0 0 0 0 0 0 0 0 0 0 0 0 0 0.0588235 0 0.117647 0.117647 0.176471 0.235294 0.176471 0.117647 0 0 0 0 0 0 

640 621 441 53 0 0.515298 0 0 0 0 0 0 0 0 0 0 0 0 0 0 0 0 0 0 0 0.105263 0.105263 0.210526 0.105263 0.105263 0.0526316 0.210526 0.105263 0 0 0 0 0 0 

576 559 414 53 0 0.572451 0 0 0 0 0 0 0 0 0 0 0 0 0 0 0 0 0 0 0 0.0588235 0.0588235 0.0588235 0.117647 0.117647 0.176471 0.294118 0.117647 0 0 0 0 0 0 

448 437 329 53 0 0.732265 0 0 0 0 0 0 0 0 0 0 0 0 0 0 0 0 0 0 0 0 0 0.0769231 0.0769231 0.307692 0.230769 0.230769 0.0769231 0 0 0 0 0 0 

512 488 358 53 0 0.655738 0 0 0 0 0 0 0 0 0 0 0 0 0 0 0 0 0 0 0 0 0 0.0666667 0.266667 0.133333 0.4 0.0666667 0.0666667 0 0 0 0 0 0 

608 591 430 53 0 0.541455 0 0 0 0 0 0 0 0 0 0 0 0 0 0 0 0 0 0 0 0 0 0.111111 0.333333 0.166667 0.277778 0 0.111111 0 0 0 0 0 0 

544 525 385 53 0 0.609524 0 0 0 0 0 0 0 0 0 0 0 0 0 0 0 0 0 0 0 0 0.0625 0 0.3125 0.1875 0.1875 0.1875 0.0625 0 0 0 0 0 0 

544 521 384 53 0 0.614203 0 0 0 0 0 0 0 0 0 0 0 0 0 0 0 0 0 0 0 0 0 0 0.375 0.1875 0.1875 0.125 0.125 0 0 0 0 0 0 

608 596 443 53 0 0.536913 0 0 0 0 0 0 0 0 0 0 0 0 0 0 0 0 0 0 0 0 0 0.166667 0.166667 0.111111 0.166667 0.333333 0.0555556 0 0 0 0 0 0 

544 529 387 53 0 0.604915 0 0 0 0 0 0 0 0 0 0 0 0 0 0 0 0 0 0 0 0 0.0625 0.1875 0.1875 0.1875 0.0625 0.125 0.1875 0 0 0 0 0 0 

448 437 321 53 0 0.732265 0 0 0 0 0 0 0 0 0 0 0 0 0 0 0 0 0 0 0 0 0.0769231 0.0769231 0.153846 0.0769231 0.615385 0 0 0 0 0 0 0 0 

608 590 428 53 0 0.542373 0 0 0 0 0 0 0 0 0 0 0 0 0 0 0 0 0 0 0 0 0.111111 0.0555556 0.166667 0.277778 0.222222 0.111111 0.0555556 0 0 0 0 0 0 

544 534 380 53 0 0.599251 0 0 0 0 0 0 0 0 0 0 0 0 0 0 0 0 0 0 0 0.125 0 0.25 0.125 0.1875 0.1875 0.0625 0.0625 0 0 0 0 0 0 

512 493 362 53 0 0.649087 0 0 0 0 0 0 0 0 0 0 0 0 0 0 0 0 0 0 0 0 0.0666667 0.133333 0.0666667 0.2 0.333333 0.133333 0.0666667 0 0 0 0 0 0 

544 524 383 53 0 0.610687 0 0 0 0 0 0 0 0 0 0 0 0 0 0 0 0 0 0 0 0 0.0625 0.125 0.0625 0.25 0.375 0.0625 0.0625 0 0 0 0 0 0 

512 492 362 53 0 0.650406 0 0 0 0 0 0 0 0 0 0 0 0 0 0 0 0 0 0 0 0 0 0.0666667 0.2 0.333333 0.266667 0 0.133333 0 0 0 0 0 0 

512 490 358 53 0 0.653061 0 0 0 0 0 0 0 0 0 0 0 0 0 0 0 0 0 0 0 0 0.0666667 0.2 0.0666667 0.133333 0.333333 0.133333 0 0.0666667 0 0 0 0 0 

512 505 381 53 0 0.633663 0 0 0 0 0 0 0 0 0 0 0 0 0 0 0 0 0 0 0 0 0 0 0.333333 0.133333 0.2 0.2 0.0666667 0.0666667 0 0 0 0 0 

480 456 339 53 0 0.701754 0 0 0 0 0 0 0 0 0 0 0 0 0 0 0 0 0 0 0 0 0 0 0.214286 0.214286 0.285714 0.285714 0 0 0 0 0 0 0 

544 522 388 53 0 0.613027 0 0 0 0 0 0 0 0 0 0 0 0 0 0 0 0 0 0 0 0 0 0.125 0.1875 0.1875 0.0625 0.3125 0.125 0 0 0 0 0 0 

544 523 391 53 0 0.611855 0 0 0 0 0 0 0 0 0 0 0 0 0 0 0 0 0 0 0 0 0 0.125 0.125 0.1875 0.125 0.3125 0.125 0 0 0 0 0 0 

576 553 392 53 0 0.578662 0 0 0 0 0 0 0 0 0 0 0 0 0 0 0 0 0 0.0588235 0 0.0588235 0 0.235294 0.117647 0.117647 0.235294 0.0588235 0.117647 0 0 0 0 0 0 

512 493 364 53 0 0.649087 0 0 0 0 0 0 0 0 0 0 0 0 0 0 0 0 0 0 0 0 0 0.133333 0.133333 0.2 0.333333 0.133333 0.0666667 0 0 0 0 0 0 

512 495 359 53 0 0.646465 0 0 0 0 0 0 0 0 0 0 0 0 0 0 0 0 0 0 0 0 0.133333 0.0666667 0.2 0.2 0.2 0.133333 0.0666667 0 0 0 0 0 0 

640 617 456 53 0 0.518639 0 0 0 0 0 0 0 0 0 0 0 0 0 0 0 0 0 0 0 0 0 0.0526316 0.105263 0.368421 0.263158 0.157895 0.0526316 0 0 0 0 0 0 

640 627 445 53 0 0.510367 0 0 0 0 0 0 0 0 0 0 0 0 0 0 0 0 0 0.0526316 0 0.0526316 0.0526316 0.157895 0.105263 0.210526 0.263158 0.0526316 0.0526316 0 0 0 0 0 0 

640 618 451 53 0 0.517799 0 0 0 0 0 0 0 0 0 0 0 0 0 0 0 0 0 0 0.0526316 0.0526316 0.0526316 0.105263 0.105263 0.105263 0.0526316 0.315789 0.157895 0 0 0 0 0 0 

576 549 404 53 0 0.582878 0 0 0 0 0 0 0 0 0 0 0 0 0 0 0 0 0 0 0 0 0 0.0588235 0.235294 0.235294 0.117647 0.352941 0 0 0 0 0 0 0 

544 535 393 53 0 0.598131 0 0 0 0 0 0 0 0 0 0 0 0 0 0 0 0 0 0 0 0 0.0625 0.1875 0.1875 0.1875 0.0625 0.1875 0.0625 0.0625 0 0 0 0 0 

480 460 342 53 0 0.695652 0 0 0 0 0 0 0 0 0 0 0 0 0 0 0 0 0 0 0 0 0 0 0.214286 0.214286 0.428571 0.0714286 0.0714286 0 0 0 0 0 0 

576 554 405 53 0 0.577617 0 0 0 0 0 0 0 0 0 0 0 0 0 0 0 0 0 0 0 0 0.0588235 0.117647 0.117647 0.235294 0.235294 0.176471 0.0588235 0 0 0 0 0 0 

576 559 402 53 0 0.572451 0 0 0 0 0 0 0 0 0 0 0 0 0 0 0 0 0 0 0 0 0.117647 0.176471 0.0588235 0.294118 0.235294 0.0588235 0.0588235 0 0 0 0 0 0 

512 490 359 53 0 0.653061 0 0 0 0 0 0 0 0 0 0 0 0 0 0 0 0 0 0 0 0 0 0.2 0 0.266667 0.4 0.133333 0 0 0 0 0 0 0 

608 592 439 53 0 0.540541 0 0 0 0 0 0 0 0 0 0 0 0 0 0 0 0 0 0 0 0 0 0 0.222222 0.277778 0.277778 0.222222 0 0 0 0 0 0 0 

544 529 387 53 0 0.604915 0 0 0 0 0 0 0 0 0 0 0 0 0 0 0 0 0 0 0 0 0.0625 0.1875 0.25 0.125 0.0625 0.0625 0.25 0 0 0 0 0 0 

576 549 400 53 0 0.582878 0 0 0 0 0 0 0 0 0 0 0 0 0 0 0 0 0 0 0 0.0588235 0 0.117647 0.176471 0.176471 0.176471 0.176471 0.117647 0 0 0 0 0 0 

672 647 456 53 0 0.49459 0 0 0 0 0 0 0 0 0 0 0 0 0 0 0 0 0 0 0 0 0.1 0.2 0.2 0.25 0.15 0.1 0 0 0 0 0 0 0 

544 523 379 53 0 0.611855 0 0 0 0 0 0 0 0 0 0 0 0 0 0 0 0 0 0 0.0625 0 0 0.125 0.125 0.3125 0.1875 0.125 0 0.0625 0 0 0 0 0 

640 624 454 53 0 0.512821 0 0 0 0 0 0 0 0 0 0 0 0 0 0 0 0 0 0 0.0526316 0 0.0526316 0.105263 0 0.368421 0.263158 0.0526316 0.105263 0 0 0 0 0 0 

512 495 367 53 0 0.646465 0 0 0 0 0 0 0 0 0 0 0 0 0 0 0 0 0 0 0 0 0 0.0666667 0.266667 0.2 0.2 0.2 0 0.0666667 0 0 0 0 0 

512 498 367 53 0 0.64257 0 0 0 0 0 0 0 0 0 0 0 0 0 0 0 0 0 0 0 0.0666667 0.0666667 0.133333 0.133333 0.0666667 0.2 0.0666667 0.266667 0 0 0 0 0 0 

608 589 420 53 0 0.543294 0 0 0 0 0 0 0 0 0 0 0 0 0 0 0 0 0 0 0 0.111111 0.0555556 0.111111 0.166667 0.166667 0.277778 0 0.111111 0 0 0 0 0 0 

544 525 380 53 0 0.609524 0 0 0 0 0 0 0 0 0 0 0 0 0 0 0 0 0 0.0625 0 0 0.0625 0.0625 0.0625 0.25 0.3125 0.1875 0 0 0 0 0 0 0 

544 526 375 53 0 0.608365 0 0 0 0 0 0 0 0 0 0 0 0 0 0 0 0 0 0 0 0.1875 0 0.0625 0.125 0.3125 0.1875 0 0.125 0 0 0 0 0 0 

512 495 364 53 0 0.646465 0 0 0 0 0 0 0 0 0 0 0 0 0 0 0 0 0 0 0 0 0.0666667 0.0666667 0.133333 0.2 0.333333 0.2 0 0 0 0 0 0 0 

640 631 459 53 0 0.507132 0 0 0 0 0 0 0 0 0 0 0 0 0 0 0 0 0 0 0 0.0526316 0.0526316 0.0526316 0.157895 0.263158 0.263158 0.157895 0 0 0 0 0 0 0 

544 523 375 53 0 0.611855 0 0 0 0 0 0 0 0 0 0 0 0 0 0 0 0 0 0 0 0 0 0.1875 0.3125 0.25 0.0625 0.1875 0 0 0 0 0 0 0 

544 527 398 53 0 0.607211 0 0 0 0 0 0 0 0 0 0 0 0 0 0 0 0 0 0 0 0 0 0 0.1875 0.25 0.1875 0.1875 0.1875 0 0 0 0 0 0 

704 692 518 53 0 0.462428 0 0 0 0 0 0 0 0 0 0 0 0 0 0 0 0 0 0 0 0 0 0 0.238095 0.142857 0.333333 0.238095 0.047619 0 0 0 0 0 0 

512 494 368 53 0 0.647773 0 0 0 0 0 0 0 0 0 0 0 0 0 0 0 0 0 0 0 0 0 0.133333 0.2 0.0666667 0.333333 0.133333 0.0666667 0.0666667 0 0 0 0 0 

608 598 444 53 0 0.535117 0 0 0 0 0 0 0 0 0 0 0 0 0 0 0 0 0 0 0 0 0.0555556 0.111111 0.111111 0.277778 0.222222 0.0555556 0.0555556 0.111111 0 0 0 0 0 

544 519 388 53 0 0.61657 0 0 0 0 0 0 0 0 0 0 0 0 0 0 0 0 0 0 0 0 0.0625 0 0.125 0.125 0.3125 0.3125 0.0625 0 0 0 0 0 0 

448 436 321 52 0 0.733945 0 0 0 0 0 0 0 0 0 0 0 0 0 0 0 0 0 0 0 0 0 0.230769 0.0769231 0.307692 0.153846 0.153846 0.0769231 0 0 0 0 0 0 

672 660 472 53 0 0.484848 0 0 0 0 0 0 0 0 0 0 0 0 0 0 0 0 0 0 0.05 0 0.1 0.15 0.15 0.2 0.2 0.05 0.1 0 0 0 0 0 0 

512 503 378 53 0 0.636183 0 0 0 0 0 0 0 0 0 0 0 0 0 0 0 0 0 0 0 0 0.0666667 0 0.133333 0.2 0.266667 0.266667 0.0666667 0 0 0 0 0 0 

512 489 362 53 0 0.654397 0 0 0 0 0 0 0 0 0 0 0 0 0 0 0 0 0 0 0 0.0666667 0 0 0.0666667 0.266667 0.333333 0.266667 0 0 0 0 0 0 0 

672 662 492 53 0 0.483384 0 0 0 0 0 0 0 0 0 0 0 0 0 0 0 0 0 0 0 0 0 0.1 0.2 0.2 0.25 0.1 0.15 0 0 0 0 0 0 

544 517 372 53 0 0.618955 0 0 0 0 0 0 0 0 0 0 0 0 0 0 0 0 0 0 0 0.0625 0 0.1875 0.25 0.1875 0.125 0 0.125 0 0.0625 0 0 0 0 

544 528 385 53 0 0.606061 0 0 0 0 0 0 0 0 0 0 0 0 0 0 0 0 0 0 0 0 0.125 0.125 0.125 0.25 0.0625 0.1875 0.125 0 0 0 0 0 0 

576 556 400 53 0 0.57554 0 0 0 0 0 0 0 0 0 0 0 0 0 0 0 0 0 0.0588235 0.0588235 0 0 0.117647 0.235294 0.117647 0 0.294118 0.117647 0 0 0 0 0 0 

576 555 397 53 0 0.576577 0 0 0 0 0 0 0 0 0 0 0 0 0 0 0 0 0 0 0 0.0588235 0.0588235 0.117647 0.117647 0.411765 0.0588235 0.117647 0.0588235 0 0 0 0 0 0 

544 527 376 53 0 0.607211 0 0 0 0 0 0 0 0 0 0 0 0 0 0 0 0 0 0 0 0 0.0625 0.125 0.3125 0.25 0.1875 0.0625 0 0 0 0 0 0 0 

480 454 321 50 0 0.704846 0 0 0 0 0 0 0 0 0 0 0 0 0 0 0 0 0 0 0 0.0714286 0.142857 0.142857 0.0714286 0.214286 0.142857 0.214286 0 0 0 0 0 0 0 

576 560 416 53 0 0.571429 0 0 0 0 0 0 0 0 0 0 0 0 0 0 0 0 0 0 0.0588235 0 0 0.176471 0.0588235 0.176471 0.176471 0.117647 0.117647 0.117647 0 0 0 0 0 

512 487 364 53 0 0.657084 0 0 0 0 0 0 0 0 0 0 0 0 0 0 0 0 0 0 0 0 0 0 0.2 0.333333 0.0666667 0.266667 0.133333 0 0 0 0 0 0 

512 489 370 53 0 0.654397 0 0 0 0 0 0 0 0 0 0 0 0 0 0 0 0 0 0 0 0 0 0.0666667 0.2 0.133333 0.2 0.133333 0.133333 0.133333 0 0 0 0 0 

480 452 321 52 0 0.707965 0 0 0 0 0 0 0 0 0 0 0 0 0 0 0 0 0 0 0 0 0.142857 0.285714 0.0714286 0.0714286 0.142857 0.285714 0 0 0 0 0 0 0 

640 620 449 53 0 0.516129 0 0 0 0 0 0 0 0 0 0 0 0 0 0 0 0 0 0 0.0526316 0 0 0.157895 0.105263 0.263158 0.210526 0.157895 0.0526316 0 0 0 0 0 0 

544 522 387 53 0 0.613027 0 0 0 0 0 0 0 0 0 0 0 0 0 0 0 0 0 0 0 0.0625 0 0.125 0 0.1875 0.1875 0.4375 0 0 0 0 0 0 0 

544 534 388 53 0 0.599251 0 0 0 0 0 0 0 0 0 0 0 0 0 0 0 0 0 0 0 0 0.25 0 0.125 0.125 0.3125 0.125 0.0625 0 0 0 0 0 0 

576 553 399 53 0 0.578662 0 0 0 0 0 0 0 0 0 0 0 0 0 0 0 0 0 0 0 0 0.0588235 0.235294 0.117647 0.235294 0.117647 0.176471 0 0.0588235 0 0 0 0 0 

608 585 411 53 0 0.547009 0 0 0 0 0 0 0 0 0 0 0 0 0 0 0 0 0 0 0 0 0.0555556 0.111111 0.444444 0.222222 0.166667 0 0 0 0 0 0 0 0 

544 526 402 53 0 0.608365 0 0 0 0 0 0 0 0 0 0 0 0 0 0 0 0 0 0 0 0 0 0 0.1875 0.125 0.3125 0.1875 0.0625 0.0625 0.0625 0 0 0 0 

576 558 406 53 0 0.573477 0 0 0 0 0 0 0 0 0 0 0 0 0 0 0 0 0 0 0 0 0 0.0588235 0.470588 0.117647 0.235294 0 0.0588235 0.0588235 0 0 0 0 0 

608 599 442 53 0 0.534224 0 0 0 0 0 0 0 0 0 0 0 0 0 0 0 0 0 0 0 0 0 0.111111 0.222222 0.166667 0.277778 0.222222 0 0 0 0 0 0 0 

576 555 421 53 0 0.576577 0 0 0 0 0 0 0 0 0 0 0 0 0 0 0 0 0 0 0 0 0.0588235 0 0.176471 0.0588235 0.235294 0.294118 0.117647 0 0.0588235 0 0 0 0 

608 593 449 53 0 0.539629 0 0 0 0 0 0 0 0 0 0 0 0 0 0 0 0 0 0 0 0 0 0 0.222222 0.0555556 0.277778 0.388889 0.0555556 0 0 0 0 0 0 

480 460 328 53 0 0.695652 0 0 0 0 0 0 0 0 0 0 0 0 0 0 0 0 0 0 0 0.0714286 0.0714286 0.142857 0.142857 0.214286 0.214286 0.142857 0 0 0 0 0 0 0 

