416 395 286 37 0 0.405063 0 0 0 0 0 0 0 0 0 0 0 0 0 0 0 0 0 0 0 0.0833333 0.0833333 0 0 0.416667 0.333333 0.0833333 0 0 0 0 0 0 0 

384 374 279 37 0 0.427807 0 0 0 0 0 0 0 0 0 0 0 0 0 0 0 0 0 0 0 0 0 0.0909091 0.272727 0.181818 0.181818 0.181818 0.0909091 0 0 0 0 0 0 

352 344 257 37 0 0.465116 0 0 0 0 0 0 0 0 0 0 0 0 0 0 0 0 0 0 0 0 0.1 0.2 0.1 0.1 0.1 0.2 0.2 0 0 0 0 0 0 

384 367 276 37 0 0.435967 0 0 0 0 0 0 0 0 0 0 0 0 0 0 0 0 0 0 0 0 0 0.181818 0.0909091 0.0909091 0.363636 0.0909091 0.0909091 0.0909091 0 0 0 0 0 

480 469 344 37 0 0.341151 0 0 0 0 0 0 0 0 0 0 0 0 0 0 0 0 0 0 0 0 0.142857 0 0.142857 0.357143 0.214286 0 0.142857 0 0 0 0 0 0 

544 531 394 37 0 0.301318 0 0 0 0 0 0 0 0 0 0 0 0 0 0 0 0 0 0 0 0 0.125 0.0625 0.125 0.125 0.1875 0.25 0.125 0 0 0 0 0 0 

448 433 317 37 0 0.369515 0 0 0 0 0 0 0 0 0 0 0 0 0 0 0 0 0 0 0 0 0 0 0.538462 0.153846 0.0769231 0.153846 0.0769231 0 0 0 0 0 0 

480 461 343 37 0 0.347072 0 0 0 0 0 0 0 0 0 0 0 0 0 0 0 0 0 0 0 0 0 0 0.142857 0.357143 0.357143 0.0714286 0.0714286 0 0 0 0 0 0 

256 228 160 30 0 0.701754 0 0 0 0 0 0 0 0 0 0 0 0 0 0 0 0 0 0 0 0.285714 0 0 0.285714 0.142857 0 0.142857 0.142857 0 0 0 0 0 0 

256 246 179 37 0 0.650406 0 0 0 0 0 0 0 0 0 0 0 0 0 0 0 0 0 0 0 0 0 0.428571 0.142857 0.142857 0.142857 0.142857 0 0 0 0 0 0 0 

256 237 171 37 0 0.675106 0 0 0 0 0 0 0 0 0 0 0 0 0 0 0 0 0 0 0 0 0.142857 0 0.285714 0.428571 0 0.142857 0 0 0 0 0 0 0 

288 270 194 37 0 0.592593 0 0 0 0 0 0 0 0 0 0 0 0 0 0 0 0 0 0 0 0 0.125 0 0.375 0.25 0.25 0 0 0 0 0 0 0 0 

224 211 160 29 0 0.758294 0 0 0 0 0 0 0 0 0 0 0 0 0 0 0 0 0 0 0 0 0 0 0.166667 0.333333 0.333333 0.166667 0 0 0 0 0 0 0 

256 233 160 28 0 0.686695 0 0 0 0 0 0 0 0 0 0 0 0 0 0 0 0 0 0 0 0.142857 0 0.428571 0.285714 0 0 0.142857 0 0 0 0 0 0 0 

256 239 177 37 0 0.669456 0 0 0 0 0 0 0 0 0 0 0 0 0 0 0 0 0 0 0 0 0 0.142857 0.142857 0.285714 0.285714 0.142857 0 0 0 0 0 0 0 

256 240 182 37 0 0.666667 0 0 0 0 0 0 0 0 0 0 0 0 0 0 0 0 0 0 0 0 0 0.142857 0 0.285714 0.285714 0.142857 0.142857 0 0 0 0 0 0 

352 330 235 37 0 0.484848 0 0 0 0 0 0 0 0 0 0 0 0 0 0 0 0 0 0 0 0.1 0 0 0.2 0.6 0.1 0 0 0 0 0 0 0 0 

416 406 297 37 0 0.394089 0 0 0 0 0 0 0 0 0 0 0 0 0 0 0 0 0 0 0 0 0.0833333 0.25 0.166667 0.166667 0.0833333 0.0833333 0.0833333 0.0833333 0 0 0 0 0 

384 358 255 37 0 0.446927 0 0 0 0 0 0 0 0 0 0 0 0 0 0 0 0 0 0 0 0.0909091 0 0.272727 0 0.0909091 0.545455 0 0 0 0 0 0 0 0 

416 396 302 37 0 0.40404 0 0 0 0 0 0 0 0 0 0 0 0 0 0 0 0 0 0 0 0 0 0.0833333 0.0833333 0 0.416667 0.333333 0 0.0833333 0 0 0 0 0 

416 396 291 37 0 0.40404 0 0 0 0 0 0 0 0 0 0 0 0 0 0 0 0 0 0 0 0 0 0.0833333 0.166667 0.416667 0.166667 0.0833333 0.0833333 0 0 0 0 0 0 

416 391 280 37 0 0.409207 0 0 0 0 0 0 0 0 0 0 0 0 0 0 0 0 0 0 0 0.0833333 0.166667 0.0833333 0 0.166667 0.25 0.25 0 0 0 0 0 0 0 

352 334 244 37 0 0.479042 0 0 0 0 0 0 0 0 0 0 0 0 0 0 0 0 0 0 0 0 0 0.3 0.2 0.1 0.2 0 0.2 0 0 0 0 0 0 

320 302 225 37 0 0.529801 0 0 0 0 0 0 0 0 0 0 0 0 0 0 0 0 0 0 0 0 0 0.111111 0.111111 0.222222 0.333333 0.222222 0 0 0 0 0 0 0 

384 374 271 37 0 0.427807 0 0 0 0 0 0 0 0 0 0 0 0 0 0 0 0 0 0 0 0 0.0909091 0.181818 0.363636 0.0909091 0 0.181818 0.0909091 0 0 0 0 0 0 

320 301 228 37 0 0.531561 0 0 0 0 0 0 0 0 0 0 0 0 0 0 0 0 0 0 0 0 0 0 0.111111 0.444444 0.222222 0 0.111111 0.111111 0 0 0 0 0 

448 435 312 37 0 0.367816 0 0 0 0 0 0 0 0 0 0 0 0 0 0 0 0 0 0 0 0 0.230769 0 0.0769231 0.461538 0.153846 0.0769231 0 0 0 0 0 0 0 

256 242 178 37 0 0.661157 0 0 0 0 0 0 0 0 0 0 0 0 0 0 0 0 0 0 0 0.142857 0 0 0.285714 0.142857 0.142857 0.285714 0 0 0 0 0 0 0 

256 233 170 37 0 0.686695 0 0 0 0 0 0 0 0 0 0 0 0 0 0 0 0 0 0 0 0 0.142857 0 0.142857 0.285714 0.285714 0.142857 0 0 0 0 0 0 0 

416 397 297 37 0 0.403023 0 0 0 0 0 0 0 0 0 0 0 0 0 0 0 0 0 0 0 0 0 0.166667 0 0.25 0.25 0.25 0.0833333 0 0 0 0 0 0 

256 238 183 37 0 0.672269 0 0 0 0 0 0 0 0 0 0 0 0 0 0 0 0 0 0 0 0 0 0 0 0.285714 0.285714 0.428571 0 0 0 0 0 0 0 

416 404 297 37 0 0.39604 0 0 0 0 0 0 0 0 0 0 0 0 0 0 0 0 0 0 0 0 0 0.25 0.0833333 0.25 0.25 0.0833333 0.0833333 0 0 0 0 0 0 

288 274 212 37 0 0.583942 0 0 0 0 0 0 0 0 0 0 0 0 0 0 0 0 0 0 0 0 0 0 0.125 0.25 0.125 0.375 0 0.125 0 0 0 0 0 

320 308 222 37 0 0.519481 0 0 0 0 0 0 0 0 0 0 0 0 0 0 0 0 0 0 0 0.111111 0.111111 0 0.111111 0.333333 0.333333 0 0 0 0 0 0 0 0 

320 308 226 37 0 0.519481 0 0 0 0 0 0 0 0 0 0 0 0 0 0 0 0 0 0 0 0 0 0.111111 0.333333 0.111111 0.444444 0 0 0 0 0 0 0 0 

352 340 246 37 0 0.470588 0 0 0 0 0 0 0 0 0 0 0 0 0 0 0 0 0 0 0 0 0.3 0 0.2 0.2 0.1 0.1 0 0.1 0 0 0 0 0 

416 390 276 37 0 0.410256 0 0 0 0 0 0 0 0 0 0 0 0 0 0 0 0 0 0 0 0.0833333 0 0.0833333 0.25 0.333333 0.25 0 0 0 0 0 0 0 0 

288 278 203 37 0 0.57554 0 0 0 0 0 0 0 0 0 0 0 0 0 0 0 0 0 0 0 0.125 0 0 0.25 0.375 0.125 0.125 0 0 0 0 0 0 0 

224 207 161 36 0 0.772947 0 0 0 0 0 0 0 0 0 0 0 0 0 0 0 0 0 0 0 0 0 0 0 0.166667 0.5 0.166667 0.166667 0 0 0 0 0 0 

256 235 176 37 0 0.680851 0 0 0 0 0 0 0 0 0 0 0 0 0 0 0 0 0 0 0 0 0 0.142857 0 0.428571 0.142857 0.142857 0.142857 0 0 0 0 0 0 

352 336 242 37 0 0.47619 0 0 0 0 0 0 0 0 0 0 0 0 0 0 0 0 0 0 0 0 0 0.3 0.2 0.2 0.2 0.1 0 0 0 0 0 0 0 

320 293 217 37 0 0.546075 0 0 0 0 0 0 0 0 0 0 0 0 0 0 0 0 0 0 0 0 0 0.111111 0.222222 0.222222 0.222222 0.111111 0 0 0.111111 0 0 0 0 

352 330 251 37 0 0.484848 0 0 0 0 0 0 0 0 0 0 0 0 0 0 0 0 0 0 0 0 0 0 0.2 0.1 0.3 0.2 0.2 0 0 0 0 0 0 

224 211 160 34 0 0.758294 0 0 0 0 0 0 0 0 0 0 0 0 0 0 0 0 0 0 0.166667 0 0 0 0 0.166667 0.333333 0.166667 0 0.166667 0 0 0 0 0 

320 307 231 37 0 0.521173 0 0 0 0 0 0 0 0 0 0 0 0 0 0 0 0 0 0 0 0 0 0.222222 0.222222 0.111111 0 0.222222 0.111111 0.111111 0 0 0 0 0 

288 272 199 37 0 0.588235 0 0 0 0 0 0 0 0 0 0 0 0 0 0 0 0 0 0 0 0 0.125 0.125 0 0.375 0.25 0.125 0 0 0 0 0 0 0 

320 307 224 37 0 0.521173 0 0 0 0 0 0 0 0 0 0 0 0 0 0 0 0 0 0 0 0 0.111111 0 0.222222 0.333333 0.333333 0 0 0 0 0 0 0 0 

448 434 314 37 0 0.368664 0 0 0 0 0 0 0 0 0 0 0 0 0 0 0 0 0 0 0 0 0.0769231 0.230769 0.153846 0.153846 0.230769 0.0769231 0.0769231 0 0 0 0 0 0 

288 261 193 37 0 0.613027 0 0 0 0 0 0 0 0 0 0 0 0 0 0 0 0 0 0 0 0 0 0.125 0.125 0.375 0.125 0 0.25 0 0 0 0 0 0 

320 295 222 37 0 0.542373 0 0 0 0 0 0 0 0 0 0 0 0 0 0 0 0 0 0 0 0 0 0 0 0.555556 0 0.444444 0 0 0 0 0 0 0 

352 326 239 37 0 0.490798 0 0 0 0 0 0 0 0 0 0 0 0 0 0 0 0 0 0 0 0 0.1 0 0.1 0.3 0.4 0 0.1 0 0 0 0 0 0 

384 358 255 37 0 0.446927 0 0 0 0 0 0 0 0 0 0 0 0 0 0 0 0 0 0 0 0 0 0.272727 0.0909091 0.363636 0.272727 0 0 0 0 0 0 0 0 

320 305 234 37 0 0.52459 0 0 0 0 0 0 0 0 0 0 0 0 0 0 0 0 0 0 0 0 0 0.111111 0 0.111111 0.333333 0.333333 0.111111 0 0 0 0 0 0 

352 337 254 37 0 0.474777 0 0 0 0 0 0 0 0 0 0 0 0 0 0 0 0 0 0 0 0 0.1 0.1 0.1 0 0.3 0.3 0 0.1 0 0 0 0 0 

320 296 207 37 0 0.540541 0 0 0 0 0 0 0 0 0 0 0 0 0 0 0 0 0 0 0 0.111111 0 0.333333 0.222222 0.111111 0.111111 0 0.111111 0 0 0 0 0 0 

352 338 242 37 0 0.473373 0 0 0 0 0 0 0 0 0 0 0 0 0 0 0 0 0 0 0.1 0 0.1 0.1 0.1 0.3 0.1 0.2 0 0 0 0 0 0 0 

288 274 205 37 0 0.583942 0 0 0 0 0 0 0 0 0 0 0 0 0 0 0 0 0 0 0 0 0 0.125 0.125 0.375 0.125 0.125 0.125 0 0 0 0 0 0 

416 407 302 37 0 0.39312 0 0 0 0 0 0 0 0 0 0 0 0 0 0 0 0 0 0 0 0 0.0833333 0.166667 0.0833333 0.0833333 0.25 0.333333 0 0 0 0 0 0 0 

320 310 224 37 0 0.516129 0 0 0 0 0 0 0 0 0 0 0 0 0 0 0 0 0 0 0 0 0.222222 0 0.333333 0.111111 0.222222 0.111111 0 0 0 0 0 0 0 

352 343 259 37 0 0.466472 0 0 0 0 0 0 0 0 0 0 0 0 0 0 0 0 0 0 0 0 0 0.1 0.4 0 0.1 0.2 0.1 0.1 0 0 0 0 0 

416 403 289 37 0 0.397022 0 0 0 0 0 0 0 0 0 0 0 0 0 0 0 0 0 0 0 0.0833333 0.0833333 0 0.25 0.25 0.333333 0 0 0 0 0 0 0 0 

384 375 285 37 0 0.426667 0 0 0 0 0 0 0 0 0 0 0 0 0 0 0 0 0 0 0 0 0 0 0.181818 0.181818 0.363636 0.181818 0.0909091 0 0 0 0 0 0 

352 327 241 37 0 0.489297 0 0 0 0 0 0 0 0 0 0 0 0 0 0 0 0 0 0 0 0 0 0.1 0 0.6 0.1 0.1 0.1 0 0 0 0 0 0 

480 472 343 37 0 0.338983 0 0 0 0 0 0 0 0 0 0 0 0 0 0 0 0 0 0 0 0.0714286 0.142857 0.0714286 0.0714286 0.142857 0.285714 0.214286 0 0 0 0 0 0 0 

544 535 376 37 0 0.299065 0 0 0 0 0 0 0 0 0 0 0 0 0 0 0 0 0 0 0 0.0625 0 0.3125 0.25 0.1875 0.1875 0 0 0 0 0 0 0 0 

448 431 319 37 0 0.37123 0 0 0 0 0 0 0 0 0 0 0 0 0 0 0 0 0 0 0 0.0769231 0 0 0.0769231 0.384615 0.153846 0.307692 0 0 0 0 0 0 0 

480 470 354 37 0 0.340426 0 0 0 0 0 0 0 0 0 0 0 0 0 0 0 0 0 0 0 0 0.0714286 0.0714286 0.0714286 0.142857 0.214286 0.357143 0.0714286 0 0 0 0 0 0 

256 241 181 37 0 0.6639 0 0 0 0 0 0 0 0 0 0 0 0 0 0 0 0 0 0 0 0 0 0.142857 0.142857 0 0.571429 0.142857 0 0 0 0 0 0 0 

320 305 225 37 0 0.52459 0 0 0 0 0 0 0 0 0 0 0 0 0 0 0 0 0 0 0 0 0 0.111111 0.333333 0.111111 0.333333 0 0.111111 0 0 0 0 0 0 

320 315 238 37 0 0.507937 0 0 0 0 0 0 0 0 0 0 0 0 0 0 0 0 0 0 0 0 0.111111 0 0 0.444444 0.111111 0.333333 0 0 0 0 0 0 0 

352 341 252 37 0 0.469208 0 0 0 0 0 0 0 0 0 0 0 0 0 0 0 0 0 0 0 0 0.1 0.1 0.2 0.2 0.1 0.2 0.1 0 0 0 0 0 0 

608 585 420 37 0 0.273504 0 0 0 0 0 0 0 0 0 0 0 0 0 0 0 0 0 0 0 0.0555556 0.277778 0 0 0.0555556 0.333333 0.277778 0 0 0 0 0 0 0 

256 226 160 23 0 0.707965 0 0 0 0 0 0 0 0 0 0 0 0 0 0 0 0 0 0 0 0 0.142857 0 0.285714 0.285714 0.285714 0 0 0 0 0 0 0 0 

224 211 160 29 0 0.758294 0 0 0 0 0 0 0 0 0 0 0 0 0 0 0 0 0 0 0 0 0 0.333333 0 0.166667 0.166667 0.166667 0 0.166667 0 0 0 0 0 

224 216 161 36 0 0.740741 0 0 0 0 0 0 0 0 0 0 0 0 0 0 0 0 0 0 0 0 0 0.333333 0 0.333333 0.166667 0.166667 0 0 0 0 0 0 0 

256 240 179 37 0 0.666667 0 0 0 0 0 0 0 0 0 0 0 0 0 0 0 0 0 0 0 0 0 0.142857 0.142857 0.285714 0.142857 0.285714 0 0 0 0 0 0 0 

224 208 160 32 0 0.769231 0 0 0 0 0 0 0 0 0 0 0 0 0 0 0 0 0 0 0 0 0 0 0.333333 0.166667 0.166667 0 0.166667 0.166667 0 0 0 0 0 

224 213 161 34 0 0.751174 0 0 0 0 0 0 0 0 0 0 0 0 0 0 0 0 0 0 0 0 0 0.166667 0 0.333333 0.333333 0.166667 0 0 0 0 0 0 0 

224 213 160 28 0 0.751174 0 0 0 0 0 0 0 0 0 0 0 0 0 0 0 0 0 0 0 0 0 0.166667 0.333333 0 0.166667 0.333333 0 0 0 0 0 0 0 

288 274 213 37 0 0.583942 0 0 0 0 0 0 0 0 0 0 0 0 0 0 0 0 0 0 0 0 0 0 0.125 0.375 0 0.125 0.25 0.125 0 0 0 0 0 

256 236 178 37 0 0.677966 0 0 0 0 0 0 0 0 0 0 0 0 0 0 0 0 0 0 0 0 0 0 0.142857 0.285714 0.428571 0 0.142857 0 0 0 0 0 0 

288 270 192 37 0 0.592593 0 0 0 0 0 0 0 0 0 0 0 0 0 0 0 0 0 0 0 0 0 0.5 0.125 0.125 0.125 0.125 0 0 0 0 0 0 0 

224 214 163 37 0 0.747664 0 0 0 0 0 0 0 0 0 0 0 0 0 0 0 0 0 0 0 0 0 0 0.5 0.166667 0 0 0.333333 0 0 0 0 0 0 

224 212 160 29 0 0.754717 0 0 0 0 0 0 0 0 0 0 0 0 0 0 0 0 0 0 0 0.166667 0 0 0 0.333333 0.166667 0.166667 0.166667 0 0 0 0 0 0 

256 232 174 37 0 0.689655 0 0 0 0 0 0 0 0 0 0 0 0 0 0 0 0 0 0 0 0 0 0 0 0.714286 0.142857 0 0 0.142857 0 0 0 0 0 

256 244 184 37 0 0.655738 0 0 0 0 0 0 0 0 0 0 0 0 0 0 0 0 0 0 0 0 0 0 0.285714 0.285714 0.285714 0 0.142857 0 0 0 0 0 0 

224 211 160 28 0 0.758294 0 0 0 0 0 0 0 0 0 0 0 0 0 0 0 0 0 0 0 0 0 0.166667 0.166667 0.166667 0 0.5 0 0 0 0 0 0 0 

224 207 161 37 0 0.772947 0 0 0 0 0 0 0 0 0 0 0 0 0 0 0 0 0 0 0 0 0 0 0 0.333333 0.166667 0.333333 0.166667 0 0 0 0 0 0 

256 233 161 35 0 0.686695 0 0 0 0 0 0 0 0 0 0 0 0 0 0 0 0 0 0.142857 0 0.142857 0 0.142857 0.142857 0 0.285714 0.142857 0 0 0 0 0 0 0 

256 226 165 31 0 0.707965 0 0 0 0 0 0 0 0 0 0 0 0 0 0 0 0 0 0 0 0 0 0.142857 0.142857 0.142857 0.428571 0.142857 0 0 0 0 0 0 0 

288 264 182 37 0 0.606061 0 0 0 0 0 0 0 0 0 0 0 0 0 0 0 0 0 0 0 0 0.25 0.25 0.125 0.25 0.125 0 0 0 0 0 0 0 0 

256 226 161 35 0 0.707965 0 0 0 0 0 0 0 0 0 0 0 0 0 0 0 0 0 0 0 0 0 0.285714 0.142857 0.285714 0.142857 0.142857 0 0 0 0 0 0 0 

224 210 160 32 0 0.761905 0 0 0 0 0 0 0 0 0 0 0 0 0 0 0 0 0 0 0 0 0 0 0.166667 0.166667 0.5 0.166667 0 0 0 0 0 0 0 

256 233 171 37 0 0.686695 0 0 0 0 0 0 0 0 0 0 0 0 0 0 0 0 0 0 0 0.142857 0 0 0.142857 0.285714 0 0.428571 0 0 0 0 0 0 0 

256 232 169 37 0 0.689655 0 0 0 0 0 0 0 0 0 0 0 0 0 0 0 0 0 0 0 0 0 0 0.285714 0.428571 0.285714 0 0 0 0 0 0 0 0 

224 218 160 35 0 0.733945 0 0 0 0 0 0 0 0 0 0 0 0 0 0 0 0 0 0 0 0 0.166667 0.333333 0 0.166667 0.166667 0 0.166667 0 0 0 0 0 0 

320 296 225 37 0 0.540541 0 0 0 0 0 0 0 0 0 0 0 0 0 0 0 0 0 0 0 0 0 0 0 0.333333 0.444444 0.111111 0 0.111111 0 0 0 0 0 

320 292 221 37 0 0.547945 0 0 0 0 0 0 0 0 0 0 0 0 0 0 0 0 0 0 0 0 0 0 0 0.333333 0.333333 0.222222 0.111111 0 0 0 0 0 0 

288 265 201 37 0 0.603774 0 0 0 0 0 0 0 0 0 0 0 0 0 0 0 0 0 0 0 0 0 0.125 0.125 0 0.5 0 0.125 0.125 0 0 0 0 0 

256 236 184 37 0 0.677966 0 0 0 0 0 0 0 0 0 0 0 0 0 0 0 0 0 0 0 0 0 0 0 0.142857 0.285714 0.428571 0.142857 0 0 0 0 0 0 

