9600 9600 6964 53 319 0.000104167 0 0 0 0 0 0 0 0 0 0 0 0 0 0 0 0 0.00668896 0 0.0167224 0.0167224 0.0468227 0.0802676 0.12709 0.227425 0.204013 0.210702 0.0434783 0.0167224 0.00334448 0 0 0 0 

9600 9600 6962 53 319 0.000104167 0 0 0 0 0 0 0 0 0 0 0 0 0 0 0 0 0 0.00334448 0.00334448 0.0200669 0.0367893 0.0735786 0.173913 0.240803 0.217391 0.167224 0.0535117 0.0100334 0 0 0 0 0 

9600 9600 6957 53 319 0.000104167 0 0 0 0 0 0 0 0 0 0 0 0 0 0 0 0 0 0 0.0100334 0.0167224 0.0334448 0.090301 0.177258 0.207358 0.254181 0.130435 0.0668896 0.0133779 0 0 0 0 0 

9600 9600 6994 53 319 0.000104167 0 0 0 0 0 0 0 0 0 0 0 0 0 0 0 0 0 0 0 0.0133779 0.0434783 0.0936455 0.150502 0.204013 0.247492 0.180602 0.0468227 0.0200669 0 0 0 0 0 

9600 9600 6995 53 319 0.000104167 0 0 0 0 0 0 0 0 0 0 0 0 0 0 0 0 0 0.00334448 0 0.0200669 0.0133779 0.083612 0.190635 0.234114 0.22408 0.130435 0.0702341 0.0267559 0.00334448 0 0 0 0 

9600 9600 6951 53 319 0.000104167 0 0 0 0 0 0 0 0 0 0 0 0 0 0 0 0 0 0.00668896 0.00334448 0.0133779 0.0334448 0.0702341 0.200669 0.234114 0.237458 0.137124 0.0501672 0.00668896 0.00668896 0 0 0 0 

9600 9600 6991 53 319 0.000104167 0 0 0 0 0 0 0 0 0 0 0 0 0 0 0 0 0 0 0.00668896 0.0200669 0.0434783 0.0869565 0.130435 0.237458 0.237458 0.130435 0.0869565 0.0100334 0.0100334 0 0 0 0 

