224 209 156 32 0 0.574163 0 0 0 0 0 0 0 0 0 0 0 0 0 0 0 0 0 0 0 0 0.166667 0 0.166667 0 0.5 0.166667 0 0 0 0 0 0 0 

224 210 164 32 0 0.571429 0 0 0 0 0 0 0 0 0 0 0 0 0 0 0 0 0 0 0 0 0 0.166667 0 0 0.333333 0.166667 0.333333 0 0 0 0 0 0 

224 211 159 32 0 0.56872 0 0 0 0 0 0 0 0 0 0 0 0 0 0 0 0 0 0 0 0 0.166667 0 0 0.333333 0.166667 0.333333 0 0 0 0 0 0 0 

224 211 156 32 0 0.56872 0 0 0 0 0 0 0 0 0 0 0 0 0 0 0 0 0 0 0 0 0 0.166667 0.333333 0.166667 0.166667 0.166667 0 0 0 0 0 0 0 

224 209 158 32 0 0.574163 0 0 0 0 0 0 0 0 0 0 0 0 0 0 0 0 0 0 0 0 0 0 0.5 0 0 0.5 0 0 0 0 0 0 0 

224 208 157 32 0 0.576923 0 0 0 0 0 0 0 0 0 0 0 0 0 0 0 0 0 0 0 0 0 0.166667 0.166667 0.166667 0.166667 0.166667 0.166667 0 0 0 0 0 0 

224 210 159 32 0 0.571429 0 0 0 0 0 0 0 0 0 0 0 0 0 0 0 0 0 0 0 0 0 0 0.166667 0.166667 0.666667 0 0 0 0 0 0 0 0 

224 210 154 32 0 0.571429 0 0 0 0 0 0 0 0 0 0 0 0 0 0 0 0 0 0 0 0 0.166667 0 0.333333 0.166667 0.166667 0.166667 0 0 0 0 0 0 0 

224 210 157 32 0 0.571429 0 0 0 0 0 0 0 0 0 0 0 0 0 0 0 0 0 0 0 0 0 0.166667 0 0.5 0.166667 0.166667 0 0 0 0 0 0 0 

224 211 151 32 0 0.56872 0 0 0 0 0 0 0 0 0 0 0 0 0 0 0 0 0 0 0 0.166667 0 0.166667 0.166667 0.333333 0.166667 0 0 0 0 0 0 0 0 

