15584 15560 11259 268 0 0.514139 0 0 0 0 0 0 0 0 0 0 0 0 0 0 0 0 0 0.00205761 0.00617284 0.0185185 0.0555556 0.0802469 0.162551 0.220165 0.253086 0.127572 0.0514403 0.0185185 0.00411523 0 0 0 0 

16064 16043 11657 268 0 0.49866 0 0 0 0 0 0 0 0 0 0 0 0 0 0 0 0 0 0 0.00399202 0.0159681 0.0419162 0.0958084 0.143713 0.223553 0.247505 0.147705 0.0738523 0.00399202 0.00199601 0 0 0 0 

15904 15889 11619 268 0 0.503493 0 0 0 0 0 0 0 0 0 0 0 0 0 0 0 0 0 0.00201613 0.00201613 0.016129 0.0423387 0.0846774 0.153226 0.183468 0.243952 0.155242 0.0947581 0.0221774 0 0 0 0 0 

16224 16207 11764 268 0 0.493614 0 0 0 0 0 0 0 0 0 0 0 0 0 0 0 0 0.00197628 0.00197628 0.00790514 0.0197628 0.0375494 0.0849802 0.162055 0.209486 0.237154 0.15415 0.06917 0.013834 0 0 0 0 0 

16128 16105 11646 268 0 0.49674 0 0 0 0 0 0 0 0 0 0 0 0 0 0 0 0 0 0.00198807 0.0119284 0.0218688 0.0377734 0.0854871 0.161034 0.230616 0.242545 0.131213 0.0675944 0.00795229 0 0 0 0 0 

15584 15559 11279 268 0 0.514172 0 0 0 0 0 0 0 0 0 0 0 0 0 0 0 0 0 0.00205761 0.00823045 0.00823045 0.0390947 0.0864198 0.170782 0.255144 0.205761 0.148148 0.0658436 0.0102881 0 0 0 0 0 

15904 15887 11583 268 0 0.503556 0 0 0 0 0 0 0 0 0 0 0 0 0 0 0 0 0 0 0.00403226 0.0141129 0.0302419 0.0705645 0.1875 0.217742 0.227823 0.167339 0.0685484 0.0100806 0.00201613 0 0 0 0 

15776 15749 11467 268 0 0.507969 0 0 0 0 0 0 0 0 0 0 0 0 0 0 0 0 0.00203252 0.00406504 0 0.0101626 0.0264228 0.0934959 0.186992 0.227642 0.199187 0.144309 0.0853659 0.0162602 0.00406504 0 0 0 0 

15808 15778 11485 268 0 0.507035 0 0 0 0 0 0 0 0 0 0 0 0 0 0 0 0 0.0020284 0 0.0040568 0.0223124 0.0243408 0.0872211 0.148073 0.243408 0.227181 0.160243 0.0608519 0.020284 0 0 0 0 0 

15872 15849 11526 268 0 0.504764 0 0 0 0 0 0 0 0 0 0 0 0 0 0 0 0 0 0.0020202 0.0040404 0.0161616 0.0242424 0.0787879 0.165657 0.262626 0.232323 0.131313 0.0686869 0.0121212 0.0020202 0 0 0 0 

