448 417 310 37 0 0.383693 0 0 0 0 0 0 0 0 0 0 0 0 0 0 0 0 0 0 0 0 0 0 0.230769 0.230769 0.230769 0.153846 0.153846 0 0 0 0 0 0 

448 417 309 37 0 0.383693 0 0 0 0 0 0 0 0 0 0 0 0 0 0 0 0 0 0 0 0.0769231 0 0 0.153846 0.153846 0.230769 0.307692 0 0.0769231 0 0 0 0 0 

448 417 311 37 0 0.383693 0 0 0 0 0 0 0 0 0 0 0 0 0 0 0 0 0 0 0 0 0 0 0.153846 0.153846 0.384615 0.307692 0 0 0 0 0 0 0 

448 417 300 37 0 0.383693 0 0 0 0 0 0 0 0 0 0 0 0 0 0 0 0 0 0 0 0.0769231 0 0.0769231 0.0769231 0.384615 0.307692 0 0.0769231 0 0 0 0 0 0 

448 417 297 37 0 0.383693 0 0 0 0 0 0 0 0 0 0 0 0 0 0 0 0 0 0 0 0 0.153846 0 0.307692 0.153846 0.307692 0 0.0769231 0 0 0 0 0 0 

480 449 315 37 0 0.356347 0 0 0 0 0 0 0 0 0 0 0 0 0 0 0 0 0 0.0714286 0 0 0 0.214286 0.214286 0.0714286 0.357143 0.0714286 0 0 0 0 0 0 0 

448 417 302 37 0 0.383693 0 0 0 0 0 0 0 0 0 0 0 0 0 0 0 0 0 0 0 0 0 0.0769231 0.153846 0.384615 0.307692 0.0769231 0 0 0 0 0 0 0 

448 417 312 37 0 0.383693 0 0 0 0 0 0 0 0 0 0 0 0 0 0 0 0 0 0 0 0 0 0 0.0769231 0.307692 0.307692 0.230769 0.0769231 0 0 0 0 0 0 

448 417 307 37 0 0.383693 0 0 0 0 0 0 0 0 0 0 0 0 0 0 0 0 0 0 0 0 0 0.153846 0.230769 0.0769231 0.230769 0.0769231 0.230769 0 0 0 0 0 0 

480 449 317 37 0 0.356347 0 0 0 0 0 0 0 0 0 0 0 0 0 0 0 0 0 0 0.0714286 0.0714286 0.0714286 0 0.214286 0.285714 0 0.214286 0.0714286 0 0 0 0 0 0 

