704 679 493 53 0 0.471281 0 0 0 0 0 0 0 0 0 0 0 0 0 0 0 0 0 0 0.047619 0 0.047619 0.047619 0.142857 0.238095 0.238095 0.190476 0.047619 0 0 0 0 0 0 

704 680 475 53 0 0.470588 0 0 0 0 0 0 0 0 0 0 0 0 0 0 0 0 0 0 0.047619 0.047619 0.142857 0.142857 0.190476 0 0.285714 0.142857 0 0 0 0 0 0 0 

704 679 495 53 0 0.471281 0 0 0 0 0 0 0 0 0 0 0 0 0 0 0 0 0 0 0 0 0 0.047619 0.238095 0.428571 0.0952381 0.0952381 0.0952381 0 0 0 0 0 0 

672 655 478 53 0 0.48855 0 0 0 0 0 0 0 0 0 0 0 0 0 0 0 0 0 0 0 0 0 0.05 0.15 0.45 0.3 0.05 0 0 0 0 0 0 0 

672 655 488 53 0 0.48855 0 0 0 0 0 0 0 0 0 0 0 0 0 0 0 0 0 0 0 0 0 0.1 0.05 0.35 0.3 0.05 0.1 0.05 0 0 0 0 0 

704 679 493 53 0 0.471281 0 0 0 0 0 0 0 0 0 0 0 0 0 0 0 0 0 0 0.047619 0.047619 0.047619 0.0952381 0.0952381 0.142857 0.238095 0.0952381 0.190476 0 0 0 0 0 0 

704 680 491 53 0 0.470588 0 0 0 0 0 0 0 0 0 0 0 0 0 0 0 0 0 0.047619 0 0 0 0.190476 0.142857 0.142857 0.238095 0.142857 0.0952381 0 0 0 0 0 0 

672 655 478 53 0 0.48855 0 0 0 0 0 0 0 0 0 0 0 0 0 0 0 0 0 0 0.05 0 0.05 0.05 0.2 0.2 0.2 0.15 0.05 0.05 0 0 0 0 0 

704 679 512 53 0 0.471281 0 0 0 0 0 0 0 0 0 0 0 0 0 0 0 0 0 0 0 0 0 0.047619 0.0952381 0.142857 0.380952 0.190476 0.0952381 0.047619 0 0 0 0 0 

672 655 495 53 0 0.48855 0 0 0 0 0 0 0 0 0 0 0 0 0 0 0 0 0 0 0 0 0 0.05 0.05 0.35 0.2 0.15 0.15 0.05 0 0 0 0 0 

672 655 483 53 0 0.48855 0 0 0 0 0 0 0 0 0 0 0 0 0 0 0 0 0 0 0 0 0 0.1 0.2 0.15 0.35 0.15 0.05 0 0 0 0 0 0 

704 679 499 53 0 0.471281 0 0 0 0 0 0 0 0 0 0 0 0 0 0 0 0 0 0 0 0 0.047619 0.047619 0.285714 0.142857 0.238095 0.142857 0 0.047619 0.047619 0 0 0 0 

672 655 489 53 0 0.48855 0 0 0 0 0 0 0 0 0 0 0 0 0 0 0 0 0 0 0 0 0.1 0.1 0.1 0.15 0.05 0.35 0.05 0.1 0 0 0 0 0 

672 654 494 53 0 0.489297 0 0 0 0 0 0 0 0 0 0 0 0 0 0 0 0 0 0 0 0 0 0 0.25 0.15 0.25 0.15 0.1 0.1 0 0 0 0 0 

672 655 479 53 0 0.48855 0 0 0 0 0 0 0 0 0 0 0 0 0 0 0 0 0 0 0 0 0.05 0.05 0.15 0.45 0.15 0.05 0.05 0.05 0 0 0 0 0 

672 655 474 53 0 0.48855 0 0 0 0 0 0 0 0 0 0 0 0 0 0 0 0 0 0 0.05 0 0 0.2 0.1 0.1 0.4 0.15 0 0 0 0 0 0 0 

672 657 479 53 0 0.487062 0 0 0 0 0 0 0 0 0 0 0 0 0 0 0 0 0 0 0 0 0.05 0.1 0.25 0.2 0.15 0.2 0.05 0 0 0 0 0 0 

672 655 476 53 0 0.48855 0 0 0 0 0 0 0 0 0 0 0 0 0 0 0 0 0 0 0 0 0.05 0.1 0.2 0.2 0.3 0.15 0 0 0 0 0 0 0 

672 655 485 53 0 0.48855 0 0 0 0 0 0 0 0 0 0 0 0 0 0 0 0 0 0 0 0 0 0.2 0.1 0.15 0.3 0.05 0.2 0 0 0 0 0 0 

672 656 476 53 0 0.487805 0 0 0 0 0 0 0 0 0 0 0 0 0 0 0 0 0 0 0 0.05 0 0.05 0.2 0.4 0.15 0.1 0.05 0 0 0 0 0 0 

672 655 480 53 0 0.48855 0 0 0 0 0 0 0 0 0 0 0 0 0 0 0 0 0 0 0 0.05 0 0 0.25 0.2 0.3 0.2 0 0 0 0 0 0 0 

672 655 473 53 0 0.48855 0 0 0 0 0 0 0 0 0 0 0 0 0 0 0 0 0 0 0 0 0.1 0.15 0.05 0.3 0.25 0.15 0 0 0 0 0 0 0 

672 655 475 53 0 0.48855 0 0 0 0 0 0 0 0 0 0 0 0 0 0 0 0 0 0 0 0 0.05 0.15 0.1 0.35 0.25 0 0.1 0 0 0 0 0 0 

672 655 466 53 0 0.48855 0 0 0 0 0 0 0 0 0 0 0 0 0 0 0 0 0 0.05 0 0.05 0.05 0.2 0.05 0.2 0.2 0.15 0.05 0 0 0 0 0 0 

672 654 498 53 0 0.489297 0 0 0 0 0 0 0 0 0 0 0 0 0 0 0 0 0 0 0 0 0 0 0.05 0.25 0.35 0.15 0.2 0 0 0 0 0 0 

672 655 479 53 0 0.48855 0 0 0 0 0 0 0 0 0 0 0 0 0 0 0 0 0 0 0 0 0 0.2 0.1 0.3 0.25 0.05 0.05 0.05 0 0 0 0 0 

704 679 505 53 0 0.471281 0 0 0 0 0 0 0 0 0 0 0 0 0 0 0 0 0 0 0 0 0.0952381 0.047619 0.0952381 0.0952381 0.333333 0.190476 0.0952381 0.047619 0 0 0 0 0 

704 678 487 53 0 0.471976 0 0 0 0 0 0 0 0 0 0 0 0 0 0 0 0 0 0 0 0.047619 0.0952381 0.142857 0.047619 0.285714 0.0952381 0.238095 0.047619 0 0 0 0 0 0 

768 741 519 53 0 0.431849 0 0 0 0 0 0 0 0 0 0 0 0 0 0 0 0 0 0 0.0434783 0.0434783 0.0434783 0.26087 0.0434783 0.217391 0.26087 0.0869565 0 0 0 0 0 0 0 

672 655 479 53 0 0.48855 0 0 0 0 0 0 0 0 0 0 0 0 0 0 0 0 0 0 0 0 0.05 0.15 0.05 0.3 0.3 0.05 0.1 0 0 0 0 0 0 

672 655 478 53 0 0.48855 0 0 0 0 0 0 0 0 0 0 0 0 0 0 0 0 0 0 0 0 0.05 0 0.3 0.2 0.35 0.05 0.05 0 0 0 0 0 0 

672 654 495 53 0 0.489297 0 0 0 0 0 0 0 0 0 0 0 0 0 0 0 0 0 0 0 0.05 0 0.05 0 0.2 0.3 0.15 0.25 0 0 0 0 0 0 

704 679 487 53 0 0.471281 0 0 0 0 0 0 0 0 0 0 0 0 0 0 0 0 0 0 0 0 0.0952381 0.047619 0.285714 0.142857 0.333333 0.0952381 0 0 0 0 0 0 0 

704 679 489 53 0 0.471281 0 0 0 0 0 0 0 0 0 0 0 0 0 0 0 0 0 0 0 0.047619 0 0.0952381 0.238095 0.285714 0.142857 0.142857 0.047619 0 0 0 0 0 0 

672 657 494 53 0 0.487062 0 0 0 0 0 0 0 0 0 0 0 0 0 0 0 0 0 0 0 0 0 0 0.1 0.3 0.35 0.15 0.1 0 0 0 0 0 0 

672 655 472 53 0 0.48855 0 0 0 0 0 0 0 0 0 0 0 0 0 0 0 0 0 0 0 0.05 0 0.1 0.3 0.15 0.3 0.05 0.05 0 0 0 0 0 0 

672 655 473 53 0 0.48855 0 0 0 0 0 0 0 0 0 0 0 0 0 0 0 0 0 0 0 0 0 0.1 0.35 0.3 0.05 0.2 0 0 0 0 0 0 0 

672 655 481 53 0 0.48855 0 0 0 0 0 0 0 0 0 0 0 0 0 0 0 0 0 0 0 0.05 0 0.05 0.2 0.25 0.15 0.25 0.05 0 0 0 0 0 0 

704 680 498 53 0 0.470588 0 0 0 0 0 0 0 0 0 0 0 0 0 0 0 0 0 0 0 0 0.047619 0.047619 0.142857 0.238095 0.380952 0.0952381 0.047619 0 0 0 0 0 0 

704 679 506 53 0 0.471281 0 0 0 0 0 0 0 0 0 0 0 0 0 0 0 0 0 0 0 0 0 0.047619 0.0952381 0.285714 0.285714 0.190476 0.0952381 0 0 0 0 0 0 

704 679 502 53 0 0.471281 0 0 0 0 0 0 0 0 0 0 0 0 0 0 0 0 0 0 0 0 0 0.0952381 0.190476 0.238095 0.142857 0.190476 0.142857 0 0 0 0 0 0 

704 680 485 53 0 0.470588 0 0 0 0 0 0 0 0 0 0 0 0 0 0 0 0 0 0 0 0 0.0952381 0.142857 0.238095 0.190476 0.190476 0.0952381 0.047619 0 0 0 0 0 0 

704 678 496 53 0 0.471976 0 0 0 0 0 0 0 0 0 0 0 0 0 0 0 0 0 0 0 0.047619 0.047619 0.047619 0.238095 0.047619 0.190476 0.333333 0.047619 0 0 0 0 0 0 

672 655 478 53 0 0.48855 0 0 0 0 0 0 0 0 0 0 0 0 0 0 0 0 0 0 0 0 0.15 0.1 0.05 0.2 0.2 0.25 0.05 0 0 0 0 0 0 

672 655 478 53 0 0.48855 0 0 0 0 0 0 0 0 0 0 0 0 0 0 0 0 0 0 0 0.05 0.05 0.05 0.15 0.2 0.25 0.25 0 0 0 0 0 0 0 

672 655 490 53 0 0.48855 0 0 0 0 0 0 0 0 0 0 0 0 0 0 0 0 0 0 0 0.05 0 0 0.05 0.3 0.2 0.4 0 0 0 0 0 0 0 

704 679 491 53 0 0.471281 0 0 0 0 0 0 0 0 0 0 0 0 0 0 0 0 0 0.047619 0 0 0.0952381 0 0.190476 0.190476 0.190476 0.238095 0.047619 0 0 0 0 0 0 

672 655 485 53 0 0.48855 0 0 0 0 0 0 0 0 0 0 0 0 0 0 0 0 0 0 0 0 0 0.15 0.15 0.2 0.2 0.15 0.15 0 0 0 0 0 0 

672 655 484 53 0 0.48855 0 0 0 0 0 0 0 0 0 0 0 0 0 0 0 0 0 0 0 0 0.05 0 0.2 0.3 0.3 0 0.1 0.05 0 0 0 0 0 

672 657 497 53 0 0.487062 0 0 0 0 0 0 0 0 0 0 0 0 0 0 0 0 0 0 0 0 0 0.05 0.2 0.05 0.3 0.25 0.1 0.05 0 0 0 0 0 

672 654 489 53 0 0.489297 0 0 0 0 0 0 0 0 0 0 0 0 0 0 0 0 0 0 0 0 0 0.1 0.15 0.15 0.2 0.3 0.1 0 0 0 0 0 0 

672 655 480 53 0 0.48855 0 0 0 0 0 0 0 0 0 0 0 0 0 0 0 0 0 0 0.05 0 0.1 0.1 0.05 0.2 0.2 0.15 0.05 0.1 0 0 0 0 0 

704 678 492 53 0 0.471976 0 0 0 0 0 0 0 0 0 0 0 0 0 0 0 0 0 0 0 0.047619 0.047619 0.0952381 0.0952381 0.190476 0.333333 0.142857 0.047619 0 0 0 0 0 0 

672 657 491 53 0 0.487062 0 0 0 0 0 0 0 0 0 0 0 0 0 0 0 0 0 0 0 0 0 0.05 0.15 0.2 0.35 0.15 0.1 0 0 0 0 0 0 

704 678 487 53 0 0.471976 0 0 0 0 0 0 0 0 0 0 0 0 0 0 0 0 0 0 0 0.047619 0 0.0952381 0.238095 0.238095 0.285714 0.047619 0.047619 0 0 0 0 0 0 

704 679 505 53 0 0.471281 0 0 0 0 0 0 0 0 0 0 0 0 0 0 0 0 0 0 0 0 0 0.142857 0.142857 0.047619 0.333333 0.190476 0.142857 0 0 0 0 0 0 

672 656 477 53 0 0.487805 0 0 0 0 0 0 0 0 0 0 0 0 0 0 0 0 0 0 0 0 0.05 0.2 0.1 0.15 0.3 0.2 0 0 0 0 0 0 0 

704 679 501 53 0 0.471281 0 0 0 0 0 0 0 0 0 0 0 0 0 0 0 0 0 0 0.047619 0 0.047619 0 0.047619 0.380952 0.190476 0.190476 0 0.0952381 0 0 0 0 0 

704 680 495 53 0 0.470588 0 0 0 0 0 0 0 0 0 0 0 0 0 0 0 0 0 0 0 0.047619 0.047619 0.0952381 0.142857 0.0952381 0.380952 0.0952381 0.0952381 0 0 0 0 0 0 

704 678 482 53 0 0.471976 0 0 0 0 0 0 0 0 0 0 0 0 0 0 0 0 0 0 0 0.047619 0.142857 0.047619 0.285714 0.142857 0.142857 0.047619 0.142857 0 0 0 0 0 0 

672 655 495 53 0 0.48855 0 0 0 0 0 0 0 0 0 0 0 0 0 0 0 0 0 0 0 0 0.05 0.05 0.1 0.1 0.25 0.35 0.05 0 0.05 0 0 0 0 

672 660 485 53 0 0.484848 0 0 0 0 0 0 0 0 0 0 0 0 0 0 0 0 0 0 0 0 0.1 0.1 0.05 0.3 0.2 0.15 0.1 0 0 0 0 0 0 

672 650 482 53 0 0.492308 0 0 0 0 0 0 0 0 0 0 0 0 0 0 0 0 0 0 0 0 0.1 0.05 0.1 0.3 0.1 0.15 0.1 0.1 0 0 0 0 0 

672 655 488 53 0 0.48855 0 0 0 0 0 0 0 0 0 0 0 0 0 0 0 0 0 0 0 0 0.1 0 0.05 0.3 0.25 0.2 0.05 0.05 0 0 0 0 0 

704 679 498 53 0 0.471281 0 0 0 0 0 0 0 0 0 0 0 0 0 0 0 0 0 0.047619 0 0 0.047619 0 0.0952381 0.333333 0.142857 0.238095 0.0952381 0 0 0 0 0 0 

672 655 479 53 0 0.48855 0 0 0 0 0 0 0 0 0 0 0 0 0 0 0 0 0 0 0 0.05 0.05 0 0.1 0.4 0.2 0.15 0.05 0 0 0 0 0 0 

672 655 483 53 0 0.48855 0 0 0 0 0 0 0 0 0 0 0 0 0 0 0 0 0 0 0 0 0.05 0 0.2 0.3 0.2 0.2 0.05 0 0 0 0 0 0 

672 657 493 53 0 0.487062 0 0 0 0 0 0 0 0 0 0 0 0 0 0 0 0 0 0 0.05 0 0.05 0 0.05 0.15 0.25 0.35 0.1 0 0 0 0 0 0 

704 680 494 53 0 0.470588 0 0 0 0 0 0 0 0 0 0 0 0 0 0 0 0 0 0 0 0.047619 0 0 0.333333 0.190476 0.238095 0.142857 0.047619 0 0 0 0 0 0 

672 654 494 53 0 0.489297 0 0 0 0 0 0 0 0 0 0 0 0 0 0 0 0 0 0 0 0 0.05 0.05 0 0.15 0.35 0.3 0.1 0 0 0 0 0 0 

672 655 478 53 0 0.48855 0 0 0 0 0 0 0 0 0 0 0 0 0 0 0 0 0 0 0 0 0.1 0.05 0.15 0.2 0.3 0.2 0 0 0 0 0 0 0 

672 655 485 53 0 0.48855 0 0 0 0 0 0 0 0 0 0 0 0 0 0 0 0 0 0 0 0.05 0.05 0 0.1 0.2 0.4 0.1 0.05 0.05 0 0 0 0 0 

672 655 478 53 0 0.48855 0 0 0 0 0 0 0 0 0 0 0 0 0 0 0 0 0 0 0.05 0 0.05 0 0.15 0.3 0.3 0.05 0.1 0 0 0 0 0 0 

672 657 490 53 0 0.487062 0 0 0 0 0 0 0 0 0 0 0 0 0 0 0 0 0 0 0 0 0 0.2 0.05 0.1 0.25 0.35 0.05 0 0 0 0 0 0 

672 655 486 53 0 0.48855 0 0 0 0 0 0 0 0 0 0 0 0 0 0 0 0 0 0 0 0 0 0.15 0.15 0.2 0.15 0.2 0.15 0 0 0 0 0 0 

672 657 492 53 0 0.487062 0 0 0 0 0 0 0 0 0 0 0 0 0 0 0 0 0 0 0 0 0.05 0 0.1 0.15 0.5 0.1 0.1 0 0 0 0 0 0 

672 655 479 53 0 0.48855 0 0 0 0 0 0 0 0 0 0 0 0 0 0 0 0 0 0.05 0 0.05 0 0 0.3 0.15 0.1 0.15 0.2 0 0 0 0 0 0 

672 655 484 53 0 0.48855 0 0 0 0 0 0 0 0 0 0 0 0 0 0 0 0 0 0 0 0.05 0 0.1 0.1 0.15 0.3 0.25 0.05 0 0 0 0 0 0 

672 655 493 53 0 0.48855 0 0 0 0 0 0 0 0 0 0 0 0 0 0 0 0 0 0 0 0 0 0.05 0.1 0.2 0.35 0.2 0.05 0.05 0 0 0 0 0 

704 679 492 53 0 0.471281 0 0 0 0 0 0 0 0 0 0 0 0 0 0 0 0 0 0 0 0 0 0.047619 0.142857 0.47619 0.333333 0 0 0 0 0 0 0 0 

672 655 480 53 0 0.48855 0 0 0 0 0 0 0 0 0 0 0 0 0 0 0 0 0 0 0 0 0 0.25 0.1 0.25 0.15 0.1 0.1 0.05 0 0 0 0 0 

704 678 491 53 0 0.471976 0 0 0 0 0 0 0 0 0 0 0 0 0 0 0 0 0 0 0 0 0.142857 0.0952381 0.190476 0.047619 0.238095 0.238095 0 0.047619 0 0 0 0 0 

768 741 537 53 0 0.431849 0 0 0 0 0 0 0 0 0 0 0 0 0 0 0 0 0 0 0 0.0434783 0.0434783 0.0434783 0.173913 0.347826 0.130435 0.0869565 0.130435 0 0 0 0 0 0 

672 655 483 53 0 0.48855 0 0 0 0 0 0 0 0 0 0 0 0 0 0 0 0 0 0 0 0 0 0.25 0.1 0.1 0.35 0.05 0.05 0.1 0 0 0 0 0 

704 679 486 53 0 0.471281 0 0 0 0 0 0 0 0 0 0 0 0 0 0 0 0 0 0 0.047619 0.047619 0 0 0.285714 0.285714 0.190476 0.0952381 0.047619 0 0 0 0 0 0 

672 656 486 53 0 0.487805 0 0 0 0 0 0 0 0 0 0 0 0 0 0 0 0 0 0 0 0 0.05 0.05 0.15 0.2 0.3 0.15 0.1 0 0 0 0 0 0 

704 679 481 53 0 0.471281 0 0 0 0 0 0 0 0 0 0 0 0 0 0 0 0 0 0 0 0 0.190476 0.142857 0.190476 0.0952381 0.238095 0.047619 0.0952381 0 0 0 0 0 0 

672 655 488 53 0 0.48855 0 0 0 0 0 0 0 0 0 0 0 0 0 0 0 0 0 0 0 0 0 0.1 0.1 0.2 0.3 0.25 0.05 0 0 0 0 0 0 

672 657 494 53 0 0.487062 0 0 0 0 0 0 0 0 0 0 0 0 0 0 0 0 0 0 0 0 0 0.1 0 0.25 0.4 0.1 0.15 0 0 0 0 0 0 

672 657 480 53 0 0.487062 0 0 0 0 0 0 0 0 0 0 0 0 0 0 0 0 0 0 0 0.05 0.05 0.05 0.2 0.15 0.35 0 0.15 0 0 0 0 0 0 

704 679 488 53 0 0.471281 0 0 0 0 0 0 0 0 0 0 0 0 0 0 0 0 0 0 0 0 0.047619 0.142857 0.238095 0.190476 0.190476 0.190476 0 0 0 0 0 0 0 

672 655 484 53 0 0.48855 0 0 0 0 0 0 0 0 0 0 0 0 0 0 0 0 0 0 0 0 0 0.1 0.15 0.2 0.3 0.25 0 0 0 0 0 0 0 

704 679 505 53 0 0.471281 0 0 0 0 0 0 0 0 0 0 0 0 0 0 0 0 0 0 0 0 0 0 0.190476 0.238095 0.333333 0.142857 0.0952381 0 0 0 0 0 0 

672 655 467 53 0 0.48855 0 0 0 0 0 0 0 0 0 0 0 0 0 0 0 0 0 0 0 0 0.15 0.15 0.25 0.15 0.15 0.05 0.05 0.05 0 0 0 0 0 

672 657 491 53 0 0.487062 0 0 0 0 0 0 0 0 0 0 0 0 0 0 0 0 0 0 0 0 0 0.15 0.2 0 0.35 0.15 0.05 0.1 0 0 0 0 0 

672 656 487 53 0 0.487805 0 0 0 0 0 0 0 0 0 0 0 0 0 0 0 0 0 0 0 0 0 0.15 0.1 0.2 0.25 0.2 0.1 0 0 0 0 0 0 

704 679 500 53 0 0.471281 0 0 0 0 0 0 0 0 0 0 0 0 0 0 0 0 0 0 0 0.047619 0 0.142857 0.047619 0.190476 0.285714 0.142857 0.142857 0 0 0 0 0 0 

704 679 494 53 0 0.471281 0 0 0 0 0 0 0 0 0 0 0 0 0 0 0 0 0 0 0 0.0952381 0.047619 0.0952381 0.142857 0.142857 0.190476 0.0952381 0.0952381 0.0952381 0 0 0 0 0 

704 679 491 53 0 0.471281 0 0 0 0 0 0 0 0 0 0 0 0 0 0 0 0 0 0 0 0 0.142857 0 0.238095 0.190476 0.190476 0.190476 0.047619 0 0 0 0 0 0 

672 655 482 53 0 0.48855 0 0 0 0 0 0 0 0 0 0 0 0 0 0 0 0 0 0 0 0 0.05 0.05 0.25 0.15 0.25 0.15 0.1 0 0 0 0 0 0 

