1344 1318 959 84 0 0.60698 0 0 0 0 0 0 0 0 0 0 0 0 0 0 0 0 0 0 0 0.0243902 0 0.121951 0.170732 0.268293 0.195122 0.121951 0.0731707 0.0243902 0 0 0 0 0 

1248 1221 901 84 0 0.655201 0 0 0 0 0 0 0 0 0 0 0 0 0 0 0 0 0 0 0 0 0.0526316 0.0526316 0.105263 0.236842 0.184211 0.342105 0.0263158 0 0 0 0 0 0 

1120 1093 801 68 0 0.73193 0 0 0 0 0 0 0 0 0 0 0 0 0 0 0 0 0 0 0.0294118 0 0.0294118 0.0294118 0.205882 0.235294 0.147059 0.235294 0.0588235 0.0294118 0 0 0 0 0 

1472 1455 1043 84 0 0.549828 0 0 0 0 0 0 0 0 0 0 0 0 0 0 0 0 0 0 0 0.0666667 0.0444444 0.133333 0.177778 0.2 0.177778 0.0888889 0.111111 0 0 0 0 0 0 

1248 1221 869 84 0 0.655201 0 0 0 0 0 0 0 0 0 0 0 0 0 0 0 0 0 0 0 0.0263158 0.105263 0.184211 0.105263 0.184211 0.210526 0.131579 0.0526316 0 0 0 0 0 0 

1440 1413 1029 84 0 0.566171 0 0 0 0 0 0 0 0 0 0 0 0 0 0 0 0 0 0 0 0.0454545 0.0454545 0.0681818 0.204545 0.181818 0.181818 0.159091 0.0227273 0.0909091 0 0 0 0 0 

1344 1332 971 84 0 0.600601 0 0 0 0 0 0 0 0 0 0 0 0 0 0 0 0 0 0 0 0 0 0.195122 0.195122 0.170732 0.121951 0.292683 0.0243902 0 0 0 0 0 0 

1344 1338 981 84 0 0.597907 0 0 0 0 0 0 0 0 0 0 0 0 0 0 0 0 0 0 0 0 0 0.146341 0.170732 0.170732 0.365854 0.0487805 0.097561 0 0 0 0 0 0 

1120 1101 802 76 0 0.726612 0 0 0 0 0 0 0 0 0 0 0 0 0 0 0 0 0 0 0 0 0.0294118 0.117647 0.147059 0.294118 0.205882 0.147059 0.0588235 0 0 0 0 0 0 

1536 1515 1112 84 0 0.528053 0 0 0 0 0 0 0 0 0 0 0 0 0 0 0 0 0 0 0 0.0425532 0.0212766 0.0212766 0.297872 0.0638298 0.234043 0.212766 0.0851064 0.0212766 0 0 0 0 0 

1248 1219 887 84 0 0.656276 0 0 0 0 0 0 0 0 0 0 0 0 0 0 0 0 0 0 0 0.0526316 0 0.0526316 0.236842 0.263158 0.105263 0.184211 0.0789474 0.0263158 0 0 0 0 0 

1120 1105 802 75 0 0.723982 0 0 0 0 0 0 0 0 0 0 0 0 0 0 0 0 0 0 0.0588235 0 0.0588235 0.0294118 0.117647 0.205882 0.352941 0.147059 0.0294118 0 0 0 0 0 0 

1120 1095 801 63 0 0.730594 0 0 0 0 0 0 0 0 0 0 0 0 0 0 0 0 0 0 0 0.0588235 0.0294118 0.0588235 0.147059 0.235294 0.176471 0.147059 0.117647 0.0294118 0 0 0 0 0 

1824 1807 1323 84 0 0.442723 0 0 0 0 0 0 0 0 0 0 0 0 0 0 0 0 0 0 0.0357143 0.0357143 0.0178571 0.0535714 0.107143 0.178571 0.321429 0.160714 0.0535714 0.0357143 0 0 0 0 0 

1088 1071 801 62 0 0.746965 0 0 0 0 0 0 0 0 0 0 0 0 0 0 0 0 0 0 0 0 0.030303 0 0.0606061 0.393939 0.242424 0.121212 0.121212 0.030303 0 0 0 0 0 

1152 1131 812 84 0 0.707339 0 0 0 0 0 0 0 0 0 0 0 0 0 0 0 0 0 0 0.0285714 0.0571429 0.0285714 0.0857143 0.142857 0.2 0.285714 0.142857 0.0285714 0 0 0 0 0 0 

1376 1357 985 84 0 0.589536 0 0 0 0 0 0 0 0 0 0 0 0 0 0 0 0 0 0.0238095 0 0.0238095 0.0714286 0.0952381 0.142857 0.214286 0.166667 0.0952381 0.119048 0.0238095 0.0238095 0 0 0 0 

1376 1364 1002 84 0 0.58651 0 0 0 0 0 0 0 0 0 0 0 0 0 0 0 0 0 0 0 0 0.0714286 0.0952381 0.119048 0.309524 0.166667 0.047619 0.119048 0.0714286 0 0 0 0 0 

1600 1571 1148 84 0 0.50923 0 0 0 0 0 0 0 0 0 0 0 0 0 0 0 0 0 0 0 0 0.0408163 0.0816327 0.204082 0.183673 0.22449 0.163265 0.102041 0 0 0 0 0 0 

1120 1103 802 75 0 0.725295 0 0 0 0 0 0 0 0 0 0 0 0 0 0 0 0 0 0 0 0 0.0882353 0.0882353 0.205882 0.117647 0.323529 0.117647 0 0.0588235 0 0 0 0 0 

1376 1366 1004 84 0 0.585652 0 0 0 0 0 0 0 0 0 0 0 0 0 0 0 0 0 0 0 0 0.119048 0.0714286 0.047619 0.238095 0.261905 0.119048 0.142857 0 0 0 0 0 0 

1312 1287 926 84 0 0.621601 0 0 0 0 0 0 0 0 0 0 0 0 0 0 0 0 0 0 0 0 0.05 0.125 0.175 0.35 0.175 0.025 0.075 0.025 0 0 0 0 0 

1408 1382 977 84 0 0.578871 0 0 0 0 0 0 0 0 0 0 0 0 0 0 0 0 0 0 0 0 0.0697674 0.232558 0.209302 0.162791 0.209302 0.0930233 0.0232558 0 0 0 0 0 0 

1248 1226 889 84 0 0.652529 0 0 0 0 0 0 0 0 0 0 0 0 0 0 0 0 0 0 0 0.0263158 0.0526316 0.157895 0.131579 0.236842 0.105263 0.157895 0.105263 0.0263158 0 0 0 0 0 

1184 1160 848 84 0 0.689655 0 0 0 0 0 0 0 0 0 0 0 0 0 0 0 0 0 0 0 0.0277778 0 0.0277778 0.277778 0.25 0.194444 0.138889 0.0555556 0 0.0277778 0 0 0 0 

1120 1101 802 73 0 0.726612 0 0 0 0 0 0 0 0 0 0 0 0 0 0 0 0 0 0 0 0.0294118 0.0294118 0.0882353 0.147059 0.294118 0.176471 0.147059 0.0882353 0 0 0 0 0 0 

1120 1091 802 71 0 0.733272 0 0 0 0 0 0 0 0 0 0 0 0 0 0 0 0 0 0 0 0 0.0294118 0.147059 0.0882353 0.176471 0.294118 0.147059 0.0882353 0.0294118 0 0 0 0 0 

1280 1265 941 84 0 0.632411 0 0 0 0 0 0 0 0 0 0 0 0 0 0 0 0 0 0 0 0 0.025641 0.0769231 0.0769231 0.307692 0.230769 0.128205 0.102564 0.0512821 0 0 0 0 0 

