1184 1159 840 84 0 0.69025 0 0 0 0 0 0 0 0 0 0 0 0 0 0 0 0 0 0 0 0.0277778 0.0277778 0.138889 0.111111 0.25 0.277778 0.111111 0.0277778 0 0.0277778 0 0 0 0 

1248 1225 878 84 0 0.653061 0 0 0 0 0 0 0 0 0 0 0 0 0 0 0 0 0 0 0.0526316 0.0526316 0.0789474 0.0263158 0.105263 0.236842 0.210526 0.210526 0 0.0263158 0 0 0 0 0 

1216 1195 889 84 0 0.669456 0 0 0 0 0 0 0 0 0 0 0 0 0 0 0 0 0 0 0 0 0.027027 0.0810811 0.189189 0.108108 0.243243 0.216216 0.0810811 0.027027 0.027027 0 0 0 0 

1184 1159 838 84 0 0.69025 0 0 0 0 0 0 0 0 0 0 0 0 0 0 0 0 0 0 0 0.0277778 0.0833333 0.0833333 0.138889 0.166667 0.305556 0.138889 0.0555556 0 0 0 0 0 0 

1248 1227 895 84 0 0.651997 0 0 0 0 0 0 0 0 0 0 0 0 0 0 0 0 0 0 0 0.0263158 0.0526316 0.0789474 0.0789474 0.236842 0.342105 0.131579 0.0526316 0 0 0 0 0 0 

1152 1125 828 84 0 0.711111 0 0 0 0 0 0 0 0 0 0 0 0 0 0 0 0 0 0 0 0 0.0285714 0.0857143 0.114286 0.2 0.285714 0.257143 0.0285714 0 0 0 0 0 0 

1184 1158 844 84 0 0.690846 0 0 0 0 0 0 0 0 0 0 0 0 0 0 0 0.0277778 0 0 0 0 0.0555556 0 0.111111 0.388889 0.194444 0.111111 0.0833333 0.0277778 0 0 0 0 0 

1248 1227 900 84 0 0.651997 0 0 0 0 0 0 0 0 0 0 0 0 0 0 0 0 0 0 0 0 0.0263158 0.157895 0.0789474 0.210526 0.263158 0.210526 0.0263158 0.0263158 0 0 0 0 0 

1248 1226 871 84 0 0.652529 0 0 0 0 0 0 0 0 0 0 0 0 0 0 0 0 0 0 0 0.0526316 0 0.105263 0.263158 0.368421 0.105263 0.0789474 0.0263158 0 0 0 0 0 0 

1248 1226 886 84 0 0.652529 0 0 0 0 0 0 0 0 0 0 0 0 0 0 0 0 0 0 0 0.0263158 0.0263158 0.105263 0.131579 0.421053 0.105263 0.105263 0.0526316 0.0263158 0 0 0 0 0 

1248 1227 888 84 0 0.651997 0 0 0 0 0 0 0 0 0 0 0 0 0 0 0 0 0 0 0 0.0789474 0.0789474 0.0526316 0.236842 0.105263 0.131579 0.157895 0.105263 0.0526316 0 0 0 0 0 

1344 1319 952 84 0 0.60652 0 0 0 0 0 0 0 0 0 0 0 0 0 0 0 0 0 0 0 0.0243902 0 0.146341 0.219512 0.195122 0.219512 0.146341 0.0487805 0 0 0 0 0 0 

1216 1194 857 84 0 0.670017 0 0 0 0 0 0 0 0 0 0 0 0 0 0 0 0 0 0 0.027027 0.0540541 0.0540541 0.135135 0.027027 0.27027 0.216216 0.162162 0.0540541 0 0 0 0 0 0 

1280 1260 921 84 0 0.634921 0 0 0 0 0 0 0 0 0 0 0 0 0 0 0 0 0 0 0 0.0512821 0.025641 0.0769231 0.153846 0.205128 0.25641 0.128205 0.025641 0.0769231 0 0 0 0 0 

1248 1227 895 84 0 0.651997 0 0 0 0 0 0 0 0 0 0 0 0 0 0 0 0 0 0 0 0 0.0789474 0.157895 0.105263 0.184211 0.210526 0.157895 0.0526316 0.0263158 0.0263158 0 0 0 0 

1184 1157 846 84 0 0.691443 0 0 0 0 0 0 0 0 0 0 0 0 0 0 0 0 0 0 0.0277778 0 0 0.0833333 0.138889 0.333333 0.111111 0.222222 0.0833333 0 0 0 0 0 0 

1120 1110 835 84 0 0.720721 0 0 0 0 0 0 0 0 0 0 0 0 0 0 0 0 0 0 0 0 0 0 0.0882353 0.323529 0.264706 0.235294 0.0882353 0 0 0 0 0 0 

1280 1262 897 84 0 0.633914 0 0 0 0 0 0 0 0 0 0 0 0 0 0 0 0 0 0 0 0.0769231 0 0.153846 0.25641 0.230769 0.102564 0.128205 0.0512821 0 0 0 0 0 0 

1280 1261 907 84 0 0.634417 0 0 0 0 0 0 0 0 0 0 0 0 0 0 0 0 0 0 0.025641 0.025641 0.025641 0.102564 0.205128 0.230769 0.179487 0.153846 0.0512821 0 0 0 0 0 0 

1184 1158 859 84 0 0.690846 0 0 0 0 0 0 0 0 0 0 0 0 0 0 0 0 0 0 0 0 0 0 0.194444 0.222222 0.333333 0.194444 0.0555556 0 0 0 0 0 0 

1120 1110 811 84 0 0.720721 0 0 0 0 0 0 0 0 0 0 0 0 0 0 0 0 0 0 0 0 0.0882353 0.0588235 0.117647 0.264706 0.294118 0.117647 0.0588235 0 0 0 0 0 0 

