576 554 393 53 0 0.577617 0 0 0 0 0 0 0 0 0 0 0 0 0 0 0 0 0.0588235 0 0 0.117647 0.0588235 0.0588235 0.117647 0.176471 0.117647 0.176471 0.117647 0 0 0 0 0 0 

544 518 380 53 0 0.617761 0 0 0 0 0 0 0 0 0 0 0 0 0 0 0 0 0 0 0 0 0 0.125 0.0625 0.3125 0.375 0.0625 0.0625 0 0 0 0 0 0 

544 532 394 53 0 0.601504 0 0 0 0 0 0 0 0 0 0 0 0 0 0 0 0 0 0 0 0 0 0.125 0.1875 0.1875 0.25 0.1875 0.0625 0 0 0 0 0 0 

640 616 443 53 0 0.519481 0 0 0 0 0 0 0 0 0 0 0 0 0 0 0 0 0 0 0 0 0.105263 0.105263 0.157895 0.263158 0.157895 0.210526 0 0 0 0 0 0 0 

576 550 395 53 0 0.581818 0 0 0 0 0 0 0 0 0 0 0 0 0 0 0 0 0 0 0 0 0.0588235 0.0588235 0.235294 0.352941 0.176471 0.117647 0 0 0 0 0 0 0 

512 494 370 53 0 0.647773 0 0 0 0 0 0 0 0 0 0 0 0 0 0 0 0 0 0 0 0 0.0666667 0.0666667 0.0666667 0.133333 0.333333 0.2 0.133333 0 0 0 0 0 0 

576 564 433 53 0 0.567376 0 0 0 0 0 0 0 0 0 0 0 0 0 0 0 0 0 0 0 0 0 0 0.235294 0.176471 0.117647 0.117647 0.235294 0.117647 0 0 0 0 0 

544 528 390 53 0 0.606061 0 0 0 0 0 0 0 0 0 0 0 0 0 0 0.0625 0 0 0 0 0 0 0 0.125 0.3125 0.125 0.25 0.0625 0.0625 0 0 0 0 0 

576 550 415 53 0 0.581818 0 0 0 0 0 0 0 0 0 0 0 0 0 0 0 0 0 0 0 0 0 0 0.235294 0.176471 0.117647 0.235294 0.235294 0 0 0 0 0 0 

512 489 352 53 0 0.654397 0 0 0 0 0 0 0 0 0 0 0 0 0 0 0 0 0 0 0 0 0.0666667 0.2 0.133333 0.2 0.266667 0.0666667 0.0666667 0 0 0 0 0 0 

512 485 354 53 0 0.659794 0 0 0 0 0 0 0 0 0 0 0 0 0 0 0 0 0 0 0 0 0 0.333333 0.0666667 0.2 0.0666667 0.0666667 0.266667 0 0 0 0 0 0 

512 495 356 53 0 0.646465 0 0 0 0 0 0 0 0 0 0 0 0 0 0 0 0 0 0 0 0 0.133333 0.133333 0.133333 0.4 0.0666667 0.0666667 0 0 0.0666667 0 0 0 0 

640 627 460 53 0 0.510367 0 0 0 0 0 0 0 0 0 0 0 0 0 0 0 0 0 0 0 0 0.0526316 0.210526 0.105263 0.157895 0.315789 0.0526316 0 0.0526316 0.0526316 0 0 0 0 

480 451 335 53 0 0.709534 0 0 0 0 0 0 0 0 0 0 0 0 0 0 0 0 0 0 0 0 0 0.285714 0 0.142857 0.142857 0.214286 0.142857 0.0714286 0 0 0 0 0 

576 553 394 53 0 0.578662 0 0 0 0 0 0 0 0 0 0 0 0 0 0 0 0 0 0 0 0 0.117647 0.117647 0.176471 0.235294 0.294118 0.0588235 0 0 0 0 0 0 0 

640 613 446 53 0 0.522023 0 0 0 0 0 0 0 0 0 0 0 0 0 0 0 0 0 0 0 0 0.157895 0.0526316 0.210526 0.105263 0.105263 0.263158 0.0526316 0.0526316 0 0 0 0 0 

576 560 403 53 0 0.571429 0 0 0 0 0 0 0 0 0 0 0 0 0 0 0 0 0 0.0588235 0 0 0 0.117647 0.176471 0.294118 0.176471 0.176471 0 0 0 0 0 0 0 

512 498 360 53 0 0.64257 0 0 0 0 0 0 0 0 0 0 0 0 0 0 0 0 0 0 0 0 0.0666667 0.2 0.2 0.2 0.2 0.0666667 0 0.0666667 0 0 0 0 0 

576 557 399 53 0 0.574506 0 0 0 0 0 0 0 0 0 0 0 0 0 0 0 0 0 0 0 0 0.117647 0.0588235 0.235294 0.294118 0.176471 0.117647 0 0 0 0 0 0 0 

512 493 362 53 0 0.649087 0 0 0 0 0 0 0 0 0 0 0 0 0 0 0 0 0 0 0 0 0.0666667 0.133333 0.2 0.2 0.0666667 0.133333 0.2 0 0 0 0 0 0 

672 658 486 53 0 0.486322 0 0 0 0 0 0 0 0 0 0 0 0 0 0 0 0 0 0 0.05 0 0 0 0.1 0.25 0.45 0.15 0 0 0 0 0 0 0 

640 613 456 53 0 0.522023 0 0 0 0 0 0 0 0 0 0 0 0 0 0 0 0 0 0 0 0 0 0.0526316 0.157895 0.210526 0.263158 0.263158 0 0.0526316 0 0 0 0 0 

480 454 330 53 0 0.704846 0 0 0 0 0 0 0 0 0 0 0 0 0 0 0 0 0 0 0 0 0.0714286 0.0714286 0.214286 0.142857 0.285714 0.214286 0 0 0 0 0 0 0 

608 594 440 53 0 0.538721 0 0 0 0 0 0 0 0 0 0 0 0 0 0 0 0 0 0 0 0 0.111111 0.111111 0.0555556 0.166667 0.222222 0.166667 0.166667 0 0 0 0 0 0 

512 486 365 53 0 0.658436 0 0 0 0 0 0 0 0 0 0 0 0 0 0 0 0 0 0 0 0 0.0666667 0 0.0666667 0.2 0.266667 0.266667 0.133333 0 0 0 0 0 0 

640 619 451 53 0 0.516963 0 0 0 0 0 0 0 0 0 0 0 0 0 0 0 0 0 0 0 0 0.0526316 0.157895 0.105263 0.210526 0.210526 0.263158 0 0 0 0 0 0 0 

576 548 394 53 0 0.583942 0 0 0 0 0 0 0 0 0 0 0 0 0 0 0 0 0 0 0 0 0 0.294118 0.0588235 0.352941 0.0588235 0.176471 0.0588235 0 0 0 0 0 0 

576 550 398 53 0 0.581818 0 0 0 0 0 0 0 0 0 0 0 0 0 0 0 0 0 0 0 0 0.0588235 0 0.294118 0.294118 0.176471 0.176471 0 0 0 0 0 0 0 

512 503 374 53 0 0.636183 0 0 0 0 0 0 0 0 0 0 0 0 0 0 0 0 0 0 0 0 0 0.133333 0.2 0.2 0.133333 0.266667 0.0666667 0 0 0 0 0 0 

576 549 399 53 0 0.582878 0 0 0 0 0 0 0 0 0 0 0 0 0 0 0 0 0 0 0 0 0.0588235 0.235294 0.176471 0.0588235 0.235294 0.0588235 0.117647 0 0.0588235 0 0 0 0 

576 560 411 53 0 0.571429 0 0 0 0 0 0 0 0 0 0 0 0 0 0 0 0 0 0 0 0 0.0588235 0.0588235 0.294118 0.176471 0.117647 0.176471 0.117647 0 0 0 0 0 0 

576 556 408 53 0 0.57554 0 0 0 0 0 0 0 0 0 0 0 0 0 0 0 0 0 0 0 0 0 0.176471 0.117647 0.176471 0.352941 0.117647 0.0588235 0 0 0 0 0 0 

608 588 427 53 0 0.544218 0 0 0 0 0 0 0 0 0 0 0 0 0 0 0 0 0 0 0 0 0 0.0555556 0.388889 0.222222 0.111111 0.222222 0 0 0 0 0 0 0 

480 458 340 53 0 0.69869 0 0 0 0 0 0 0 0 0 0 0 0 0 0 0 0 0 0 0 0 0 0.0714286 0.142857 0.214286 0.357143 0.142857 0.0714286 0 0 0 0 0 0 

512 501 368 53 0 0.638723 0 0 0 0 0 0 0 0 0 0 0 0 0 0 0 0 0 0 0 0.0666667 0 0.133333 0.133333 0.133333 0.333333 0.133333 0.0666667 0 0 0 0 0 0 

512 489 353 53 0 0.654397 0 0 0 0 0 0 0 0 0 0 0 0 0 0 0 0 0 0 0 0.0666667 0.0666667 0.133333 0.133333 0.133333 0.2 0.2 0.0666667 0 0 0 0 0 0 

544 528 387 53 0 0.606061 0 0 0 0 0 0 0 0 0 0 0 0 0 0 0 0 0 0 0 0 0 0.125 0 0.5 0.3125 0.0625 0 0 0 0 0 0 0 

576 556 393 53 0 0.57554 0 0 0 0 0 0 0 0 0 0 0 0 0 0 0 0 0 0 0 0.0588235 0 0.235294 0.235294 0.235294 0.117647 0.117647 0 0 0 0 0 0 0 

608 593 437 53 0 0.539629 0 0 0 0 0 0 0 0 0 0 0 0 0 0 0 0 0 0 0 0 0 0.111111 0.0555556 0.5 0.0555556 0.277778 0 0 0 0 0 0 0 

544 524 385 53 0 0.610687 0 0 0 0 0 0 0 0 0 0 0 0 0 0 0 0 0 0 0 0 0 0.1875 0.1875 0.125 0.25 0.125 0.125 0 0 0 0 0 0 

608 583 434 53 0 0.548885 0 0 0 0 0 0 0 0 0 0 0 0 0 0 0 0 0 0 0 0 0.0555556 0.0555556 0 0.277778 0.333333 0.166667 0.111111 0 0 0 0 0 0 

512 493 354 53 0 0.649087 0 0 0 0 0 0 0 0 0 0 0 0 0 0 0 0 0.0666667 0 0 0.0666667 0 0 0 0.6 0.0666667 0.2 0 0 0 0 0 0 0 

608 594 429 53 0 0.538721 0 0 0 0 0 0 0 0 0 0 0 0 0 0 0 0 0 0 0.111111 0.0555556 0 0.0555556 0.166667 0.166667 0.166667 0.166667 0.0555556 0.0555556 0 0 0 0 0 

544 522 372 53 0 0.613027 0 0 0 0 0 0 0 0 0 0 0 0 0 0 0 0 0 0 0.0625 0 0.0625 0.125 0.1875 0.1875 0.1875 0.1875 0 0 0 0 0 0 0 

480 464 345 53 0 0.689655 0 0 0 0 0 0 0 0 0 0 0 0 0 0 0 0 0 0 0 0 0.0714286 0 0.0714286 0.357143 0.214286 0.285714 0 0 0 0 0 0 0 

672 656 484 53 0 0.487805 0 0 0 0 0 0 0 0 0 0 0 0 0 0 0 0 0 0 0 0 0.1 0 0.1 0.2 0.45 0.1 0.05 0 0 0 0 0 0 

576 548 399 53 0 0.583942 0 0 0 0 0 0 0 0 0 0 0 0 0 0 0 0 0 0 0 0 0.0588235 0.0588235 0.235294 0.235294 0.235294 0.0588235 0.0588235 0.0588235 0 0 0 0 0 

672 658 486 53 0 0.486322 0 0 0 0 0 0 0 0 0 0 0 0 0 0 0 0 0 0 0 0 0 0.15 0.1 0.35 0.15 0.1 0.15 0 0 0 0 0 0 

544 530 380 53 0 0.603774 0 0 0 0 0 0 0 0 0 0 0 0 0 0 0 0 0 0 0 0 0.1875 0.0625 0.1875 0.3125 0.125 0 0.125 0 0 0 0 0 0 

480 470 353 53 0 0.680851 0 0 0 0 0 0 0 0 0 0 0 0 0 0 0 0 0 0 0 0 0 0 0.285714 0.142857 0.214286 0.357143 0 0 0 0 0 0 0 

576 563 423 53 0 0.568384 0 0 0 0 0 0 0 0 0 0 0 0 0 0 0 0 0 0 0 0 0 0.117647 0.176471 0.0588235 0.235294 0.294118 0.117647 0 0 0 0 0 0 

576 553 409 53 0 0.578662 0 0 0 0 0 0 0 0 0 0 0 0 0 0 0 0 0 0 0 0 0.0588235 0 0.0588235 0.294118 0.411765 0.176471 0 0 0 0 0 0 0 

576 561 397 53 0 0.57041 0 0 0 0 0 0 0 0 0 0 0 0 0 0 0 0 0 0 0 0.0588235 0.117647 0.0588235 0.235294 0.235294 0.294118 0 0 0 0 0 0 0 0 

512 496 368 53 0 0.645161 0 0 0 0 0 0 0 0 0 0 0 0 0 0 0 0 0 0 0 0 0.0666667 0.0666667 0.133333 0.133333 0.266667 0.333333 0 0 0 0 0 0 0 

576 547 388 53 0 0.585009 0 0 0 0 0 0 0 0 0 0 0 0 0 0 0 0 0 0 0 0.0588235 0.176471 0 0.0588235 0.411765 0.117647 0.176471 0 0 0 0 0 0 0 

608 588 414 53 0 0.544218 0 0 0 0 0 0 0 0 0 0 0 0 0 0 0 0 0 0 0.0555556 0 0.222222 0.0555556 0.277778 0.111111 0.0555556 0.111111 0.0555556 0.0555556 0 0 0 0 0 

544 524 394 53 0 0.610687 0 0 0 0 0 0 0 0 0 0 0 0 0 0 0 0 0 0 0 0 0 0.0625 0.125 0.125 0.4375 0.125 0.0625 0.0625 0 0 0 0 0 

544 521 386 53 0 0.614203 0 0 0 0 0 0 0 0 0 0 0 0 0 0 0 0 0 0 0 0 0 0.0625 0.125 0.3125 0.3125 0.0625 0.125 0 0 0 0 0 0 

544 527 393 53 0 0.607211 0 0 0 0 0 0 0 0 0 0 0 0 0 0 0 0 0 0 0 0 0 0 0.3125 0.125 0.25 0.25 0.0625 0 0 0 0 0 0 

512 500 372 53 0 0.64 0 0 0 0 0 0 0 0 0 0 0 0 0 0 0 0 0 0 0 0 0 0.0666667 0.2 0.4 0.0666667 0.133333 0.0666667 0.0666667 0 0 0 0 0 

448 435 321 51 0 0.735632 0 0 0 0 0 0 0 0 0 0 0 0 0 0 0 0 0 0 0 0 0 0.230769 0.153846 0.153846 0.230769 0.153846 0 0.0769231 0 0 0 0 0 

576 551 400 53 0 0.580762 0 0 0 0 0 0 0 0 0 0 0 0 0 0 0 0 0 0 0 0.0588235 0.0588235 0.176471 0.117647 0.117647 0.117647 0.176471 0.176471 0 0 0 0 0 0 

640 622 441 53 0 0.514469 0 0 0 0 0 0 0 0 0 0 0 0 0 0 0 0 0 0 0.0526316 0 0 0.263158 0.105263 0.263158 0.263158 0.0526316 0 0 0 0 0 0 0 

672 653 475 53 0 0.490046 0 0 0 0 0 0 0 0 0 0 0 0 0 0 0 0 0 0 0 0 0.05 0.1 0.15 0.3 0.25 0.1 0.05 0 0 0 0 0 0 

544 538 391 53 0 0.594796 0 0 0 0 0 0 0 0 0 0 0 0 0 0 0 0 0 0 0 0.0625 0.125 0 0.125 0.3125 0.1875 0.1875 0 0 0 0 0 0 0 

544 519 386 53 0 0.61657 0 0 0 0 0 0 0 0 0 0 0 0 0 0 0 0 0 0 0 0.0625 0 0.0625 0.0625 0.1875 0.25 0.25 0.125 0 0 0 0 0 0 

544 521 375 53 0 0.614203 0 0 0 0 0 0 0 0 0 0 0 0 0 0 0 0 0 0 0 0.0625 0.0625 0.0625 0.125 0.3125 0.25 0.0625 0.0625 0 0 0 0 0 0 

544 530 381 53 0 0.603774 0 0 0 0 0 0 0 0 0 0 0 0 0 0 0 0 0 0 0 0 0.1875 0.125 0.25 0.0625 0 0.375 0 0 0 0 0 0 0 

544 514 379 53 0 0.622568 0 0 0 0 0 0 0 0 0 0 0 0 0 0 0 0 0 0 0 0.0625 0 0.1875 0.1875 0 0.0625 0.1875 0.3125 0 0 0 0 0 0 

608 588 433 53 0 0.544218 0 0 0 0 0 0 0 0 0 0 0 0 0 0 0 0 0 0 0 0 0 0.222222 0.111111 0.222222 0.166667 0.111111 0.111111 0.0555556 0 0 0 0 0 

480 466 340 53 0 0.686695 0 0 0 0 0 0 0 0 0 0 0 0 0 0 0 0 0 0 0 0.0714286 0 0.142857 0.142857 0.285714 0.142857 0.142857 0 0.0714286 0 0 0 0 0 

672 645 461 53 0 0.496124 0 0 0 0 0 0 0 0 0 0 0 0 0 0 0 0 0 0 0 0 0.05 0.15 0.2 0.35 0.05 0.2 0 0 0 0 0 0 0 

704 687 515 53 0 0.465793 0 0 0 0 0 0 0 0 0 0 0 0 0 0 0 0 0 0 0 0 0.047619 0.0952381 0 0.285714 0.238095 0.142857 0.142857 0.047619 0 0 0 0 0 

544 520 370 53 0 0.615385 0 0 0 0 0 0 0 0 0 0 0 0 0 0 0 0 0 0 0 0 0.0625 0.125 0.3125 0.1875 0.25 0.0625 0 0 0 0 0 0 0 

608 580 415 53 0 0.551724 0 0 0 0 0 0 0 0 0 0 0 0 0 0 0 0 0 0 0 0.111111 0 0.277778 0.111111 0.0555556 0.166667 0.166667 0 0.111111 0 0 0 0 0 

576 555 403 53 0 0.576577 0 0 0 0 0 0 0 0 0 0 0 0 0 0 0 0 0 0 0 0 0.0588235 0.176471 0.117647 0.235294 0.117647 0.294118 0 0 0 0 0 0 0 

608 588 434 53 0 0.544218 0 0 0 0 0 0 0 0 0 0 0 0 0 0 0 0 0 0 0 0 0.0555556 0.111111 0 0.388889 0.166667 0.166667 0.111111 0 0 0 0 0 0 

448 435 321 52 0 0.735632 0 0 0 0 0 0 0 0 0 0 0 0 0 0 0 0 0 0 0 0 0.0769231 0.153846 0.153846 0.230769 0.0769231 0.153846 0.0769231 0.0769231 0 0 0 0 0 

576 553 407 53 0 0.578662 0 0 0 0 0 0 0 0 0 0 0 0 0 0 0 0 0 0 0 0 0.117647 0.117647 0.0588235 0.0588235 0.411765 0.117647 0.0588235 0.0588235 0 0 0 0 0 

736 719 536 53 0 0.445063 0 0 0 0 0 0 0 0 0 0 0 0 0 0 0 0 0 0 0 0 0 0.0454545 0.0909091 0.318182 0.272727 0.227273 0.0454545 0 0 0 0 0 0 

608 592 431 53 0 0.540541 0 0 0 0 0 0 0 0 0 0 0 0 0 0 0 0 0 0 0 0 0.0555556 0.111111 0.0555556 0.444444 0.222222 0.0555556 0.0555556 0 0 0 0 0 0 

640 618 449 53 0 0.517799 0 0 0 0 0 0 0 0 0 0 0 0 0 0 0 0 0 0 0 0.0526316 0.0526316 0 0.263158 0.157895 0.210526 0.263158 0 0 0 0 0 0 0 

512 486 361 53 0 0.658436 0 0 0 0 0 0 0 0 0 0 0 0 0 0 0 0 0 0 0 0 0 0.133333 0 0.4 0.2 0.0666667 0.2 0 0 0 0 0 0 

576 555 403 53 0 0.576577 0 0 0 0 0 0 0 0 0 0 0 0 0 0 0 0 0 0 0 0.0588235 0.117647 0.117647 0 0.235294 0.235294 0.117647 0.0588235 0.0588235 0 0 0 0 0 

640 626 457 53 0 0.511182 0 0 0 0 0 0 0 0 0 0 0 0 0 0 0 0 0 0 0 0.0526316 0.0526316 0.0526316 0.105263 0.315789 0.263158 0.105263 0 0.0526316 0 0 0 0 0 

576 549 400 53 0 0.582878 0 0 0 0 0 0 0 0 0 0 0 0 0 0 0 0 0 0 0.0588235 0 0 0 0.235294 0.235294 0.235294 0.176471 0.0588235 0 0 0 0 0 0 

672 656 473 53 0 0.487805 0 0 0 0 0 0 0 0 0 0 0 0 0 0 0 0 0 0 0 0 0.05 0.2 0.05 0.4 0.2 0.05 0.05 0 0 0 0 0 0 

608 597 446 53 0 0.536013 0 0 0 0 0 0 0 0 0 0 0 0 0 0 0 0 0 0 0 0 0 0 0.222222 0.277778 0.222222 0.222222 0.0555556 0 0 0 0 0 0 

640 615 448 53 0 0.520325 0 0 0 0 0 0 0 0 0 0 0 0 0 0 0 0 0 0 0 0.0526316 0.0526316 0 0.157895 0.263158 0.263158 0.157895 0.0526316 0 0 0 0 0 0 

544 521 393 53 0 0.614203 0 0 0 0 0 0 0 0 0 0 0 0 0 0 0 0 0 0 0 0 0 0.1875 0.0625 0.0625 0.125 0.375 0.1875 0 0 0 0 0 0 

544 524 381 53 0 0.610687 0 0 0 0 0 0 0 0 0 0 0 0 0 0 0 0 0 0 0 0 0.1875 0 0.1875 0.125 0.25 0.1875 0.0625 0 0 0 0 0 0 

640 615 452 53 0 0.520325 0 0 0 0 0 0 0 0 0 0 0 0 0 0 0 0 0 0 0 0 0 0.105263 0.210526 0.315789 0.0526316 0.210526 0.0526316 0.0526316 0 0 0 0 0 

672 653 483 53 0 0.490046 0 0 0 0 0 0 0 0 0 0 0 0 0 0 0 0 0 0 0 0 0.1 0 0.2 0.25 0.15 0.1 0.15 0.05 0 0 0 0 0 

576 552 391 53 0 0.57971 0 0 0 0 0 0 0 0 0 0 0 0 0 0 0 0 0 0 0 0.0588235 0.117647 0.176471 0.0588235 0.294118 0.176471 0.0588235 0 0.0588235 0 0 0 0 0 

576 561 404 53 0 0.57041 0 0 0 0 0 0 0 0 0 0 0 0 0 0 0 0 0 0 0.0588235 0 0 0.235294 0.176471 0.117647 0.235294 0.0588235 0.117647 0 0 0 0 0 0 

672 653 470 53 0 0.490046 0 0 0 0 0 0 0 0 0 0 0 0 0 0 0 0 0 0 0 0.05 0 0.15 0.15 0.4 0.05 0.15 0.05 0 0 0 0 0 0 

608 589 429 53 0 0.543294 0 0 0 0 0 0 0 0 0 0 0 0 0 0 0 0 0 0 0 0 0.111111 0 0.166667 0.333333 0.222222 0.111111 0.0555556 0 0 0 0 0 0 

480 460 330 53 0 0.695652 0 0 0 0 0 0 0 0 0 0 0 0 0 0 0 0 0 0 0 0 0.0714286 0.142857 0.214286 0.285714 0.214286 0 0.0714286 0 0 0 0 0 0 

640 616 446 53 0 0.519481 0 0 0 0 0 0 0 0 0 0 0 0 0 0 0.0526316 0 0 0 0 0 0 0.157895 0.0526316 0.210526 0.157895 0.368421 0 0 0 0 0 0 0 

480 459 329 53 0 0.697168 0 0 0 0 0 0 0 0 0 0 0 0 0 0 0 0 0 0 0 0 0.0714286 0.214286 0.214286 0.142857 0.142857 0.214286 0 0 0 0 0 0 0 

