576 555 400 53 0 0.576577 0 0 0 0 0 0 0 0 0 0 0 0 0 0 0 0 0 0 0 0.0588235 0.0588235 0.0588235 0.235294 0.235294 0.235294 0 0.0588235 0.0588235 0 0 0 0 0 

576 558 417 53 0 0.573477 0 0 0 0 0 0 0 0 0 0 0 0 0 0 0 0 0 0 0 0 0 0.0588235 0.176471 0.294118 0.0588235 0.294118 0.117647 0 0 0 0 0 0 

512 502 375 53 0 0.63745 0 0 0 0 0 0 0 0 0 0 0 0 0 0 0 0 0 0 0 0 0.0666667 0.0666667 0.2 0.133333 0.133333 0.266667 0.133333 0 0 0 0 0 0 

608 583 426 53 0 0.548885 0 0 0 0 0 0 0 0 0 0 0 0 0 0 0 0 0 0 0 0 0 0.166667 0.111111 0.222222 0.333333 0.111111 0.0555556 0 0 0 0 0 0 

544 517 381 53 0 0.618955 0 0 0 0 0 0 0 0 0 0 0 0 0 0 0 0 0 0 0 0.0625 0.0625 0 0.125 0.25 0.1875 0.125 0.125 0.0625 0 0 0 0 0 

480 460 351 53 0 0.695652 0 0 0 0 0 0 0 0 0 0 0 0 0 0 0 0 0 0 0 0 0 0 0.214286 0.142857 0.142857 0.214286 0.285714 0 0 0 0 0 0 

640 624 456 53 0 0.512821 0 0 0 0 0 0 0 0 0 0 0 0 0 0 0 0 0 0 0 0 0 0.105263 0.263158 0.210526 0.263158 0.105263 0.0526316 0 0 0 0 0 0 

576 555 390 53 0 0.576577 0 0 0 0 0 0 0 0 0 0 0 0 0 0 0 0 0 0 0.0588235 0 0.0588235 0.235294 0.0588235 0.411765 0.0588235 0.117647 0 0 0 0 0 0 0 

576 549 401 53 0 0.582878 0 0 0 0 0 0 0 0 0 0 0 0 0 0 0 0 0 0 0 0 0.0588235 0.0588235 0.176471 0.235294 0.235294 0.176471 0.0588235 0 0 0 0 0 0 

480 461 334 53 0 0.694143 0 0 0 0 0 0 0 0 0 0 0 0 0 0 0 0 0 0 0 0 0.142857 0.142857 0.0714286 0.285714 0.142857 0.142857 0 0.0714286 0 0 0 0 0 

448 437 321 52 0 0.732265 0 0 0 0 0 0 0 0 0 0 0 0 0 0 0 0 0 0 0 0 0 0.0769231 0.230769 0.307692 0.307692 0.0769231 0 0 0 0 0 0 0 

608 596 435 53 0 0.536913 0 0 0 0 0 0 0 0 0 0 0 0 0 0 0 0 0 0 0 0 0.111111 0.111111 0.166667 0.222222 0.166667 0.111111 0.0555556 0.0555556 0 0 0 0 0 

672 652 474 53 0 0.490798 0 0 0 0 0 0 0 0 0 0 0 0 0 0 0 0 0 0 0 0.05 0 0.1 0.2 0.2 0.25 0.15 0.05 0 0 0 0 0 0 

480 466 343 53 0 0.686695 0 0 0 0 0 0 0 0 0 0 0 0 0 0 0 0 0 0 0 0 0.142857 0 0.0714286 0.357143 0.214286 0.142857 0.0714286 0 0 0 0 0 0 

576 554 389 53 0 0.577617 0 0 0 0 0 0 0 0 0 0 0 0 0 0 0 0 0 0 0.0588235 0 0.117647 0.176471 0.235294 0.0588235 0.235294 0.0588235 0.0588235 0 0 0 0 0 0 

672 654 465 53 0 0.489297 0 0 0 0 0 0 0 0 0 0 0 0 0 0 0 0 0 0 0 0.1 0.05 0 0.3 0.2 0.3 0.05 0 0 0 0 0 0 0 

576 560 413 53 0 0.571429 0 0 0 0 0 0 0 0 0 0 0 0 0 0 0 0 0 0 0 0 0.0588235 0.117647 0.176471 0.235294 0.117647 0.176471 0.0588235 0 0.0588235 0 0 0 0 

544 522 377 53 0 0.613027 0 0 0 0 0 0 0 0 0 0 0 0 0 0 0 0 0 0 0 0.0625 0 0.125 0.125 0.25 0.3125 0.125 0 0 0 0 0 0 0 

640 614 444 53 0 0.521173 0 0 0 0 0 0 0 0 0 0 0 0 0 0 0 0 0 0 0 0 0 0.210526 0.210526 0.157895 0.263158 0.105263 0 0.0526316 0 0 0 0 0 

480 463 339 53 0 0.691145 0 0 0 0 0 0 0 0 0 0 0 0 0 0 0 0 0 0.0714286 0 0 0 0.214286 0.214286 0 0.142857 0.142857 0.0714286 0.142857 0 0 0 0 0 

512 497 363 53 0 0.643863 0 0 0 0 0 0 0 0 0 0 0 0 0 0 0 0 0 0 0 0 0.133333 0.2 0.0666667 0.133333 0.133333 0.2 0.133333 0 0 0 0 0 0 

544 526 391 53 0 0.608365 0 0 0 0 0 0 0 0 0 0 0 0 0 0 0 0 0 0 0 0 0 0.0625 0.125 0.25 0.3125 0.25 0 0 0 0 0 0 0 

576 557 419 53 0 0.574506 0 0 0 0 0 0 0 0 0 0 0 0 0 0 0 0 0 0 0 0 0 0.0588235 0.176471 0 0.411765 0.294118 0.0588235 0 0 0 0 0 0 

640 626 456 53 0 0.511182 0 0 0 0 0 0 0 0 0 0 0 0 0 0 0 0 0 0 0 0 0.105263 0.105263 0.105263 0.315789 0.105263 0.210526 0.0526316 0 0 0 0 0 0 

576 559 417 53 0 0.572451 0 0 0 0 0 0 0 0 0 0 0 0 0 0 0 0 0 0 0 0 0 0.117647 0.0588235 0.294118 0.176471 0.294118 0.0588235 0 0 0 0 0 0 

448 437 335 53 0 0.732265 0 0 0 0 0 0 0 0 0 0 0 0 0 0 0 0 0 0 0 0 0.0769231 0 0.0769231 0.153846 0.230769 0.230769 0.153846 0.0769231 0 0 0 0 0 

512 487 358 53 0 0.657084 0 0 0 0 0 0 0 0 0 0 0 0 0 0 0 0 0 0 0 0 0.0666667 0.0666667 0.0666667 0.133333 0.533333 0.133333 0 0 0 0 0 0 0 

640 616 452 53 0 0.519481 0 0 0 0 0 0 0 0 0 0 0 0 0 0 0 0 0 0 0 0 0 0.210526 0.157895 0.210526 0.105263 0.157895 0.105263 0.0526316 0 0 0 0 0 

608 593 435 53 0 0.539629 0 0 0 0 0 0 0 0 0 0 0 0 0 0 0 0 0 0 0 0 0.0555556 0.166667 0.111111 0.166667 0.222222 0.222222 0.0555556 0 0 0 0 0 0 

576 555 413 53 0 0.576577 0 0 0 0 0 0 0 0 0 0 0 0 0 0 0 0 0 0 0 0 0 0.0588235 0.176471 0.176471 0.294118 0.235294 0.0588235 0 0 0 0 0 0 

512 488 366 53 0 0.655738 0 0 0 0 0 0 0 0 0 0 0 0 0 0 0 0 0 0 0 0 0 0.133333 0.0666667 0 0.6 0.133333 0 0 0.0666667 0 0 0 0 

576 553 410 53 0 0.578662 0 0 0 0 0 0 0 0 0 0 0 0 0 0 0 0 0 0 0 0 0.0588235 0 0.235294 0.176471 0.294118 0.0588235 0.117647 0.0588235 0 0 0 0 0 

544 527 399 53 0 0.607211 0 0 0 0 0 0 0 0 0 0 0 0 0 0 0 0 0 0.0625 0 0 0 0 0.0625 0.1875 0.25 0.25 0.0625 0.125 0 0 0 0 0 

544 524 397 53 0 0.610687 0 0 0 0 0 0 0 0 0 0 0 0 0 0 0 0 0 0 0 0 0.0625 0.0625 0 0.125 0.3125 0.25 0.1875 0 0 0 0 0 0 

576 553 394 53 0 0.578662 0 0 0 0 0 0 0 0 0 0 0 0 0 0 0 0 0 0 0.0588235 0 0 0.0588235 0.294118 0.411765 0.0588235 0.0588235 0.0588235 0 0 0 0 0 0 

544 526 392 53 0 0.608365 0 0 0 0 0 0 0 0 0 0 0 0 0 0 0 0 0 0 0 0 0 0.1875 0.125 0.0625 0.3125 0.1875 0.0625 0.0625 0 0 0 0 0 

544 522 391 53 0 0.613027 0 0 0 0 0 0 0 0 0 0 0 0 0 0 0 0 0 0 0 0 0.0625 0.0625 0.0625 0.1875 0.1875 0.3125 0.125 0 0 0 0 0 0 

576 555 405 53 0 0.576577 0 0 0 0 0 0 0 0 0 0 0 0 0 0 0 0 0 0 0 0 0 0.117647 0.294118 0.176471 0.235294 0.0588235 0.117647 0 0 0 0 0 0 

640 620 447 53 0 0.516129 0 0 0 0 0 0 0 0 0 0 0 0 0 0 0 0 0 0 0 0.0526316 0.105263 0 0.263158 0.210526 0.105263 0.210526 0.0526316 0 0 0 0 0 0 

608 591 426 53 0 0.541455 0 0 0 0 0 0 0 0 0 0 0 0 0 0 0 0 0 0 0.0555556 0 0.0555556 0.0555556 0.222222 0.222222 0.277778 0.0555556 0 0.0555556 0 0 0 0 0 

576 553 398 53 0 0.578662 0 0 0 0 0 0 0 0 0 0 0 0 0 0 0 0 0 0 0 0 0.176471 0.0588235 0.176471 0.235294 0.117647 0.117647 0.117647 0 0 0 0 0 0 

576 561 419 53 0 0.57041 0 0 0 0 0 0 0 0 0 0 0 0 0 0 0 0 0 0 0 0 0.0588235 0 0.0588235 0.294118 0.470588 0 0.0588235 0.0588235 0 0 0 0 0 

544 524 381 53 0 0.610687 0 0 0 0 0 0 0 0 0 0 0 0 0 0 0 0 0 0 0 0 0 0.1875 0.1875 0.25 0.1875 0.125 0.0625 0 0 0 0 0 0 

640 631 462 53 0 0.507132 0 0 0 0 0 0 0 0 0 0 0 0 0 0 0 0 0 0 0.105263 0 0 0.0526316 0.157895 0.210526 0.210526 0.157895 0.0526316 0.0526316 0 0 0 0 0 

608 589 428 53 0 0.543294 0 0 0 0 0 0 0 0 0 0 0 0 0 0 0 0 0 0 0 0.0555556 0.111111 0.111111 0.222222 0 0.166667 0.222222 0 0.111111 0 0 0 0 0 

608 592 439 53 0 0.540541 0 0 0 0 0 0 0 0 0 0 0 0 0 0 0 0 0 0 0 0 0 0.166667 0.111111 0.166667 0.277778 0.166667 0.111111 0 0 0 0 0 0 

480 466 349 53 0 0.686695 0 0 0 0 0 0 0 0 0 0 0 0 0 0 0 0 0 0 0 0 0 0.142857 0.0714286 0.214286 0.214286 0.285714 0.0714286 0 0 0 0 0 0 

576 562 406 53 0 0.569395 0 0 0 0 0 0 0 0 0 0 0 0 0 0 0 0 0 0 0 0 0.176471 0.0588235 0.176471 0.117647 0.352941 0.0588235 0.0588235 0 0 0 0 0 0 

544 518 380 53 0 0.617761 0 0 0 0 0 0 0 0 0 0 0 0 0 0 0 0 0 0 0 0 0.0625 0 0.1875 0.3125 0.1875 0.1875 0.0625 0 0 0 0 0 0 

512 492 359 53 0 0.650406 0 0 0 0 0 0 0 0 0 0 0 0 0 0 0 0 0 0 0 0 0 0.266667 0.0666667 0.266667 0.2 0.0666667 0.133333 0 0 0 0 0 0 

576 562 414 53 0 0.569395 0 0 0 0 0 0 0 0 0 0 0 0 0 0 0 0 0 0 0.0588235 0 0 0.0588235 0.294118 0.117647 0.117647 0.176471 0.176471 0 0 0 0 0 0 

576 555 399 53 0 0.576577 0 0 0 0 0 0 0 0 0 0 0 0 0 0 0 0 0 0 0 0 0.0588235 0.294118 0.117647 0.235294 0.0588235 0.0588235 0.176471 0 0 0 0 0 0 

640 619 450 53 0 0.516963 0 0 0 0 0 0 0 0 0 0 0 0 0 0 0 0 0 0 0 0 0.0526316 0.157895 0.157895 0.157895 0.263158 0.157895 0.0526316 0 0 0 0 0 0 

480 463 347 53 0 0.691145 0 0 0 0 0 0 0 0 0 0 0 0 0 0 0 0 0 0 0 0 0.0714286 0.0714286 0.0714286 0.142857 0.285714 0.214286 0.142857 0 0 0 0 0 0 

608 598 440 53 0 0.535117 0 0 0 0 0 0 0 0 0 0 0 0 0 0 0 0 0 0.0555556 0 0 0.0555556 0 0.166667 0.111111 0.333333 0.277778 0 0 0 0 0 0 0 

544 536 397 53 0 0.597015 0 0 0 0 0 0 0 0 0 0 0 0 0 0 0 0 0 0 0 0 0.0625 0.125 0.1875 0.125 0.1875 0.1875 0.125 0 0 0 0 0 0 

640 617 447 53 0 0.518639 0 0 0 0 0 0 0 0 0 0 0 0 0 0 0 0 0 0.0526316 0 0 0 0.157895 0.0526316 0.105263 0.578947 0 0.0526316 0 0 0 0 0 0 

608 596 434 53 0 0.536913 0 0 0 0 0 0 0 0 0 0 0 0 0 0 0 0 0 0.0555556 0 0.0555556 0 0.0555556 0.0555556 0.333333 0.166667 0.277778 0 0 0 0 0 0 0 

512 491 354 53 0 0.651731 0 0 0 0 0 0 0 0 0 0 0 0 0 0 0 0 0 0 0.0666667 0 0 0 0.4 0.2 0.2 0 0.133333 0 0 0 0 0 0 

608 598 441 53 0 0.535117 0 0 0 0 0 0 0 0 0 0 0 0 0 0 0 0 0 0 0 0 0.0555556 0.111111 0 0.333333 0.333333 0.166667 0 0 0 0 0 0 0 

512 497 369 53 0 0.643863 0 0 0 0 0 0 0 0 0 0 0 0 0 0 0 0 0 0 0 0 0.0666667 0 0.133333 0.266667 0.266667 0.266667 0 0 0 0 0 0 0 

512 493 361 53 0 0.649087 0 0 0 0 0 0 0 0 0 0 0 0 0 0 0 0 0 0 0 0.0666667 0 0.133333 0.133333 0.2 0.2 0.133333 0.133333 0 0 0 0 0 0 

512 500 374 53 0 0.64 0 0 0 0 0 0 0 0 0 0 0 0 0 0 0 0 0 0 0 0 0.0666667 0 0.133333 0.2 0.4 0.0666667 0.133333 0 0 0 0 0 0 

608 596 450 53 0 0.536913 0 0 0 0 0 0 0 0 0 0 0 0 0 0 0 0 0 0 0 0 0 0 0.111111 0.277778 0.333333 0.222222 0 0.0555556 0 0 0 0 0 

704 682 478 53 0 0.469208 0 0 0 0 0 0 0 0 0 0 0 0 0 0.047619 0 0 0 0.047619 0 0 0.142857 0.047619 0.0952381 0.190476 0.238095 0.142857 0.047619 0 0 0 0 0 0 

576 548 410 53 0 0.583942 0 0 0 0 0 0 0 0 0 0 0 0 0 0 0 0 0 0 0 0 0 0.117647 0.117647 0.176471 0.235294 0.117647 0.176471 0.0588235 0 0 0 0 0 

640 619 436 53 0 0.516963 0 0 0 0 0 0 0 0 0 0 0 0 0 0 0 0 0 0 0.0526316 0 0.105263 0.210526 0.0526316 0.263158 0.210526 0.105263 0 0 0 0 0 0 0 

576 559 419 53 0 0.572451 0 0 0 0 0 0 0 0 0 0 0 0 0 0 0 0 0 0 0 0 0.0588235 0.0588235 0.0588235 0.176471 0.294118 0.235294 0.117647 0 0 0 0 0 0 

576 559 409 53 0 0.572451 0 0 0 0 0 0 0 0 0 0 0 0 0 0 0 0 0 0 0 0 0 0.0588235 0.411765 0.117647 0.176471 0.176471 0.0588235 0 0 0 0 0 0 

608 593 438 53 0 0.539629 0 0 0 0 0 0 0 0 0 0 0 0 0 0 0 0 0 0 0 0 0 0.0555556 0.166667 0.388889 0.111111 0.277778 0 0 0 0 0 0 0 

544 520 385 53 0 0.615385 0 0 0 0 0 0 0 0 0 0 0 0 0 0 0 0 0 0 0 0 0 0 0.3125 0.1875 0.3125 0.0625 0.0625 0.0625 0 0 0 0 0 

608 599 440 53 0 0.534224 0 0 0 0 0 0 0 0 0 0 0 0 0 0 0 0 0 0 0 0 0.0555556 0.111111 0.111111 0.277778 0.277778 0.111111 0.0555556 0 0 0 0 0 0 

576 556 397 53 0 0.57554 0 0 0 0 0 0 0 0 0 0 0 0 0 0 0 0 0 0 0 0 0.0588235 0.235294 0.117647 0.235294 0.294118 0.0588235 0 0 0 0 0 0 0 

576 557 402 53 0 0.574506 0 0 0 0 0 0 0 0 0 0 0 0 0 0 0 0 0 0 0 0 0.117647 0.176471 0.117647 0.176471 0.235294 0.117647 0 0.0588235 0 0 0 0 0 

608 583 431 53 0 0.548885 0 0 0 0 0 0 0 0 0 0 0 0 0 0 0 0 0 0 0.0555556 0 0 0.0555556 0.111111 0.166667 0.277778 0.222222 0.111111 0 0 0 0 0 0 

576 556 409 53 0 0.57554 0 0 0 0 0 0 0 0 0 0 0 0 0 0 0 0 0 0 0 0 0 0.176471 0.117647 0.176471 0.294118 0.176471 0.0588235 0 0 0 0 0 0 

576 560 402 53 0 0.571429 0 0 0 0 0 0 0 0 0 0 0 0 0 0 0 0 0 0 0 0 0.0588235 0.294118 0.0588235 0.235294 0.235294 0.0588235 0.0588235 0 0 0 0 0 0 

608 591 411 53 0 0.541455 0 0 0 0 0 0 0 0 0 0 0 0 0 0 0 0 0 0 0.0555556 0.0555556 0.111111 0.166667 0.111111 0.277778 0.166667 0.0555556 0 0 0 0 0 0 0 

512 500 371 53 0 0.64 0 0 0 0 0 0 0 0 0 0 0 0 0 0 0 0 0 0 0 0 0.133333 0.0666667 0.0666667 0.133333 0.333333 0.133333 0.133333 0 0 0 0 0 0 

544 521 390 53 0 0.614203 0 0 0 0 0 0 0 0 0 0 0 0 0 0 0 0 0 0 0 0 0.0625 0 0.25 0.125 0.125 0.25 0.125 0.0625 0 0 0 0 0 

544 533 393 53 0 0.600375 0 0 0 0 0 0 0 0 0 0 0 0 0 0 0 0 0 0 0 0 0.0625 0.125 0.25 0.0625 0.125 0.3125 0.0625 0 0 0 0 0 0 

544 522 394 53 0 0.613027 0 0 0 0 0 0 0 0 0 0 0 0 0 0 0 0 0 0 0 0 0 0.0625 0.0625 0.1875 0.3125 0.25 0.125 0 0 0 0 0 0 

704 687 509 53 0 0.465793 0 0 0 0 0 0 0 0 0 0 0 0 0 0 0 0 0 0 0 0 0 0.190476 0 0.190476 0.428571 0.0952381 0.0952381 0 0 0 0 0 0 

640 618 448 53 0 0.517799 0 0 0 0 0 0 0 0 0 0 0 0 0 0 0 0 0 0 0.0526316 0 0.0526316 0.0526316 0.157895 0.263158 0.210526 0.157895 0 0.0526316 0 0 0 0 0 

544 523 390 53 0 0.611855 0 0 0 0 0 0 0 0 0 0 0 0 0 0 0 0 0 0 0 0 0.0625 0.0625 0.3125 0 0.0625 0.25 0.25 0 0 0 0 0 0 

544 525 385 53 0 0.609524 0 0 0 0 0 0 0 0 0 0 0 0 0 0 0 0 0 0 0 0 0.125 0.0625 0.125 0.1875 0.25 0.1875 0 0.0625 0 0 0 0 0 

544 517 374 53 0 0.618955 0 0 0 0 0 0 0 0 0 0 0 0 0 0 0 0 0 0 0 0 0.0625 0 0.25 0.375 0.125 0.1875 0 0 0 0 0 0 0 

576 553 396 53 0 0.578662 0 0 0 0 0 0 0 0 0 0 0 0 0 0 0 0 0 0.0588235 0 0 0.0588235 0 0.235294 0.352941 0.0588235 0.235294 0 0 0 0 0 0 0 

544 526 382 53 0 0.608365 0 0 0 0 0 0 0 0 0 0 0 0 0 0 0 0 0 0 0 0 0 0.125 0.25 0.3125 0.1875 0.0625 0.0625 0 0 0 0 0 0 

512 504 373 53 0 0.634921 0 0 0 0 0 0 0 0 0 0 0 0 0 0 0 0 0 0 0.0666667 0 0 0 0.333333 0.0666667 0.266667 0.133333 0.133333 0 0 0 0 0 0 

544 531 394 53 0 0.602637 0 0 0 0 0 0 0 0 0 0 0 0 0 0 0 0 0 0 0 0 0 0.1875 0.1875 0.1875 0.1875 0.0625 0.0625 0.125 0 0 0 0 0 

576 563 407 53 0 0.568384 0 0 0 0 0 0 0 0 0 0 0 0 0 0 0 0 0 0 0 0 0.0588235 0.235294 0.176471 0.176471 0.117647 0.176471 0.0588235 0 0 0 0 0 0 

480 458 328 53 0 0.69869 0 0 0 0 0 0 0 0 0 0 0 0 0 0 0 0 0 0 0 0 0.142857 0.142857 0.142857 0.142857 0.285714 0.142857 0 0 0 0 0 0 0 

672 652 483 53 0 0.490798 0 0 0 0 0 0 0 0 0 0 0 0 0 0 0 0 0 0 0 0 0 0.05 0.15 0.3 0.3 0.1 0.1 0 0 0 0 0 0 

512 491 364 53 0 0.651731 0 0 0 0 0 0 0 0 0 0 0 0 0 0 0 0 0 0 0 0 0 0.133333 0.133333 0.0666667 0.4 0.266667 0 0 0 0 0 0 0 

704 691 488 53 0 0.463097 0 0 0 0 0 0 0 0 0 0 0 0 0 0 0 0 0.047619 0 0 0.0952381 0.047619 0.0952381 0.142857 0.238095 0.190476 0.0952381 0.047619 0 0 0 0 0 0 

608 593 427 53 0 0.539629 0 0 0 0 0 0 0 0 0 0 0 0 0 0 0 0 0 0 0 0 0.0555556 0.166667 0.222222 0.166667 0.277778 0.111111 0 0 0 0 0 0 0 

480 459 335 53 0 0.697168 0 0 0 0 0 0 0 0 0 0 0 0 0 0 0 0 0 0 0 0.0714286 0.0714286 0 0.0714286 0.357143 0.285714 0.0714286 0 0.0714286 0 0 0 0 0 

672 649 475 53 0 0.493066 0 0 0 0 0 0 0 0 0 0 0 0 0 0 0 0 0 0 0.05 0 0 0.05 0.15 0.35 0.1 0.25 0 0.05 0 0 0 0 0 

544 520 374 53 0 0.615385 0 0 0 0 0 0 0 0 0 0 0 0 0 0 0 0 0 0.0625 0 0.0625 0 0.0625 0.0625 0.25 0.375 0.0625 0.0625 0 0 0 0 0 0 

