640 617 455 56 0 0.583468 0 0 0 0 0 0 0 0 0 0 0 0 0 0 0 0 0 0 0 0 0 0.105263 0.157895 0.263158 0.210526 0.157895 0.105263 0 0 0 0 0 0 

608 589 432 56 0 0.611205 0 0 0 0 0 0 0 0 0 0 0 0 0 0 0 0 0 0 0 0.0555556 0 0.0555556 0.222222 0.166667 0.333333 0 0.166667 0 0 0 0 0 0 

544 528 393 56 0 0.681818 0 0 0 0 0 0 0 0 0 0 0 0 0 0 0 0 0 0 0 0 0.0625 0.0625 0.1875 0.125 0.25 0.1875 0.0625 0.0625 0 0 0 0 0 

736 716 520 56 0 0.502793 0 0 0 0 0 0 0 0 0 0 0 0 0 0 0 0 0 0 0 0 0.136364 0.136364 0 0.272727 0.272727 0.0909091 0.0454545 0.0454545 0 0 0 0 0 

544 528 392 56 0 0.681818 0 0 0 0 0 0 0 0 0 0 0 0 0 0 0 0 0 0 0 0 0.0625 0.125 0.1875 0.125 0.125 0.1875 0.125 0.0625 0 0 0 0 0 

544 528 386 56 0 0.681818 0 0 0 0 0 0 0 0 0 0 0 0 0 0 0 0 0 0 0 0 0.0625 0.125 0.1875 0.1875 0.1875 0.1875 0.0625 0 0 0 0 0 0 

640 618 457 56 0 0.582524 0 0 0 0 0 0 0 0 0 0 0 0 0 0 0 0 0 0 0.0526316 0 0 0.0526316 0.0526316 0.263158 0.315789 0.157895 0.105263 0 0 0 0 0 0 

640 617 464 56 0 0.583468 0 0 0 0 0 0 0 0 0 0 0 0 0 0 0 0 0 0 0 0 0 0.105263 0 0.263158 0.315789 0.105263 0.210526 0 0 0 0 0 0 

512 505 382 56 0 0.712871 0 0 0 0 0 0 0 0 0 0 0 0 0 0 0 0 0 0 0 0 0.0666667 0.0666667 0.133333 0.133333 0.2 0.266667 0.0666667 0 0.0666667 0 0 0 0 

640 618 458 56 0 0.582524 0 0 0 0 0 0 0 0 0 0 0 0 0 0 0 0 0 0 0 0 0 0.0526316 0.105263 0.315789 0.315789 0.157895 0.0526316 0 0 0 0 0 0 

