288 277 200 37 0 0.577617 0 0 0 0 0 0 0 0 0 0 0 0 0 0 0 0 0 0 0.125 0 0 0.375 0 0 0.25 0.25 0 0 0 0 0 0 0 

288 273 205 37 0 0.586081 0 0 0 0 0 0 0 0 0 0 0 0 0 0 0 0 0 0 0 0 0 0.125 0.25 0.125 0.25 0.125 0 0.125 0 0 0 0 0 

256 230 171 37 0 0.695652 0 0 0 0 0 0 0 0 0 0 0 0 0 0 0 0 0 0 0 0.142857 0 0 0.142857 0.142857 0 0.428571 0.142857 0 0 0 0 0 0 

320 295 206 37 0 0.542373 0 0 0 0 0 0 0 0 0 0 0 0 0 0 0 0 0 0 0.111111 0 0 0.222222 0.111111 0.444444 0 0.111111 0 0 0 0 0 0 0 

256 234 181 37 0 0.683761 0 0 0 0 0 0 0 0 0 0 0 0 0 0 0 0 0 0 0 0 0 0 0 0.285714 0.142857 0.428571 0.142857 0 0 0 0 0 0 

288 274 211 37 0 0.583942 0 0 0 0 0 0 0 0 0 0 0 0 0 0 0 0 0 0 0 0 0 0 0.125 0 0.625 0.125 0.125 0 0 0 0 0 0 

288 274 212 37 0 0.583942 0 0 0 0 0 0 0 0 0 0 0 0 0 0 0 0 0 0 0 0 0 0 0.125 0.125 0.25 0.375 0.125 0 0 0 0 0 0 

288 275 202 37 0 0.581818 0 0 0 0 0 0 0 0 0 0 0 0 0 0 0 0 0 0 0 0 0 0.125 0.5 0 0.125 0.25 0 0 0 0 0 0 0 

320 306 224 37 0 0.522876 0 0 0 0 0 0 0 0 0 0 0 0 0 0 0 0 0 0 0 0 0 0.111111 0.333333 0.333333 0.111111 0 0.111111 0 0 0 0 0 0 

320 300 220 37 0 0.533333 0 0 0 0 0 0 0 0 0 0 0 0 0 0 0 0 0 0 0 0 0.111111 0.111111 0.111111 0.222222 0.111111 0.333333 0 0 0 0 0 0 0 

320 308 228 37 0 0.519481 0 0 0 0 0 0 0 0 0 0 0 0 0 0 0 0 0 0 0 0 0.111111 0.111111 0 0.333333 0.222222 0.222222 0 0 0 0 0 0 0 

320 303 224 37 0 0.528053 0 0 0 0 0 0 0 0 0 0 0 0 0 0 0 0 0 0 0 0.111111 0 0 0.111111 0.222222 0.333333 0.222222 0 0 0 0 0 0 0 

320 306 229 37 0 0.522876 0 0 0 0 0 0 0 0 0 0 0 0 0 0 0 0 0 0 0 0 0 0.111111 0.111111 0.333333 0.222222 0.111111 0.111111 0 0 0 0 0 0 

320 303 228 37 0 0.528053 0 0 0 0 0 0 0 0 0 0 0 0 0 0 0 0 0 0 0 0 0.111111 0 0.222222 0.222222 0 0.222222 0.111111 0.111111 0 0 0 0 0 

256 243 186 37 0 0.658436 0 0 0 0 0 0 0 0 0 0 0 0 0 0 0 0 0 0 0 0 0 0.142857 0 0.285714 0 0.571429 0 0 0 0 0 0 0 

256 241 179 37 0 0.6639 0 0 0 0 0 0 0 0 0 0 0 0 0 0 0 0 0 0 0 0 0 0.285714 0.142857 0 0.285714 0.285714 0 0 0 0 0 0 0 

320 304 221 37 0 0.526316 0 0 0 0 0 0 0 0 0 0 0 0 0 0 0 0 0 0 0 0 0.111111 0.111111 0.222222 0.111111 0.333333 0.111111 0 0 0 0 0 0 0 

256 243 185 37 0 0.658436 0 0 0 0 0 0 0 0 0 0 0 0 0 0 0 0 0 0 0 0 0 0.142857 0.285714 0.142857 0 0.285714 0 0 0.142857 0 0 0 0 

288 278 203 37 0 0.57554 0 0 0 0 0 0 0 0 0 0 0 0 0 0 0 0 0 0 0 0 0.25 0 0.125 0.375 0 0.25 0 0 0 0 0 0 0 

256 248 193 37 0 0.645161 0 0 0 0 0 0 0 0 0 0 0 0 0 0 0 0 0 0 0 0 0 0 0.142857 0 0.428571 0.428571 0 0 0 0 0 0 0 

288 273 202 37 0 0.586081 0 0 0 0 0 0 0 0 0 0 0 0 0 0 0 0 0 0 0 0 0.125 0 0.125 0.375 0.125 0.25 0 0 0 0 0 0 0 

256 235 170 37 0 0.680851 0 0 0 0 0 0 0 0 0 0 0 0 0 0 0 0 0 0 0 0 0.142857 0 0.285714 0.142857 0.428571 0 0 0 0 0 0 0 0 

288 275 206 37 0 0.581818 0 0 0 0 0 0 0 0 0 0 0 0 0 0 0 0 0 0 0 0 0 0 0.375 0.125 0.25 0.25 0 0 0 0 0 0 0 

288 266 196 37 0 0.601504 0 0 0 0 0 0 0 0 0 0 0 0 0 0 0 0 0 0 0 0 0 0.25 0.125 0.125 0.25 0.125 0.125 0 0 0 0 0 0 

288 269 206 37 0 0.594796 0 0 0 0 0 0 0 0 0 0 0 0 0 0 0 0 0 0 0 0 0 0.125 0 0 0.5 0.25 0.125 0 0 0 0 0 0 

288 276 202 37 0 0.57971 0 0 0 0 0 0 0 0 0 0 0 0 0 0 0 0 0 0 0 0 0.125 0.125 0.125 0.25 0.25 0.125 0 0 0 0 0 0 0 

288 274 201 37 0 0.583942 0 0 0 0 0 0 0 0 0 0 0 0 0 0 0 0 0 0 0 0.125 0.125 0.125 0 0.125 0.25 0 0.25 0 0 0 0 0 0 

288 275 208 37 0 0.581818 0 0 0 0 0 0 0 0 0 0 0 0 0 0 0 0 0 0 0 0 0 0.125 0.125 0.25 0 0.5 0 0 0 0 0 0 0 

320 300 220 37 0 0.533333 0 0 0 0 0 0 0 0 0 0 0 0 0 0 0 0 0 0 0 0 0.111111 0.222222 0 0.222222 0.111111 0.222222 0.111111 0 0 0 0 0 0 

320 296 207 37 0 0.540541 0 0 0 0 0 0 0 0 0 0 0 0 0 0 0 0 0 0 0.111111 0 0 0.111111 0.333333 0.222222 0.222222 0 0 0 0 0 0 0 0 

288 272 205 37 0 0.588235 0 0 0 0 0 0 0 0 0 0 0 0 0 0 0 0 0 0 0 0 0.125 0 0 0 0.75 0.125 0 0 0 0 0 0 0 

256 240 181 37 0 0.666667 0 0 0 0 0 0 0 0 0 0 0 0 0 0 0 0 0 0 0 0 0 0 0.142857 0.285714 0.428571 0.142857 0 0 0 0 0 0 0 

256 245 183 37 0 0.653061 0 0 0 0 0 0 0 0 0 0 0 0 0 0 0 0 0 0 0 0 0 0.285714 0.142857 0.142857 0.142857 0.142857 0.142857 0 0 0 0 0 0 

288 268 205 37 0 0.597015 0 0 0 0 0 0 0 0 0 0 0 0 0 0 0 0 0 0 0 0 0 0 0.25 0.375 0 0 0.125 0.25 0 0 0 0 0 

320 294 206 37 0 0.544218 0 0 0 0 0 0 0 0 0 0 0 0 0 0 0 0 0 0 0 0 0.222222 0.111111 0.111111 0.444444 0 0.111111 0 0 0 0 0 0 0 

256 239 177 37 0 0.669456 0 0 0 0 0 0 0 0 0 0 0 0 0 0 0 0 0 0 0 0 0.142857 0.142857 0.142857 0.142857 0 0.285714 0.142857 0 0 0 0 0 0 

256 242 182 37 0 0.661157 0 0 0 0 0 0 0 0 0 0 0 0 0 0 0 0 0 0 0 0 0 0.142857 0 0.285714 0.428571 0.142857 0 0 0 0 0 0 0 

256 245 182 37 0 0.653061 0 0 0 0 0 0 0 0 0 0 0 0 0 0 0 0 0 0 0 0 0.142857 0 0.285714 0.142857 0.285714 0 0.142857 0 0 0 0 0 0 

256 241 182 37 0 0.6639 0 0 0 0 0 0 0 0 0 0 0 0 0 0 0 0 0 0 0 0 0 0.142857 0.285714 0 0.142857 0.285714 0.142857 0 0 0 0 0 0 

320 300 215 37 0 0.533333 0 0 0 0 0 0 0 0 0 0 0 0 0 0 0 0 0 0 0 0 0.111111 0.222222 0.222222 0.111111 0.111111 0.222222 0 0 0 0 0 0 0 

256 240 180 37 0 0.666667 0 0 0 0 0 0 0 0 0 0 0 0 0 0 0 0 0 0 0 0 0 0 0.285714 0.285714 0.142857 0.285714 0 0 0 0 0 0 0 

256 242 190 37 0 0.661157 0 0 0 0 0 0 0 0 0 0 0 0 0 0 0 0 0 0 0 0 0 0 0.142857 0 0.142857 0.571429 0.142857 0 0 0 0 0 0 

288 272 195 37 0 0.588235 0 0 0 0 0 0 0 0 0 0 0 0 0 0 0 0 0 0 0 0.125 0 0.25 0.25 0 0.125 0.25 0 0 0 0 0 0 0 

288 273 197 37 0 0.586081 0 0 0 0 0 0 0 0 0 0 0 0 0 0 0 0 0 0 0 0 0.125 0.125 0.25 0.375 0 0 0.125 0 0 0 0 0 0 

288 277 200 37 0 0.577617 0 0 0 0 0 0 0 0 0 0 0 0 0 0 0 0 0 0 0 0 0.25 0.125 0 0.375 0.125 0.125 0 0 0 0 0 0 0 

320 303 220 37 0 0.528053 0 0 0 0 0 0 0 0 0 0 0 0 0 0 0 0 0 0 0 0 0 0.222222 0.111111 0.444444 0.111111 0.111111 0 0 0 0 0 0 0 

288 277 199 37 0 0.577617 0 0 0 0 0 0 0 0 0 0 0 0 0 0 0 0 0 0 0 0.125 0.125 0 0.25 0.25 0.125 0.125 0 0 0 0 0 0 0 

256 245 190 37 0 0.653061 0 0 0 0 0 0 0 0 0 0 0 0 0 0 0 0 0 0 0 0 0 0 0.142857 0.142857 0.285714 0.285714 0.142857 0 0 0 0 0 0 

288 274 194 37 0 0.583942 0 0 0 0 0 0 0 0 0 0 0 0 0 0 0 0 0 0 0 0 0 0.5 0.375 0 0 0 0.125 0 0 0 0 0 0 

256 242 184 37 0 0.661157 0 0 0 0 0 0 0 0 0 0 0 0 0 0 0 0 0 0 0 0 0 0 0.142857 0.142857 0.571429 0.142857 0 0 0 0 0 0 0 

256 245 187 37 0 0.653061 0 0 0 0 0 0 0 0 0 0 0 0 0 0 0 0 0 0 0 0 0 0.142857 0 0.428571 0.142857 0.142857 0 0.142857 0 0 0 0 0 

256 235 176 37 0 0.680851 0 0 0 0 0 0 0 0 0 0 0 0 0 0 0 0 0 0 0 0 0.142857 0 0.142857 0.142857 0.142857 0.285714 0.142857 0 0 0 0 0 0 

256 242 175 37 0 0.661157 0 0 0 0 0 0 0 0 0 0 0 0 0 0 0 0 0 0 0 0 0 0.285714 0.142857 0.428571 0.142857 0 0 0 0 0 0 0 0 

288 272 206 37 0 0.588235 0 0 0 0 0 0 0 0 0 0 0 0 0 0 0 0 0 0 0 0 0.25 0 0 0.125 0.125 0.125 0.375 0 0 0 0 0 0 

288 263 194 37 0 0.608365 0 0 0 0 0 0 0 0 0 0 0 0 0 0 0 0 0 0 0 0 0 0.375 0 0.125 0.125 0.125 0.25 0 0 0 0 0 0 

288 274 204 37 0 0.583942 0 0 0 0 0 0 0 0 0 0 0 0 0 0 0 0 0 0 0 0 0.125 0 0.375 0 0.125 0.25 0.125 0 0 0 0 0 0 

288 268 191 37 0 0.597015 0 0 0 0 0 0 0 0 0 0 0 0 0 0 0 0 0 0 0 0 0.125 0.125 0.25 0.25 0.25 0 0 0 0 0 0 0 0 

288 276 212 37 0 0.57971 0 0 0 0 0 0 0 0 0 0 0 0 0 0 0 0 0 0 0 0 0 0 0 0.375 0.5 0 0 0.125 0 0 0 0 0 

288 272 200 37 0 0.588235 0 0 0 0 0 0 0 0 0 0 0 0 0 0 0 0 0 0 0 0 0.25 0 0 0.375 0.125 0.125 0.125 0 0 0 0 0 0 

256 246 182 37 0 0.650406 0 0 0 0 0 0 0 0 0 0 0 0 0 0 0 0 0 0 0 0 0.142857 0.142857 0 0.285714 0.285714 0.142857 0 0 0 0 0 0 0 

256 242 182 37 0 0.661157 0 0 0 0 0 0 0 0 0 0 0 0 0 0 0 0 0 0 0 0 0 0 0.142857 0.428571 0.285714 0.142857 0 0 0 0 0 0 0 

288 276 209 37 0 0.57971 0 0 0 0 0 0 0 0 0 0 0 0 0 0 0 0 0 0 0 0 0 0 0.125 0.5 0.125 0.125 0.125 0 0 0 0 0 0 

288 274 197 37 0 0.583942 0 0 0 0 0 0 0 0 0 0 0 0 0 0 0 0 0 0 0.125 0 0 0.125 0.375 0 0.25 0 0.125 0 0 0 0 0 0 

288 277 208 37 0 0.577617 0 0 0 0 0 0 0 0 0 0 0 0 0 0 0 0 0 0 0 0 0 0 0.125 0.5 0.25 0.125 0 0 0 0 0 0 0 

256 243 179 37 0 0.658436 0 0 0 0 0 0 0 0 0 0 0 0 0 0 0 0 0 0 0 0 0.142857 0 0.285714 0.142857 0.285714 0.142857 0 0 0 0 0 0 0 

320 301 223 37 0 0.531561 0 0 0 0 0 0 0 0 0 0 0 0 0 0 0 0 0 0 0 0 0 0.111111 0.333333 0.111111 0.111111 0.222222 0.111111 0 0 0 0 0 0 

256 243 185 37 0 0.658436 0 0 0 0 0 0 0 0 0 0 0 0 0 0 0 0 0 0 0 0 0 0.142857 0 0.285714 0.285714 0.142857 0.142857 0 0 0 0 0 0 

288 274 207 37 0 0.583942 0 0 0 0 0 0 0 0 0 0 0 0 0 0 0 0 0 0 0 0 0 0.125 0.25 0.125 0.25 0.125 0 0 0.125 0 0 0 0 

320 311 232 37 0 0.514469 0 0 0 0 0 0 0 0 0 0 0 0 0 0 0 0 0 0 0 0 0 0 0.222222 0.555556 0 0.222222 0 0 0 0 0 0 0 

320 297 216 37 0 0.538721 0 0 0 0 0 0 0 0 0 0 0 0 0 0 0 0 0 0 0 0 0.111111 0.222222 0.111111 0 0.222222 0.333333 0 0 0 0 0 0 0 

288 268 196 37 0 0.597015 0 0 0 0 0 0 0 0 0 0 0 0 0 0 0 0 0 0 0 0 0 0.125 0.375 0.125 0.125 0.25 0 0 0 0 0 0 0 

288 279 213 37 0 0.573477 0 0 0 0 0 0 0 0 0 0 0 0 0 0 0 0 0 0 0 0 0 0.125 0 0.25 0.375 0.125 0.125 0 0 0 0 0 0 

256 242 180 37 0 0.661157 0 0 0 0 0 0 0 0 0 0 0 0 0 0 0 0 0 0 0 0 0 0.142857 0.285714 0.142857 0.142857 0.285714 0 0 0 0 0 0 0 

256 238 177 37 0 0.672269 0 0 0 0 0 0 0 0 0 0 0 0 0 0 0 0 0 0 0 0 0 0.142857 0 0.428571 0.285714 0.142857 0 0 0 0 0 0 0 

288 276 207 37 0 0.57971 0 0 0 0 0 0 0 0 0 0 0 0 0 0 0 0 0 0 0 0 0 0 0.25 0.125 0.625 0 0 0 0 0 0 0 0 

288 272 201 37 0 0.588235 0 0 0 0 0 0 0 0 0 0 0 0 0 0 0 0 0 0 0 0 0 0 0.375 0.25 0.25 0.125 0 0 0 0 0 0 0 

288 277 211 37 0 0.577617 0 0 0 0 0 0 0 0 0 0 0 0 0 0 0 0 0 0 0 0 0 0.125 0.25 0.125 0.125 0.125 0.125 0.125 0 0 0 0 0 

288 275 206 37 0 0.581818 0 0 0 0 0 0 0 0 0 0 0 0 0 0 0 0 0 0 0 0 0 0.125 0.125 0.25 0.375 0 0.125 0 0 0 0 0 0 

416 406 298 37 0 0.394089 0 0 0 0 0 0 0 0 0 0 0 0 0 0 0 0 0 0 0 0 0 0.166667 0.25 0.25 0.166667 0.0833333 0.0833333 0 0 0 0 0 0 

256 242 177 37 0 0.661157 0 0 0 0 0 0 0 0 0 0 0 0 0 0 0 0 0 0 0 0 0 0 0.571429 0.142857 0.285714 0 0 0 0 0 0 0 0 

288 273 201 37 0 0.586081 0 0 0 0 0 0 0 0 0 0 0 0 0 0 0 0 0 0 0 0 0 0.25 0.125 0.25 0.125 0.25 0 0 0 0 0 0 0 

256 237 174 37 0 0.675106 0 0 0 0 0 0 0 0 0 0 0 0 0 0 0 0 0 0 0 0 0 0 0.428571 0.142857 0.428571 0 0 0 0 0 0 0 0 

288 268 194 37 0 0.597015 0 0 0 0 0 0 0 0 0 0 0 0 0 0 0 0 0 0 0 0 0.125 0.125 0 0.375 0.375 0 0 0 0 0 0 0 0 

288 268 196 37 0 0.597015 0 0 0 0 0 0 0 0 0 0 0 0 0 0 0 0 0 0 0 0 0 0.125 0.25 0.125 0.5 0 0 0 0 0 0 0 0 

288 278 197 37 0 0.57554 0 0 0 0 0 0 0 0 0 0 0 0 0 0 0 0 0 0.125 0 0 0 0.125 0.125 0.625 0 0 0 0 0 0 0 0 0 

288 274 204 37 0 0.583942 0 0 0 0 0 0 0 0 0 0 0 0 0 0 0 0 0 0 0 0 0 0.25 0.25 0 0.25 0 0.25 0 0 0 0 0 0 

288 270 202 37 0 0.592593 0 0 0 0 0 0 0 0 0 0 0 0 0 0 0 0 0 0 0 0 0 0.25 0 0.25 0.25 0.125 0 0.125 0 0 0 0 0 

256 239 175 37 0 0.669456 0 0 0 0 0 0 0 0 0 0 0 0 0 0 0 0 0 0.142857 0 0 0 0 0.142857 0.142857 0.285714 0.285714 0 0 0 0 0 0 0 

288 275 203 37 0 0.581818 0 0 0 0 0 0 0 0 0 0 0 0 0 0 0 0 0 0 0 0 0 0.125 0.25 0.25 0.25 0.125 0 0 0 0 0 0 0 

256 247 183 37 0 0.647773 0 0 0 0 0 0 0 0 0 0 0 0 0 0 0 0 0 0 0 0 0.142857 0 0.142857 0.428571 0.142857 0.142857 0 0 0 0 0 0 0 

288 278 206 37 0 0.57554 0 0 0 0 0 0 0 0 0 0 0 0 0 0 0 0 0 0 0 0 0.125 0.25 0 0.125 0.25 0.125 0.125 0 0 0 0 0 0 

288 275 206 37 0 0.581818 0 0 0 0 0 0 0 0 0 0 0 0 0 0 0 0 0 0 0 0 0 0.125 0.25 0.125 0.125 0.375 0 0 0 0 0 0 0 

288 269 201 37 0 0.594796 0 0 0 0 0 0 0 0 0 0 0 0 0 0 0 0 0 0 0 0 0 0.125 0 0.25 0.5 0.125 0 0 0 0 0 0 0 

256 241 181 37 0 0.6639 0 0 0 0 0 0 0 0 0 0 0 0 0 0 0 0 0 0 0 0 0 0 0.285714 0.428571 0.142857 0 0 0.142857 0 0 0 0 0 

288 273 194 37 0 0.586081 0 0 0 0 0 0 0 0 0 0 0 0 0 0 0 0 0 0 0.125 0 0 0.375 0.25 0 0 0.125 0 0.125 0 0 0 0 0 

288 273 207 37 0 0.586081 0 0 0 0 0 0 0 0 0 0 0 0 0 0 0 0 0 0 0 0 0 0.125 0 0.375 0.125 0.25 0.125 0 0 0 0 0 0 

256 243 188 37 0 0.658436 0 0 0 0 0 0 0 0 0 0 0 0 0 0 0 0 0 0 0 0 0 0 0.142857 0.285714 0.142857 0.142857 0.285714 0 0 0 0 0 0 

288 272 207 37 0 0.588235 0 0 0 0 0 0 0 0 0 0 0 0 0 0 0 0 0 0 0 0 0 0 0.25 0.25 0 0.375 0.125 0 0 0 0 0 0 

256 244 182 37 0 0.655738 0 0 0 0 0 0 0 0 0 0 0 0 0 0 0 0 0 0 0 0 0.142857 0.142857 0.142857 0.142857 0 0.285714 0.142857 0 0 0 0 0 0 

288 275 203 37 0 0.581818 0 0 0 0 0 0 0 0 0 0 0 0 0 0 0 0 0 0 0 0 0 0.125 0.125 0.375 0.375 0 0 0 0 0 0 0 0 

