256 234 173 37 0 0.683761 0 0 0 0 0 0 0 0 0 0 0 0 0 0 0 0 0 0 0 0 0 0.285714 0 0.142857 0.428571 0 0.142857 0 0 0 0 0 0 

288 275 200 37 0 0.581818 0 0 0 0 0 0 0 0 0 0 0 0 0 0 0 0 0 0 0 0 0 0.25 0.125 0.375 0.25 0 0 0 0 0 0 0 0 

288 264 190 37 0 0.606061 0 0 0 0 0 0 0 0 0 0 0 0 0 0 0 0 0 0 0.125 0 0 0 0.125 0.375 0.25 0.125 0 0 0 0 0 0 0 

288 270 204 37 0 0.592593 0 0 0 0 0 0 0 0 0 0 0 0 0 0 0 0 0 0 0 0 0 0.125 0.25 0 0.375 0 0.125 0.125 0 0 0 0 0 

288 261 198 37 0 0.613027 0 0 0 0 0 0 0 0 0 0 0 0 0 0 0 0 0 0 0 0 0 0 0.25 0 0.375 0.125 0.25 0 0 0 0 0 0 

288 274 205 37 0 0.583942 0 0 0 0 0 0 0 0 0 0 0 0 0 0 0 0 0 0 0 0.125 0 0.125 0.125 0.125 0.125 0.125 0.125 0.125 0 0 0 0 0 

320 297 217 37 0 0.538721 0 0 0 0 0 0 0 0 0 0 0 0 0 0 0 0 0 0 0 0 0.111111 0 0.222222 0.222222 0.333333 0 0.111111 0 0 0 0 0 0 

288 276 200 37 0 0.57971 0 0 0 0 0 0 0 0 0 0 0 0 0 0 0 0 0 0 0 0 0 0.375 0 0.375 0.25 0 0 0 0 0 0 0 0 

288 269 194 37 0 0.594796 0 0 0 0 0 0 0 0 0 0 0 0 0 0 0 0 0 0 0 0 0 0.25 0.25 0.125 0.375 0 0 0 0 0 0 0 0 

320 300 219 37 0 0.533333 0 0 0 0 0 0 0 0 0 0 0 0 0 0 0 0 0 0 0 0 0.111111 0.111111 0.111111 0.333333 0.111111 0.111111 0.111111 0 0 0 0 0 0 

256 245 183 37 0 0.653061 0 0 0 0 0 0 0 0 0 0 0 0 0 0 0 0 0 0 0 0 0 0 0.142857 0.571429 0.285714 0 0 0 0 0 0 0 0 

320 303 221 37 0 0.528053 0 0 0 0 0 0 0 0 0 0 0 0 0 0 0 0 0 0 0 0 0 0.111111 0.222222 0.333333 0.333333 0 0 0 0 0 0 0 0 

288 267 196 37 0 0.599251 0 0 0 0 0 0 0 0 0 0 0 0 0 0 0 0 0 0 0 0 0.125 0 0.375 0 0.25 0.125 0.125 0 0 0 0 0 0 

288 277 201 37 0 0.577617 0 0 0 0 0 0 0 0 0 0 0 0 0 0 0 0 0 0 0 0 0 0.25 0.25 0.25 0.25 0 0 0 0 0 0 0 0 

288 277 198 37 0 0.577617 0 0 0 0 0 0 0 0 0 0 0 0 0 0 0 0 0 0 0 0 0.125 0.125 0.375 0.25 0.125 0 0 0 0 0 0 0 0 

288 271 192 37 0 0.590406 0 0 0 0 0 0 0 0 0 0 0 0 0 0 0 0 0 0 0 0 0.25 0.125 0.125 0.25 0.25 0 0 0 0 0 0 0 0 

288 274 208 37 0 0.583942 0 0 0 0 0 0 0 0 0 0 0 0 0 0 0 0 0 0 0 0 0 0.125 0 0.125 0.625 0 0.125 0 0 0 0 0 0 

256 243 179 37 0 0.658436 0 0 0 0 0 0 0 0 0 0 0 0 0 0 0 0 0 0 0 0.142857 0 0 0.285714 0.142857 0.142857 0.285714 0 0 0 0 0 0 0 

288 272 200 37 0 0.588235 0 0 0 0 0 0 0 0 0 0 0 0 0 0 0 0 0 0 0 0.125 0 0.125 0 0.375 0.125 0.125 0.125 0 0 0 0 0 0 

320 309 231 37 0 0.517799 0 0 0 0 0 0 0 0 0 0 0 0 0 0 0 0 0 0 0 0 0 0.333333 0 0.111111 0.222222 0.222222 0.111111 0 0 0 0 0 0 

288 274 194 37 0 0.583942 0 0 0 0 0 0 0 0 0 0 0 0 0 0 0 0 0 0 0 0.125 0.125 0.25 0.125 0.125 0 0.25 0 0 0 0 0 0 0 

256 243 183 37 0 0.658436 0 0 0 0 0 0 0 0 0 0 0 0 0 0 0 0 0 0 0 0 0 0 0.428571 0 0.285714 0.285714 0 0 0 0 0 0 0 

288 275 204 37 0 0.581818 0 0 0 0 0 0 0 0 0 0 0 0 0 0 0 0 0 0 0 0 0 0 0.375 0.375 0 0.25 0 0 0 0 0 0 0 

288 270 197 37 0 0.592593 0 0 0 0 0 0 0 0 0 0 0 0 0 0 0 0 0 0 0 0 0 0.25 0.25 0.125 0.25 0 0.125 0 0 0 0 0 0 

288 268 194 37 0 0.597015 0 0 0 0 0 0 0 0 0 0 0 0 0 0 0 0 0 0 0.125 0 0 0.125 0.125 0.25 0.125 0.125 0.125 0 0 0 0 0 0 

288 275 208 37 0 0.581818 0 0 0 0 0 0 0 0 0 0 0 0 0 0 0 0 0 0 0 0 0 0.125 0 0.125 0.625 0.125 0 0 0 0 0 0 0 

256 239 184 37 0 0.669456 0 0 0 0 0 0 0 0 0 0 0 0 0 0 0 0 0 0 0 0 0 0 0.285714 0 0.142857 0.428571 0.142857 0 0 0 0 0 0 

288 275 197 37 0 0.581818 0 0 0 0 0 0 0 0 0 0 0 0 0 0 0 0 0 0 0.125 0 0 0 0.25 0.5 0.125 0 0 0 0 0 0 0 0 

256 243 191 37 0 0.658436 0 0 0 0 0 0 0 0 0 0 0 0 0 0 0 0 0 0 0 0 0 0 0 0.285714 0.142857 0.285714 0.285714 0 0 0 0 0 0 

320 295 214 37 0 0.542373 0 0 0 0 0 0 0 0 0 0 0 0 0 0 0 0 0 0 0 0 0 0.111111 0.333333 0.222222 0.111111 0.222222 0 0 0 0 0 0 0 

288 278 209 37 0 0.57554 0 0 0 0 0 0 0 0 0 0 0 0 0 0 0 0 0 0 0 0 0 0.25 0 0.125 0.375 0.25 0 0 0 0 0 0 0 

256 235 173 37 0 0.680851 0 0 0 0 0 0 0 0 0 0 0 0 0 0 0 0 0 0 0 0 0.285714 0 0 0.142857 0.285714 0.142857 0.142857 0 0 0 0 0 0 

256 240 186 37 0 0.666667 0 0 0 0 0 0 0 0 0 0 0 0 0 0 0 0 0 0 0 0 0 0 0.285714 0 0.285714 0.142857 0.142857 0.142857 0 0 0 0 0 

288 268 193 37 0 0.597015 0 0 0 0 0 0 0 0 0 0 0 0 0 0 0 0 0 0 0 0 0.125 0.125 0.125 0.375 0.125 0.125 0 0 0 0 0 0 0 

288 276 202 37 0 0.57971 0 0 0 0 0 0 0 0 0 0 0 0 0 0 0 0 0 0 0 0 0 0.25 0.25 0.125 0.25 0.125 0 0 0 0 0 0 0 

288 274 204 37 0 0.583942 0 0 0 0 0 0 0 0 0 0 0 0 0 0 0 0 0 0 0 0 0.125 0.25 0 0 0.25 0.25 0.125 0 0 0 0 0 0 

256 242 184 37 0 0.661157 0 0 0 0 0 0 0 0 0 0 0 0 0 0 0 0 0 0 0 0 0 0 0.142857 0.142857 0.571429 0.142857 0 0 0 0 0 0 0 

256 240 174 37 0 0.666667 0 0 0 0 0 0 0 0 0 0 0 0 0 0 0 0 0 0 0 0 0 0 0.571429 0.285714 0.142857 0 0 0 0 0 0 0 0 

256 242 184 37 0 0.661157 0 0 0 0 0 0 0 0 0 0 0 0 0 0 0 0 0 0 0 0 0 0 0.285714 0 0.571429 0 0.142857 0 0 0 0 0 0 

288 277 208 37 0 0.577617 0 0 0 0 0 0 0 0 0 0 0 0 0 0 0 0 0 0 0 0 0 0.25 0.125 0.125 0.25 0 0.25 0 0 0 0 0 0 

320 298 212 37 0 0.536913 0 0 0 0 0 0 0 0 0 0 0 0 0 0 0 0 0 0 0 0.111111 0 0.333333 0.111111 0.111111 0 0.333333 0 0 0 0 0 0 0 

416 402 291 37 0 0.39801 0 0 0 0 0 0 0 0 0 0 0 0 0 0 0 0 0 0 0 0 0 0.25 0.166667 0.25 0.25 0.0833333 0 0 0 0 0 0 0 

256 238 186 37 0 0.672269 0 0 0 0 0 0 0 0 0 0 0 0 0 0 0 0 0 0 0 0 0 0 0 0.142857 0.428571 0.142857 0.285714 0 0 0 0 0 0 

288 276 202 37 0 0.57971 0 0 0 0 0 0 0 0 0 0 0 0 0 0 0 0 0 0 0 0 0.125 0 0.125 0.5 0.25 0 0 0 0 0 0 0 0 

256 244 181 37 0 0.655738 0 0 0 0 0 0 0 0 0 0 0 0 0 0 0 0 0 0 0 0 0.142857 0.142857 0.142857 0.142857 0 0.428571 0 0 0 0 0 0 0 

320 304 219 37 0 0.526316 0 0 0 0 0 0 0 0 0 0 0 0 0 0 0 0 0 0 0 0.111111 0 0.111111 0.222222 0.222222 0.222222 0.111111 0 0 0 0 0 0 0 

256 241 180 37 0 0.6639 0 0 0 0 0 0 0 0 0 0 0 0 0 0 0 0 0 0 0 0 0 0.142857 0.285714 0.142857 0.285714 0 0 0.142857 0 0 0 0 0 

256 243 178 37 0 0.658436 0 0 0 0 0 0 0 0 0 0 0 0 0 0 0 0 0 0 0 0 0 0 0.428571 0.428571 0.142857 0 0 0 0 0 0 0 0 

256 243 183 37 0 0.658436 0 0 0 0 0 0 0 0 0 0 0 0 0 0 0 0 0 0 0 0.142857 0 0 0 0.428571 0 0.285714 0.142857 0 0 0 0 0 0 

256 243 186 37 0 0.658436 0 0 0 0 0 0 0 0 0 0 0 0 0 0 0 0 0 0 0 0 0 0.142857 0 0.285714 0.142857 0.285714 0.142857 0 0 0 0 0 0 

320 309 230 37 0 0.517799 0 0 0 0 0 0 0 0 0 0 0 0 0 0 0 0 0 0 0 0 0 0.111111 0 0.555556 0.222222 0.111111 0 0 0 0 0 0 0 

256 240 170 37 0 0.666667 0 0 0 0 0 0 0 0 0 0 0 0 0 0 0 0 0 0 0.142857 0 0 0.142857 0.285714 0.142857 0.285714 0 0 0 0 0 0 0 0 

256 242 183 37 0 0.661157 0 0 0 0 0 0 0 0 0 0 0 0 0 0 0 0 0 0 0 0 0 0 0.142857 0.142857 0.714286 0 0 0 0 0 0 0 0 

288 273 212 37 0 0.586081 0 0 0 0 0 0 0 0 0 0 0 0 0 0 0 0 0 0 0 0 0 0 0.125 0.125 0.125 0.5 0.125 0 0 0 0 0 0 

256 244 184 37 0 0.655738 0 0 0 0 0 0 0 0 0 0 0 0 0 0 0 0 0 0 0 0 0 0.142857 0.142857 0.285714 0.142857 0.142857 0.142857 0 0 0 0 0 0 

288 274 204 37 0 0.583942 0 0 0 0 0 0 0 0 0 0 0 0 0 0 0 0 0 0 0 0 0 0.25 0.125 0 0.5 0 0.125 0 0 0 0 0 0 

256 242 182 37 0 0.661157 0 0 0 0 0 0 0 0 0 0 0 0 0 0 0 0 0 0 0 0 0.142857 0 0 0.285714 0.285714 0.285714 0 0 0 0 0 0 0 

288 277 204 37 0 0.577617 0 0 0 0 0 0 0 0 0 0 0 0 0 0 0 0 0 0 0 0 0.125 0.125 0 0.25 0.5 0 0 0 0 0 0 0 0 

320 301 217 37 0 0.531561 0 0 0 0 0 0 0 0 0 0 0 0 0 0 0 0 0 0 0 0 0 0 0.666667 0.111111 0.111111 0.111111 0 0 0 0 0 0 0 

416 407 292 37 0 0.39312 0 0 0 0 0 0 0 0 0 0 0 0 0 0 0 0 0 0 0 0.0833333 0.0833333 0.0833333 0.166667 0.416667 0.0833333 0 0.0833333 0 0 0 0 0 0 

256 242 190 37 0 0.661157 0 0 0 0 0 0 0 0 0 0 0 0 0 0 0 0 0 0 0 0 0 0 0 0.142857 0.285714 0.428571 0.142857 0 0 0 0 0 0 

256 238 175 37 0 0.672269 0 0 0 0 0 0 0 0 0 0 0 0 0 0 0 0 0 0 0 0 0 0.142857 0.428571 0 0.285714 0 0.142857 0 0 0 0 0 0 

288 279 208 37 0 0.573477 0 0 0 0 0 0 0 0 0 0 0 0 0 0 0 0 0 0 0 0.125 0.125 0 0.125 0.125 0.25 0 0.125 0.125 0 0 0 0 0 

288 277 207 37 0 0.577617 0 0 0 0 0 0 0 0 0 0 0 0 0 0 0 0 0 0 0 0 0.125 0 0.25 0.125 0.25 0.125 0.125 0 0 0 0 0 0 

256 239 170 37 0 0.669456 0 0 0 0 0 0 0 0 0 0 0 0 0 0 0 0 0 0 0 0.142857 0.142857 0 0.142857 0.428571 0 0.142857 0 0 0 0 0 0 0 

288 278 210 37 0 0.57554 0 0 0 0 0 0 0 0 0 0 0 0 0 0 0 0 0 0 0 0 0 0.125 0.25 0.25 0.125 0 0.125 0.125 0 0 0 0 0 

256 243 180 37 0 0.658436 0 0 0 0 0 0 0 0 0 0 0 0 0 0 0 0 0 0 0 0 0 0.142857 0.142857 0.428571 0.142857 0.142857 0 0 0 0 0 0 0 

256 242 183 37 0 0.661157 0 0 0 0 0 0 0 0 0 0 0 0 0 0 0 0 0 0 0 0 0 0 0.428571 0 0.285714 0.142857 0.142857 0 0 0 0 0 0 

320 298 223 37 0 0.536913 0 0 0 0 0 0 0 0 0 0 0 0 0 0 0 0 0 0 0 0 0 0.111111 0.111111 0.222222 0.222222 0.222222 0.111111 0 0 0 0 0 0 

288 277 208 37 0 0.577617 0 0 0 0 0 0 0 0 0 0 0 0 0 0 0 0 0 0 0 0 0 0.125 0.375 0.125 0.125 0 0.125 0.125 0 0 0 0 0 

320 309 226 37 0 0.517799 0 0 0 0 0 0 0 0 0 0 0 0 0 0 0 0 0 0 0 0.111111 0 0.222222 0 0.111111 0.444444 0.111111 0 0 0 0 0 0 0 

256 237 181 37 0 0.675106 0 0 0 0 0 0 0 0 0 0 0 0 0 0 0 0 0 0 0 0 0 0 0.142857 0.285714 0.142857 0.285714 0.142857 0 0 0 0 0 0 

288 277 210 37 0 0.577617 0 0 0 0 0 0 0 0 0 0 0 0 0 0 0 0 0 0 0 0 0 0 0.25 0.25 0.125 0.375 0 0 0 0 0 0 0 

256 238 179 37 0 0.672269 0 0 0 0 0 0 0 0 0 0 0 0 0 0 0 0 0 0 0 0 0 0 0.285714 0.285714 0.142857 0.142857 0.142857 0 0 0 0 0 0 

288 274 215 37 0 0.583942 0 0 0 0 0 0 0 0 0 0 0 0 0 0 0 0 0 0 0 0 0 0 0 0.125 0.5 0.125 0.125 0.125 0 0 0 0 0 

320 304 209 37 0 0.526316 0 0 0 0 0 0 0 0 0 0 0 0 0 0 0 0 0 0.111111 0 0 0 0.444444 0.111111 0.222222 0.111111 0 0 0 0 0 0 0 0 

288 278 207 37 0 0.57554 0 0 0 0 0 0 0 0 0 0 0 0 0 0 0 0 0 0 0 0 0.125 0.125 0.125 0.125 0.125 0.375 0 0 0 0 0 0 0 

288 275 204 37 0 0.581818 0 0 0 0 0 0 0 0 0 0 0 0 0 0 0 0 0 0 0 0 0 0.125 0.25 0.125 0.375 0.125 0 0 0 0 0 0 0 

320 311 230 37 0 0.514469 0 0 0 0 0 0 0 0 0 0 0 0 0 0 0 0 0 0 0 0 0 0.222222 0.111111 0.222222 0.333333 0.111111 0 0 0 0 0 0 0 

256 241 177 37 0 0.6639 0 0 0 0 0 0 0 0 0 0 0 0 0 0 0 0 0 0 0 0 0 0.285714 0.142857 0.142857 0.285714 0.142857 0 0 0 0 0 0 0 

288 273 193 37 0 0.586081 0 0 0 0 0 0 0 0 0 0 0 0 0 0 0 0 0 0 0.125 0 0.125 0.125 0 0.5 0 0.125 0 0 0 0 0 0 0 

288 279 218 37 0 0.573477 0 0 0 0 0 0 0 0 0 0 0 0 0 0 0 0 0 0 0 0 0 0 0.125 0.125 0 0.75 0 0 0 0 0 0 0 

288 272 207 37 0 0.588235 0 0 0 0 0 0 0 0 0 0 0 0 0 0 0 0 0 0 0 0 0.125 0 0.25 0 0.125 0.25 0.125 0.125 0 0 0 0 0 

320 299 212 37 0 0.535117 0 0 0 0 0 0 0 0 0 0 0 0 0 0 0 0 0 0 0 0 0.111111 0.222222 0.111111 0.333333 0.222222 0 0 0 0 0 0 0 0 

288 272 206 37 0 0.588235 0 0 0 0 0 0 0 0 0 0 0 0 0 0 0 0 0 0 0 0 0 0 0.25 0.375 0 0.25 0 0.125 0 0 0 0 0 

256 241 174 37 0 0.6639 0 0 0 0 0 0 0 0 0 0 0 0 0 0 0 0 0 0 0 0 0.285714 0.285714 0 0 0.142857 0.142857 0.142857 0 0 0 0 0 0 

256 240 187 37 0 0.666667 0 0 0 0 0 0 0 0 0 0 0 0 0 0 0 0 0 0 0 0 0 0 0 0.142857 0.285714 0.571429 0 0 0 0 0 0 0 

256 240 180 37 0 0.666667 0 0 0 0 0 0 0 0 0 0 0 0 0 0 0 0 0 0 0 0 0 0 0.285714 0.428571 0 0.142857 0.142857 0 0 0 0 0 0 

288 273 209 37 0 0.586081 0 0 0 0 0 0 0 0 0 0 0 0 0 0 0 0 0 0 0 0 0 0 0.125 0.25 0.375 0 0.25 0 0 0 0 0 0 

256 240 177 37 0 0.666667 0 0 0 0 0 0 0 0 0 0 0 0 0 0 0 0 0 0 0 0.142857 0 0 0.142857 0.285714 0.285714 0 0.142857 0 0 0 0 0 0 

288 274 195 37 0 0.583942 0 0 0 0 0 0 0 0 0 0 0 0 0 0 0 0 0 0 0 0.125 0.25 0 0 0.25 0.375 0 0 0 0 0 0 0 0 

288 268 204 37 0 0.597015 0 0 0 0 0 0 0 0 0 0 0 0 0 0 0 0 0 0 0 0 0 0.125 0 0.125 0.5 0 0.25 0 0 0 0 0 0 

288 269 200 37 0 0.594796 0 0 0 0 0 0 0 0 0 0 0 0 0 0 0 0 0 0.125 0 0 0 0 0 0.125 0.625 0 0 0.125 0 0 0 0 0 

288 276 202 37 0 0.57971 0 0 0 0 0 0 0 0 0 0 0 0 0 0 0 0 0.125 0 0 0 0 0 0.125 0.25 0.375 0 0.125 0 0 0 0 0 0 

256 239 174 37 0 0.669456 0 0 0 0 0 0 0 0 0 0 0 0 0 0 0 0 0 0 0 0 0.142857 0.142857 0 0.285714 0.428571 0 0 0 0 0 0 0 0 

288 273 207 37 0 0.586081 0 0 0 0 0 0 0 0 0 0 0 0 0 0 0 0 0 0 0 0 0 0.125 0 0.25 0.375 0.125 0.125 0 0 0 0 0 0 

256 243 183 37 0 0.658436 0 0 0 0 0 0 0 0 0 0 0 0 0 0 0 0 0 0 0 0 0.142857 0 0.142857 0.142857 0.142857 0.428571 0 0 0 0 0 0 0 

288 272 207 37 0 0.588235 0 0 0 0 0 0 0 0 0 0 0 0 0 0 0 0 0 0 0 0 0 0 0.125 0.125 0.5 0.25 0 0 0 0 0 0 0 

288 275 206 37 0 0.581818 0 0 0 0 0 0 0 0 0 0 0 0 0 0 0 0 0 0 0 0.125 0 0.125 0 0.125 0.125 0.5 0 0 0 0 0 0 0 

320 299 212 37 0 0.535117 0 0 0 0 0 0 0 0 0 0 0 0 0 0 0 0 0 0 0 0.111111 0.111111 0.222222 0.111111 0.111111 0 0.333333 0 0 0 0 0 0 0 

