640 618 444 56 0 0.582524 0 0 0 0 0 0 0 0 0 0 0 0 0 0 0 0 0 0 0 0.0526316 0 0.0526316 0.315789 0.210526 0.263158 0.105263 0 0 0 0 0 0 0 

608 589 430 56 0 0.611205 0 0 0 0 0 0 0 0 0 0 0 0 0 0 0 0 0 0 0 0 0.0555556 0.0555556 0.166667 0.388889 0.166667 0.0555556 0.111111 0 0 0 0 0 0 

640 618 452 56 0 0.582524 0 0 0 0 0 0 0 0 0 0 0 0 0 0 0 0 0 0 0 0 0.0526316 0 0.315789 0.105263 0.315789 0.210526 0 0 0 0 0 0 0 

640 618 451 56 0 0.582524 0 0 0 0 0 0 0 0 0 0 0 0 0 0 0 0 0 0 0 0.0526316 0 0.105263 0.263158 0.157895 0.0526316 0.263158 0.105263 0 0 0 0 0 0 

640 618 454 56 0 0.582524 0 0 0 0 0 0 0 0 0 0 0 0 0 0 0 0 0 0 0 0 0.0526316 0 0.157895 0.315789 0.263158 0.210526 0 0 0 0 0 0 0 

640 617 460 56 0 0.583468 0 0 0 0 0 0 0 0 0 0 0 0 0 0 0 0 0 0 0 0 0 0.105263 0.105263 0.210526 0.315789 0.105263 0.105263 0.0526316 0 0 0 0 0 

640 617 452 56 0 0.583468 0 0 0 0 0 0 0 0 0 0 0 0 0 0 0 0 0 0 0 0 0.105263 0.105263 0.157895 0.105263 0.210526 0.210526 0.0526316 0.0526316 0 0 0 0 0 

704 679 490 56 0 0.530191 0 0 0 0 0 0 0 0 0 0 0 0 0 0 0 0 0 0 0 0 0.047619 0.190476 0.142857 0.238095 0.142857 0.190476 0.047619 0 0 0 0 0 0 

736 716 514 56 0 0.502793 0 0 0 0 0 0 0 0 0 0 0 0 0 0 0 0 0 0.0454545 0 0.0454545 0 0.0909091 0.181818 0.272727 0.136364 0.181818 0.0454545 0 0 0 0 0 0 

640 618 450 56 0 0.582524 0 0 0 0 0 0 0 0 0 0 0 0 0 0 0 0 0 0 0.0526316 0 0 0.157895 0.105263 0.210526 0.157895 0.263158 0.0526316 0 0 0 0 0 0 

