1216 1194 889 84 0 0.670017 0 0 0 0 0 0 0 0 0 0 0 0 0 0 0 0 0 0 0 0 0.0540541 0 0.135135 0.27027 0.162162 0.243243 0.135135 0 0 0 0 0 0 

1248 1219 884 84 0 0.656276 0 0 0 0 0 0 0 0 0 0 0 0 0 0 0 0 0 0 0 0 0.0526316 0.131579 0.131579 0.184211 0.263158 0.236842 0 0 0 0 0 0 0 

1248 1219 893 84 0 0.656276 0 0 0 0 0 0 0 0 0 0 0 0 0 0 0 0 0 0 0 0.0526316 0.0263158 0.0526316 0.131579 0.210526 0.210526 0.210526 0.105263 0 0 0 0 0 0 

1312 1293 921 84 0 0.618716 0 0 0 0 0 0 0 0 0 0 0 0 0 0 0 0 0 0 0 0.05 0.075 0.1 0.275 0.2 0.1 0.125 0.05 0.025 0 0 0 0 0 

1312 1295 958 84 0 0.617761 0 0 0 0 0 0 0 0 0 0 0 0 0 0 0 0 0 0 0 0.075 0.075 0 0.15 0.1 0.175 0.275 0.1 0.025 0.025 0 0 0 0 

1280 1252 905 84 0 0.638978 0 0 0 0 0 0 0 0 0 0 0 0 0 0 0 0 0 0 0.025641 0.025641 0.025641 0.0769231 0.179487 0.153846 0.307692 0.179487 0.025641 0 0 0 0 0 0 

1248 1219 887 84 0 0.656276 0 0 0 0 0 0 0 0 0 0 0 0 0 0 0 0 0 0 0 0.0526316 0.0263158 0.0263158 0.157895 0.263158 0.263158 0.131579 0.0789474 0 0 0 0 0 0 

1248 1219 901 84 0 0.656276 0 0 0 0 0 0 0 0 0 0 0 0 0 0 0 0 0 0 0 0 0 0.131579 0.131579 0.184211 0.263158 0.157895 0.0789474 0.0526316 0 0 0 0 0 

1280 1252 900 84 0 0.638978 0 0 0 0 0 0 0 0 0 0 0 0 0 0 0 0 0 0 0 0.0769231 0.025641 0.179487 0.0512821 0.230769 0.205128 0.153846 0.0512821 0.025641 0 0 0 0 0 

1248 1220 881 84 0 0.655738 0 0 0 0 0 0 0 0 0 0 0 0 0 0 0 0 0 0 0 0.0263158 0.0526316 0.0263158 0.210526 0.263158 0.289474 0.0789474 0.0526316 0 0 0 0 0 0 

