512 501 369 53 0 0.638723 0 0 0 0 0 0 0 0 0 0 0 0 0 0 0 0 0 0 0.0666667 0.0666667 0 0.0666667 0.133333 0.0666667 0.266667 0.2 0.133333 0 0 0 0 0 0 

448 430 325 53 0 0.744186 0 0 0 0 0 0 0 0 0 0 0 0 0 0 0 0 0 0 0 0 0 0.0769231 0.230769 0.0769231 0.230769 0.153846 0.153846 0.0769231 0 0 0 0 0 

608 592 435 53 0 0.540541 0 0 0 0 0 0 0 0 0 0 0 0 0 0 0 0 0 0 0 0 0 0.111111 0.333333 0.0555556 0.222222 0.222222 0.0555556 0 0 0 0 0 0 

576 558 417 53 0 0.573477 0 0 0 0 0 0 0 0 0 0 0 0 0 0 0 0 0 0 0 0 0 0.0588235 0.0588235 0.235294 0.411765 0.235294 0 0 0 0 0 0 0 

576 548 396 53 0 0.583942 0 0 0 0 0 0 0 0 0 0 0 0 0 0 0 0 0 0 0 0 0.0588235 0.235294 0 0.235294 0.294118 0.117647 0.0588235 0 0 0 0 0 0 

576 565 428 53 0 0.566372 0 0 0 0 0 0 0 0 0 0 0 0 0 0 0 0 0 0 0 0.0588235 0 0.0588235 0.117647 0.235294 0.117647 0.117647 0.117647 0.176471 0 0 0 0 0 

640 626 458 53 0 0.511182 0 0 0 0 0 0 0 0 0 0 0 0 0 0 0 0 0 0 0 0 0.105263 0.0526316 0.0526316 0.368421 0.263158 0.105263 0.0526316 0 0 0 0 0 0 

512 500 367 53 0 0.64 0 0 0 0 0 0 0 0 0 0 0 0 0 0 0 0 0 0 0 0.0666667 0.0666667 0.133333 0.133333 0.0666667 0.266667 0.133333 0.0666667 0.0666667 0 0 0 0 0 

576 556 405 53 0 0.57554 0 0 0 0 0 0 0 0 0 0 0 0 0 0 0 0 0 0 0 0.0588235 0 0.0588235 0.176471 0.235294 0.294118 0.176471 0 0 0 0 0 0 0 

512 494 368 53 0 0.647773 0 0 0 0 0 0 0 0 0 0 0 0 0 0 0 0 0 0 0 0 0 0 0.266667 0.0666667 0.533333 0.0666667 0.0666667 0 0 0 0 0 0 

544 528 393 53 0 0.606061 0 0 0 0 0 0 0 0 0 0 0 0 0 0 0 0 0 0 0 0 0 0.0625 0.125 0.375 0.25 0 0.1875 0 0 0 0 0 0 

544 532 380 53 0 0.601504 0 0 0 0 0 0 0 0 0 0 0 0 0 0 0 0 0 0 0 0.0625 0 0.1875 0.375 0.0625 0.125 0.1875 0 0 0 0 0 0 0 

640 627 475 53 0 0.510367 0 0 0 0 0 0 0 0 0 0 0 0 0 0 0 0 0 0 0 0 0 0 0.0526316 0.263158 0.421053 0.157895 0.105263 0 0 0 0 0 0 

448 441 321 50 0 0.725624 0 0 0 0 0 0 0 0 0 0 0 0 0 0 0 0 0 0 0.0769231 0 0.153846 0 0.307692 0 0.153846 0.153846 0.153846 0 0 0 0 0 0 

512 500 370 53 0 0.64 0 0 0 0 0 0 0 0 0 0 0 0 0 0 0 0 0 0.0666667 0 0 0 0.0666667 0.133333 0.266667 0.0666667 0.266667 0.133333 0 0 0 0 0 0 

512 497 361 53 0 0.643863 0 0 0 0 0 0 0 0 0 0 0 0 0 0 0 0 0 0 0 0 0.0666667 0.2 0.266667 0 0.133333 0.333333 0 0 0 0 0 0 0 

608 583 432 53 0 0.548885 0 0 0 0 0 0 0 0 0 0 0 0 0 0 0 0 0 0 0 0 0 0.0555556 0.111111 0.333333 0.277778 0.111111 0.111111 0 0 0 0 0 0 

640 616 455 53 0 0.519481 0 0 0 0 0 0 0 0 0 0 0 0 0 0 0 0 0 0 0 0 0.105263 0.0526316 0.210526 0 0.210526 0.315789 0.105263 0 0 0 0 0 0 

640 620 457 53 0 0.516129 0 0 0 0 0 0 0 0 0 0 0 0 0 0 0 0 0 0 0 0 0 0.105263 0.263158 0.105263 0.263158 0.157895 0.105263 0 0 0 0 0 0 

512 493 358 53 0 0.649087 0 0 0 0 0 0 0 0 0 0 0 0 0 0 0 0 0.0666667 0 0 0.0666667 0 0 0.2 0.0666667 0.333333 0.2 0.0666667 0 0 0 0 0 0 

608 593 426 53 0 0.539629 0 0 0 0 0 0 0 0 0 0 0 0 0 0 0 0 0 0 0 0.0555556 0.111111 0.166667 0.111111 0.277778 0.111111 0 0.0555556 0.111111 0 0 0 0 0 

480 467 344 53 0 0.685225 0 0 0 0 0 0 0 0 0 0 0 0 0 0 0 0 0 0 0 0 0 0.0714286 0.357143 0.0714286 0.285714 0.214286 0 0 0 0 0 0 0 

608 587 438 53 0 0.545145 0 0 0 0 0 0 0 0 0 0 0 0 0 0 0 0 0 0 0 0 0 0.0555556 0.166667 0.111111 0.388889 0.222222 0.0555556 0 0 0 0 0 0 

736 718 524 53 0 0.445682 0 0 0 0 0 0 0 0 0 0 0 0 0 0 0 0 0 0.0454545 0 0 0.0454545 0.0909091 0.181818 0.136364 0.227273 0.181818 0 0.0909091 0 0 0 0 0 

608 584 435 53 0 0.547945 0 0 0 0 0 0 0 0 0 0 0 0 0 0 0 0 0 0 0 0 0.0555556 0 0.111111 0.222222 0.333333 0.222222 0 0.0555556 0 0 0 0 0 

576 565 425 53 0 0.566372 0 0 0 0 0 0 0 0 0 0 0 0 0 0 0 0 0 0 0 0 0.0588235 0 0.0588235 0.294118 0.294118 0.176471 0.117647 0 0 0 0 0 0 

448 429 321 51 0 0.745921 0 0 0 0 0 0 0 0 0 0 0 0 0 0 0 0 0 0 0 0 0.0769231 0 0.0769231 0.153846 0.461538 0.153846 0.0769231 0 0 0 0 0 0 

512 493 365 53 0 0.649087 0 0 0 0 0 0 0 0 0 0 0 0 0 0 0 0 0 0 0 0 0 0.133333 0.133333 0.2 0.266667 0.2 0.0666667 0 0 0 0 0 0 

672 661 487 53 0 0.484115 0 0 0 0 0 0 0 0 0 0 0 0 0 0 0 0 0 0 0 0.05 0.05 0.05 0.15 0.25 0.2 0.1 0.1 0.05 0 0 0 0 0 

512 495 376 53 0 0.646465 0 0 0 0 0 0 0 0 0 0 0 0 0 0 0 0 0 0 0 0 0 0.0666667 0 0.2 0.333333 0.333333 0.0666667 0 0 0 0 0 0 

512 488 365 53 0 0.655738 0 0 0 0 0 0 0 0 0 0 0 0 0 0 0 0 0 0 0 0 0 0 0.2 0.133333 0.466667 0.0666667 0.133333 0 0 0 0 0 0 

608 588 432 53 0 0.544218 0 0 0 0 0 0 0 0 0 0 0 0 0 0 0 0 0 0 0 0.0555556 0 0 0.166667 0.388889 0.166667 0.166667 0 0.0555556 0 0 0 0 0 

576 567 423 53 0 0.564374 0 0 0 0 0 0 0 0 0 0 0 0 0 0 0 0 0 0 0 0 0.0588235 0 0.117647 0.352941 0.235294 0.176471 0 0.0588235 0 0 0 0 0 

544 523 381 53 0 0.611855 0 0 0 0 0 0 0 0 0 0 0 0 0 0 0 0 0 0 0 0 0.0625 0.0625 0.25 0.375 0 0.0625 0.1875 0 0 0 0 0 0 

544 522 387 53 0 0.613027 0 0 0 0 0 0 0 0 0 0 0 0 0 0 0 0 0 0 0 0 0 0.125 0.1875 0.25 0.125 0.0625 0.25 0 0 0 0 0 0 

576 550 399 53 0 0.581818 0 0 0 0 0 0 0 0 0 0 0 0 0 0 0 0 0 0 0 0 0 0.117647 0.235294 0.294118 0.176471 0.117647 0.0588235 0 0 0 0 0 0 

544 517 384 53 0 0.618955 0 0 0 0 0 0 0 0 0 0 0 0 0 0 0 0 0 0 0 0 0 0.1875 0.125 0.0625 0.25 0.1875 0.1875 0 0 0 0 0 0 

576 551 410 53 0 0.580762 0 0 0 0 0 0 0 0 0 0 0 0 0 0 0 0 0 0 0 0 0.0588235 0 0.0588235 0.294118 0.294118 0.235294 0.0588235 0 0 0 0 0 0 

608 581 407 53 0 0.550775 0 0 0 0 0 0 0 0 0 0 0 0 0 0 0 0 0 0 0.111111 0 0.111111 0.166667 0.166667 0.111111 0.111111 0.111111 0.0555556 0.0555556 0 0 0 0 0 

608 588 436 53 0 0.544218 0 0 0 0 0 0 0 0 0 0 0 0 0 0 0 0 0 0 0 0 0.0555556 0 0.166667 0.222222 0.277778 0.222222 0.0555556 0 0 0 0 0 0 

576 554 403 53 0 0.577617 0 0 0 0 0 0 0 0 0 0 0 0 0 0 0 0 0 0 0 0.0588235 0.117647 0.0588235 0.176471 0.117647 0.117647 0.235294 0.0588235 0.0588235 0 0 0 0 0 

608 584 421 53 0 0.547945 0 0 0 0 0 0 0 0 0 0 0 0 0 0 0 0 0 0 0 0 0.111111 0 0.333333 0.166667 0.222222 0.111111 0.0555556 0 0 0 0 0 0 

736 724 524 53 0 0.441989 0 0 0 0 0 0 0 0 0 0 0 0 0 0 0 0 0 0 0 0.0454545 0.136364 0.0909091 0.136364 0.181818 0.0909091 0.227273 0.0909091 0 0 0 0 0 0 

576 552 403 53 0 0.57971 0 0 0 0 0 0 0 0 0 0 0 0 0 0 0 0 0 0 0 0 0.117647 0.0588235 0.117647 0.235294 0.176471 0.235294 0.0588235 0 0 0 0 0 0 

448 433 321 48 0 0.73903 0 0 0 0 0 0 0 0 0 0 0 0 0 0 0 0 0 0 0 0 0 0.0769231 0.153846 0.384615 0.230769 0 0.153846 0 0 0 0 0 0 

480 464 341 53 0 0.689655 0 0 0 0 0 0 0 0 0 0 0 0 0 0 0 0 0 0 0 0 0.0714286 0 0.285714 0.285714 0.214286 0 0.0714286 0.0714286 0 0 0 0 0 

512 483 347 53 0 0.662526 0 0 0 0 0 0 0 0 0 0 0 0 0 0 0 0 0 0 0 0 0 0.266667 0.133333 0.333333 0.0666667 0.0666667 0.133333 0 0 0 0 0 0 

768 749 540 53 0 0.427236 0 0 0 0 0 0 0 0 0 0 0 0 0 0 0 0 0 0 0 0.0869565 0 0.130435 0.173913 0.130435 0.304348 0.130435 0.0434783 0 0 0 0 0 0 

544 526 383 53 0 0.608365 0 0 0 0 0 0 0 0 0 0 0 0 0 0 0 0 0 0 0 0 0 0.0625 0.3125 0.3125 0.125 0.1875 0 0 0 0 0 0 0 

640 626 455 53 0 0.511182 0 0 0 0 0 0 0 0 0 0 0 0 0 0 0 0 0 0 0 0 0.0526316 0.105263 0.157895 0.368421 0.105263 0.210526 0 0 0 0 0 0 0 

672 655 475 53 0 0.48855 0 0 0 0 0 0 0 0 0 0 0 0 0 0 0 0 0 0 0 0.05 0 0.1 0.2 0.25 0.25 0.1 0.05 0 0 0 0 0 0 

608 596 433 53 0 0.536913 0 0 0 0 0 0 0 0 0 0 0 0 0 0 0 0 0 0 0 0 0.0555556 0.111111 0.277778 0.166667 0.222222 0.111111 0.0555556 0 0 0 0 0 0 

512 500 366 53 0 0.64 0 0 0 0 0 0 0 0 0 0 0 0 0 0 0 0 0 0 0 0 0 0.2 0.266667 0.0666667 0.266667 0.133333 0.0666667 0 0 0 0 0 0 

480 454 331 53 0 0.704846 0 0 0 0 0 0 0 0 0 0 0 0 0 0 0 0 0 0 0 0 0.0714286 0 0.357143 0.142857 0.214286 0.142857 0 0.0714286 0 0 0 0 0 

576 560 416 53 0 0.571429 0 0 0 0 0 0 0 0 0 0 0 0 0 0 0 0 0 0 0 0.0588235 0 0 0.235294 0.176471 0.294118 0.117647 0 0.117647 0 0 0 0 0 

576 553 404 53 0 0.578662 0 0 0 0 0 0 0 0 0 0 0 0 0 0 0 0 0 0.0588235 0 0.0588235 0 0 0.176471 0.117647 0.235294 0.294118 0.0588235 0 0 0 0 0 0 

512 501 374 53 0 0.638723 0 0 0 0 0 0 0 0 0 0 0 0 0 0 0 0 0 0 0 0 0.133333 0 0.0666667 0.266667 0.2 0.2 0.133333 0 0 0 0 0 0 

576 550 407 53 0 0.581818 0 0 0 0 0 0 0 0 0 0 0 0 0 0 0 0 0 0 0 0.0588235 0.0588235 0.0588235 0.176471 0.176471 0 0.176471 0.235294 0.0588235 0 0 0 0 0 

512 503 371 53 0 0.636183 0 0 0 0 0 0 0 0 0 0 0 0 0 0 0 0 0 0 0 0 0 0.0666667 0.2 0.266667 0.4 0.0666667 0 0 0 0 0 0 0 

544 519 388 53 0 0.61657 0 0 0 0 0 0 0 0 0 0 0 0 0 0 0 0 0 0 0 0 0 0.0625 0.1875 0.125 0.25 0.25 0.125 0 0 0 0 0 0 

544 518 388 53 0 0.617761 0 0 0 0 0 0 0 0 0 0 0 0 0 0 0 0 0 0 0 0 0 0.0625 0.25 0 0.4375 0 0.1875 0.0625 0 0 0 0 0 

608 583 433 53 0 0.548885 0 0 0 0 0 0 0 0 0 0 0 0 0 0 0 0 0 0 0 0 0 0 0.222222 0.222222 0.277778 0.222222 0.0555556 0 0 0 0 0 0 

576 554 403 53 0 0.577617 0 0 0 0 0 0 0 0 0 0 0 0 0 0 0 0 0 0 0 0 0.0588235 0 0.352941 0.294118 0.0588235 0.117647 0.117647 0 0 0 0 0 0 

512 493 361 53 0 0.649087 0 0 0 0 0 0 0 0 0 0 0 0 0 0 0 0 0 0 0 0 0 0.0666667 0.2 0.333333 0.266667 0.133333 0 0 0 0 0 0 0 

608 591 422 53 0 0.541455 0 0 0 0 0 0 0 0 0 0 0 0 0 0 0 0 0 0 0 0 0.111111 0.0555556 0.222222 0.388889 0.166667 0.0555556 0 0 0 0 0 0 0 

544 523 382 53 0 0.611855 0 0 0 0 0 0 0 0 0 0 0 0 0 0 0 0 0 0 0 0 0 0.125 0.25 0.1875 0.3125 0.0625 0 0.0625 0 0 0 0 0 

672 652 461 53 0 0.490798 0 0 0 0 0 0 0 0 0 0 0 0 0 0 0 0 0 0 0 0.05 0.1 0.15 0.1 0.35 0.15 0.1 0 0 0 0 0 0 0 

544 529 393 53 0 0.604915 0 0 0 0 0 0 0 0 0 0 0 0 0 0 0 0 0 0 0 0 0 0.125 0.0625 0.25 0.3125 0.25 0 0 0 0 0 0 0 

576 560 406 53 0 0.571429 0 0 0 0 0 0 0 0 0 0 0 0 0 0 0 0 0 0 0 0 0.117647 0.0588235 0.294118 0.176471 0.176471 0.0588235 0.0588235 0.0588235 0 0 0 0 0 

576 550 407 53 0 0.581818 0 0 0 0 0 0 0 0 0 0 0 0 0 0 0 0 0 0 0 0 0 0.117647 0.0588235 0.294118 0.294118 0.117647 0.117647 0 0 0 0 0 0 

512 493 363 53 0 0.649087 0 0 0 0 0 0 0 0 0 0 0 0 0 0 0 0 0 0 0 0 0.133333 0 0.133333 0.2 0.333333 0.0666667 0.133333 0 0 0 0 0 0 

576 553 393 53 0 0.578662 0 0 0 0 0 0 0 0 0 0 0 0 0 0 0 0 0 0 0.0588235 0 0 0.117647 0.235294 0.294118 0.235294 0.0588235 0 0 0 0 0 0 0 

672 652 474 53 0 0.490798 0 0 0 0 0 0 0 0 0 0 0 0 0 0 0 0 0 0 0.05 0 0.05 0 0.4 0.05 0.1 0.25 0.1 0 0 0 0 0 0 

480 465 347 53 0 0.688172 0 0 0 0 0 0 0 0 0 0 0 0 0 0 0 0 0 0 0 0 0.0714286 0.0714286 0.142857 0.214286 0.142857 0.142857 0.214286 0 0 0 0 0 0 

640 620 450 53 0 0.516129 0 0 0 0 0 0 0 0 0 0 0 0 0 0 0 0 0 0 0 0 0.105263 0.0526316 0.263158 0.210526 0.157895 0.0526316 0.157895 0 0 0 0 0 0 

512 496 364 53 0 0.645161 0 0 0 0 0 0 0 0 0 0 0 0 0 0 0 0 0 0 0 0 0.0666667 0 0.333333 0.133333 0.266667 0.133333 0.0666667 0 0 0 0 0 0 

512 494 361 53 0 0.647773 0 0 0 0 0 0 0 0 0 0 0 0 0 0 0 0 0 0 0 0 0 0.0666667 0.266667 0.333333 0.133333 0.2 0 0 0 0 0 0 0 

672 650 478 53 0 0.492308 0 0 0 0 0 0 0 0 0 0 0 0 0 0 0 0 0 0 0 0 0.05 0.15 0.15 0.1 0.25 0.2 0.05 0.05 0 0 0 0 0 

576 556 411 53 0 0.57554 0 0 0 0 0 0 0 0 0 0 0 0 0 0 0 0 0 0 0 0 0 0 0.235294 0.352941 0.117647 0.294118 0 0 0 0 0 0 0 

512 499 363 53 0 0.641283 0 0 0 0 0 0 0 0 0 0 0 0 0 0 0 0 0 0 0.0666667 0 0 0 0.266667 0.333333 0.2 0.0666667 0.0666667 0 0 0 0 0 0 

544 527 399 53 0 0.607211 0 0 0 0 0 0 0 0 0 0 0 0 0 0 0 0 0 0 0 0 0.0625 0 0.0625 0.1875 0.25 0.375 0 0.0625 0 0 0 0 0 

608 590 437 53 0 0.542373 0 0 0 0 0 0 0 0 0 0 0 0 0 0 0 0 0 0 0 0 0.0555556 0 0.222222 0.111111 0.333333 0.277778 0 0 0 0 0 0 0 

576 567 413 53 0 0.564374 0 0 0 0 0 0 0 0 0 0 0 0 0 0 0 0 0 0 0 0.0588235 0.0588235 0.176471 0.0588235 0.294118 0.0588235 0.235294 0 0.0588235 0 0 0 0 0 

448 441 331 53 0 0.725624 0 0 0 0 0 0 0 0 0 0 0 0 0 0 0 0 0 0 0 0 0 0 0.230769 0.384615 0.0769231 0.230769 0.0769231 0 0 0 0 0 0 

544 521 371 53 0 0.614203 0 0 0 0 0 0 0 0 0 0 0 0 0 0 0 0 0 0 0 0.0625 0.1875 0.0625 0.125 0.1875 0.125 0.1875 0.0625 0 0 0 0 0 0 

448 433 321 53 0 0.73903 0 0 0 0 0 0 0 0 0 0 0 0 0 0 0 0 0 0 0 0 0 0.0769231 0.230769 0.230769 0.230769 0.153846 0.0769231 0 0 0 0 0 0 

544 529 394 53 0 0.604915 0 0 0 0 0 0 0 0 0 0 0 0 0 0 0 0 0 0 0 0 0 0 0.125 0.4375 0.25 0.125 0.0625 0 0 0 0 0 0 

544 516 379 53 0 0.620155 0 0 0 0 0 0 0 0 0 0 0 0 0 0 0 0 0 0 0 0 0 0 0.125 0.5625 0.1875 0.0625 0 0.0625 0 0 0 0 0 

512 496 365 53 0 0.645161 0 0 0 0 0 0 0 0 0 0 0 0 0 0 0 0 0 0 0 0 0.0666667 0.2 0.0666667 0.0666667 0.333333 0.2 0.0666667 0 0 0 0 0 0 

672 651 479 53 0 0.491551 0 0 0 0 0 0 0 0 0 0 0 0 0 0 0 0 0 0 0 0.05 0 0.1 0.1 0.3 0.15 0.15 0.15 0 0 0 0 0 0 

544 531 379 53 0 0.602637 0 0 0 0 0 0 0 0 0 0 0 0 0 0 0 0 0 0 0 0 0.0625 0.125 0.3125 0.25 0.25 0 0 0 0 0 0 0 0 

544 528 386 53 0 0.606061 0 0 0 0 0 0 0 0 0 0 0 0 0 0 0 0 0 0.0625 0 0 0 0.0625 0.1875 0.25 0.1875 0.125 0.125 0 0 0 0 0 0 

576 567 432 53 0 0.564374 0 0 0 0 0 0 0 0 0 0 0 0 0 0 0 0 0 0 0 0 0 0 0.235294 0.352941 0.117647 0 0.0588235 0.176471 0.0588235 0 0 0 0 

640 620 445 53 0 0.516129 0 0 0 0 0 0 0 0 0 0 0 0 0 0 0 0 0 0 0 0 0.210526 0.105263 0.0526316 0.263158 0.210526 0.0526316 0.0526316 0.0526316 0 0 0 0 0 

480 474 355 53 0 0.675106 0 0 0 0 0 0 0 0 0 0 0 0 0 0 0 0 0 0 0 0 0.0714286 0.0714286 0.142857 0.214286 0.0714286 0.357143 0.0714286 0 0 0 0 0 0 

576 549 396 53 0 0.582878 0 0 0 0 0 0 0 0 0 0 0 0 0 0 0 0 0 0 0 0.0588235 0 0.117647 0.117647 0.176471 0.470588 0.0588235 0 0 0 0 0 0 0 

608 586 425 53 0 0.546075 0 0 0 0 0 0 0 0 0 0 0 0 0 0 0 0 0 0 0.0555556 0 0.0555556 0 0.111111 0.277778 0.388889 0.111111 0 0 0 0 0 0 0 

544 525 383 53 0 0.609524 0 0 0 0 0 0 0 0 0 0 0 0 0 0 0 0 0 0 0 0 0 0.1875 0.1875 0.25 0.1875 0.125 0 0.0625 0 0 0 0 0 

512 504 387 53 0 0.634921 0 0 0 0 0 0 0 0 0 0 0 0 0 0 0 0 0 0 0 0 0 0 0.0666667 0.2 0.4 0.2 0.0666667 0.0666667 0 0 0 0 0 

608 582 415 53 0 0.549828 0 0 0 0 0 0 0 0 0 0 0 0 0 0 0 0 0 0 0 0 0.222222 0 0.0555556 0.388889 0.277778 0 0.0555556 0 0 0 0 0 0 

