9600 9600 6943 53 320 0 0 0 0 0 0 0 0 0 0 0 0 0 0 0 0 0 0 0.00668896 0.00334448 0.0267559 0.0434783 0.0869565 0.190635 0.173913 0.217391 0.177258 0.0535117 0.0167224 0.00334448 0 0 0 0 

9600 9600 6958 53 320 0 0 0 0 0 0 0 0 0 0 0 0 0 0 0 0 0.00334448 0.00334448 0 0 0.0234114 0.0602007 0.0936455 0.160535 0.19398 0.197324 0.160535 0.0702341 0.0334448 0 0 0 0 0 

9600 9600 7026 53 320 0 0 0 0 0 0 0 0 0 0 0 0 0 0 0 0 0 0 0.00334448 0.00668896 0.0100334 0.0301003 0.0668896 0.143813 0.234114 0.247492 0.160535 0.0702341 0.0267559 0 0 0 0 0 

9600 9600 6995 53 320 0 0 0 0 0 0 0 0 0 0 0 0 0 0 0 0 0 0 0 0.00334448 0.0100334 0.0267559 0.0936455 0.173913 0.227425 0.214047 0.153846 0.0869565 0.0100334 0 0 0 0 0 

9600 9600 6983 53 320 0 0 0 0 0 0 0 0 0 0 0 0 0 0 0 0 0 0 0 0.0133779 0 0.0535117 0.0735786 0.167224 0.237458 0.19398 0.173913 0.0702341 0.0133779 0.00334448 0 0 0 0 

9600 9600 6961 53 320 0 0 0 0 0 0 0 0 0 0 0 0 0 0 0 0 0 0 0 0.00668896 0.0133779 0.0267559 0.107023 0.153846 0.247492 0.22408 0.160535 0.0501672 0.0100334 0 0 0 0 0 

9600 9600 6971 53 320 0 0 0 0 0 0 0 0 0 0 0 0 0 0 0 0 0 0 0.00334448 0 0.0100334 0.0367893 0.107023 0.160535 0.234114 0.217391 0.150502 0.0602007 0.0200669 0 0 0 0 0 

9600 9600 6940 53 320 0 0 0 0 0 0 0 0 0 0 0 0 0 0 0 0 0 0 0 0.00334448 0.0167224 0.0334448 0.100334 0.180602 0.267559 0.187291 0.137124 0.0602007 0.0133779 0 0 0 0 0 

9600 9600 6950 53 320 0 0 0 0 0 0 0 0 0 0 0 0 0 0 0 0 0 0 0.00334448 0.00668896 0.0100334 0.0434783 0.0869565 0.177258 0.244147 0.204013 0.147157 0.0702341 0.00334448 0.00334448 0 0 0 0 

9600 9600 6976 53 320 0 0 0 0 0 0 0 0 0 0 0 0 0 0 0 0 0 0 0.00334448 0.00668896 0.0133779 0.0367893 0.083612 0.150502 0.244147 0.217391 0.170569 0.0668896 0.00668896 0 0 0 0 0 

