416 395 293 37 0 0.405063 0 0 0 0 0 0 0 0 0 0 0 0 0 0 0 0 0 0 0 0 0 0.0833333 0.166667 0.166667 0.5 0 0 0.0833333 0 0 0 0 0 

416 395 287 37 0 0.405063 0 0 0 0 0 0 0 0 0 0 0 0 0 0 0 0 0 0 0 0.0833333 0 0.25 0.0833333 0.0833333 0.0833333 0.416667 0 0 0 0 0 0 0 

608 592 438 37 0 0.27027 0 0 0 0 0 0 0 0 0 0 0 0 0 0 0 0 0 0 0 0 0.0555556 0 0.166667 0.277778 0.333333 0.0555556 0.111111 0 0 0 0 0 0 

416 395 290 37 0 0.405063 0 0 0 0 0 0 0 0 0 0 0 0 0 0 0 0 0 0 0 0 0.0833333 0.0833333 0.166667 0.25 0.0833333 0.25 0.0833333 0 0 0 0 0 0 

416 395 289 37 0 0.405063 0 0 0 0 0 0 0 0 0 0 0 0 0 0 0 0 0 0 0 0 0.0833333 0.166667 0.25 0.166667 0.0833333 0.0833333 0 0.0833333 0.0833333 0 0 0 0 

416 395 288 37 0 0.405063 0 0 0 0 0 0 0 0 0 0 0 0 0 0 0 0 0 0 0 0.0833333 0 0 0.333333 0.0833333 0.333333 0.0833333 0.0833333 0 0 0 0 0 0 

416 395 292 37 0 0.405063 0 0 0 0 0 0 0 0 0 0 0 0 0 0 0 0 0 0 0 0 0.0833333 0 0.166667 0.25 0.25 0.166667 0.0833333 0 0 0 0 0 0 

416 395 299 37 0 0.405063 0 0 0 0 0 0 0 0 0 0 0 0 0 0 0 0 0 0 0 0 0 0.166667 0.0833333 0.0833333 0.166667 0.25 0.25 0 0 0 0 0 0 

608 599 438 37 0 0.267112 0 0 0 0 0 0 0 0 0 0 0 0 0 0 0 0 0 0 0.0555556 0 0.111111 0.0555556 0.0555556 0.222222 0.222222 0.222222 0.0555556 0 0 0 0 0 0 

576 569 428 37 0 0.281195 0 0 0 0 0 0 0 0 0 0 0 0 0 0 0 0 0 0 0 0.0588235 0 0.0588235 0 0.294118 0.235294 0.235294 0.117647 0 0 0 0 0 0 

608 592 423 37 0 0.27027 0 0 0 0 0 0 0 0 0 0 0 0 0 0 0.0555556 0 0 0 0 0 0.0555556 0.111111 0.166667 0.277778 0.111111 0.111111 0.111111 0 0 0 0 0 0 

416 395 292 37 0 0.405063 0 0 0 0 0 0 0 0 0 0 0 0 0 0 0 0 0 0 0 0 0 0.0833333 0.166667 0.166667 0.416667 0.166667 0 0 0 0 0 0 0 

416 395 277 37 0 0.405063 0 0 0 0 0 0 0 0 0 0 0 0 0 0 0 0 0 0 0 0 0.0833333 0.166667 0.5 0.0833333 0.0833333 0.0833333 0 0 0 0 0 0 0 

608 592 432 37 0 0.27027 0 0 0 0 0 0 0 0 0 0 0 0 0 0 0 0 0 0 0 0 0.0555556 0.166667 0 0.388889 0.222222 0.111111 0.0555556 0 0 0 0 0 0 

416 395 295 37 0 0.405063 0 0 0 0 0 0 0 0 0 0 0 0 0 0 0 0 0 0 0 0 0.0833333 0 0.166667 0.166667 0.166667 0.333333 0.0833333 0 0 0 0 0 0 

416 395 286 37 0 0.405063 0 0 0 0 0 0 0 0 0 0 0 0 0 0 0 0 0 0 0 0 0.0833333 0.0833333 0.166667 0.333333 0.25 0 0.0833333 0 0 0 0 0 0 

416 395 293 37 0 0.405063 0 0 0 0 0 0 0 0 0 0 0 0 0 0 0 0 0 0 0 0 0.0833333 0.0833333 0.0833333 0.166667 0.25 0.25 0.0833333 0 0 0 0 0 0 

416 395 282 37 0 0.405063 0 0 0 0 0 0 0 0 0 0 0 0 0 0 0 0 0 0 0 0 0.166667 0.166667 0.0833333 0.333333 0.0833333 0.0833333 0.0833333 0 0 0 0 0 0 

416 395 293 37 0 0.405063 0 0 0 0 0 0 0 0 0 0 0 0 0 0 0 0 0 0 0 0 0 0.0833333 0.0833333 0.25 0.416667 0.166667 0 0 0 0 0 0 0 

416 395 290 37 0 0.405063 0 0 0 0 0 0 0 0 0 0 0 0 0 0 0 0 0 0 0 0 0.0833333 0.166667 0 0.166667 0.416667 0.0833333 0.0833333 0 0 0 0 0 0 

608 592 431 37 0 0.27027 0 0 0 0 0 0 0 0 0 0 0 0 0 0 0 0 0 0 0 0.0555556 0 0.0555556 0.166667 0.333333 0.277778 0.0555556 0.0555556 0 0 0 0 0 0 

416 406 298 37 0 0.394089 0 0 0 0 0 0 0 0 0 0 0 0 0 0 0 0 0 0 0.0833333 0 0.0833333 0 0.25 0.0833333 0.166667 0.25 0.0833333 0 0 0 0 0 0 

416 395 294 37 0 0.405063 0 0 0 0 0 0 0 0 0 0 0 0 0 0 0 0 0 0 0 0 0 0 0.25 0.333333 0.0833333 0.25 0.0833333 0 0 0 0 0 0 

416 395 299 37 0 0.405063 0 0 0 0 0 0 0 0 0 0 0 0 0 0 0 0 0 0 0 0 0 0.0833333 0.25 0 0.25 0.166667 0.166667 0.0833333 0 0 0 0 0 

416 395 293 37 0 0.405063 0 0 0 0 0 0 0 0 0 0 0 0 0 0 0 0 0 0 0 0 0.0833333 0.0833333 0.0833333 0.333333 0 0.333333 0 0.0833333 0 0 0 0 0 

416 395 291 37 0 0.405063 0 0 0 0 0 0 0 0 0 0 0 0 0 0 0 0 0 0 0 0.0833333 0 0 0.25 0.25 0.166667 0.166667 0 0 0.0833333 0 0 0 0 

416 395 276 37 0 0.405063 0 0 0 0 0 0 0 0 0 0 0 0 0 0 0 0 0 0 0 0.0833333 0.166667 0.166667 0.25 0 0.25 0 0.0833333 0 0 0 0 0 0 

416 395 291 37 0 0.405063 0 0 0 0 0 0 0 0 0 0 0 0 0 0 0 0 0 0 0 0 0.0833333 0.0833333 0.0833333 0.25 0.166667 0.333333 0 0 0 0 0 0 0 

416 395 299 37 0 0.405063 0 0 0 0 0 0 0 0 0 0 0 0 0 0 0 0 0 0 0 0 0 0 0.166667 0.25 0.166667 0.25 0.166667 0 0 0 0 0 0 

416 395 296 37 0 0.405063 0 0 0 0 0 0 0 0 0 0 0 0 0 0 0 0 0 0 0 0 0 0.0833333 0.166667 0.25 0.166667 0.166667 0.0833333 0.0833333 0 0 0 0 0 

608 592 430 37 0 0.27027 0 0 0 0 0 0 0 0 0 0 0 0 0 0 0 0 0 0 0.0555556 0 0.0555556 0 0.222222 0.222222 0.222222 0.222222 0 0 0 0 0 0 0 

416 395 294 37 0 0.405063 0 0 0 0 0 0 0 0 0 0 0 0 0 0 0 0 0 0 0 0 0 0 0.333333 0.166667 0.166667 0.25 0.0833333 0 0 0 0 0 0 

416 395 294 37 0 0.405063 0 0 0 0 0 0 0 0 0 0 0 0 0 0 0 0 0 0 0 0 0 0 0.166667 0.333333 0.25 0.25 0 0 0 0 0 0 0 

416 395 292 37 0 0.405063 0 0 0 0 0 0 0 0 0 0 0 0 0 0 0 0 0 0 0 0 0.166667 0 0.0833333 0.333333 0.166667 0 0.166667 0.0833333 0 0 0 0 0 

576 569 418 37 0 0.281195 0 0 0 0 0 0 0 0 0 0 0 0 0 0 0 0 0 0 0 0 0.117647 0.0588235 0.235294 0.176471 0.117647 0.176471 0.117647 0 0 0 0 0 0 

608 592 413 37 0 0.27027 0 0 0 0 0 0 0 0 0 0 0 0 0 0 0 0 0 0 0 0.0555556 0.111111 0.277778 0.111111 0.222222 0.166667 0.0555556 0 0 0 0 0 0 0 

416 395 288 37 0 0.405063 0 0 0 0 0 0 0 0 0 0 0 0 0 0 0 0 0 0 0 0.0833333 0 0 0.25 0.166667 0.333333 0.166667 0 0 0 0 0 0 0 

416 395 299 37 0 0.405063 0 0 0 0 0 0 0 0 0 0 0 0 0 0 0 0 0 0 0 0 0 0 0.25 0.166667 0.0833333 0.333333 0.166667 0 0 0 0 0 0 

416 395 295 37 0 0.405063 0 0 0 0 0 0 0 0 0 0 0 0 0 0 0 0 0 0 0 0 0.0833333 0.0833333 0.0833333 0.0833333 0.25 0.333333 0.0833333 0 0 0 0 0 0 

416 395 289 37 0 0.405063 0 0 0 0 0 0 0 0 0 0 0 0 0 0 0 0 0 0 0 0 0 0 0.166667 0.666667 0 0.166667 0 0 0 0 0 0 0 

416 395 287 37 0 0.405063 0 0 0 0 0 0 0 0 0 0 0 0 0 0 0 0 0 0 0 0 0.166667 0.166667 0.166667 0.0833333 0.166667 0.0833333 0 0.166667 0 0 0 0 0 

416 395 294 37 0 0.405063 0 0 0 0 0 0 0 0 0 0 0 0 0 0 0 0 0 0 0 0 0.0833333 0.0833333 0.0833333 0.0833333 0.333333 0.25 0.0833333 0 0 0 0 0 0 

576 569 417 37 0 0.281195 0 0 0 0 0 0 0 0 0 0 0 0 0 0 0 0 0 0 0 0 0.0588235 0.117647 0.176471 0.294118 0.0588235 0.294118 0 0 0 0 0 0 0 

416 395 288 37 0 0.405063 0 0 0 0 0 0 0 0 0 0 0 0 0 0 0 0 0 0 0 0 0 0.0833333 0.333333 0.166667 0.25 0.166667 0 0 0 0 0 0 0 

416 395 292 37 0 0.405063 0 0 0 0 0 0 0 0 0 0 0 0 0 0 0 0 0 0 0 0 0 0.166667 0.166667 0.25 0.0833333 0.166667 0.166667 0 0 0 0 0 0 

608 601 446 37 0 0.266223 0 0 0 0 0 0 0 0 0 0 0 0 0 0 0 0 0 0 0 0 0.0555556 0.222222 0.0555556 0.111111 0.222222 0.166667 0.166667 0 0 0 0 0 0 

416 395 288 37 0 0.405063 0 0 0 0 0 0 0 0 0 0 0 0 0 0 0 0 0 0 0 0 0 0 0.25 0.583333 0 0.166667 0 0 0 0 0 0 0 

416 395 296 37 0 0.405063 0 0 0 0 0 0 0 0 0 0 0 0 0 0 0 0 0 0 0 0 0 0 0.0833333 0.333333 0.416667 0.0833333 0.0833333 0 0 0 0 0 0 

416 395 306 37 0 0.405063 0 0 0 0 0 0 0 0 0 0 0 0 0 0 0 0 0 0 0 0 0 0 0.0833333 0.0833333 0.333333 0.25 0.166667 0.0833333 0 0 0 0 0 

416 395 281 37 0 0.405063 0 0 0 0 0 0 0 0 0 0 0 0 0 0 0 0 0 0 0 0.166667 0.0833333 0.166667 0.0833333 0.0833333 0.166667 0.166667 0 0.0833333 0 0 0 0 0 

416 395 293 37 0 0.405063 0 0 0 0 0 0 0 0 0 0 0 0 0 0 0 0 0 0 0 0 0 0.0833333 0.25 0.0833333 0.333333 0.166667 0.0833333 0 0 0 0 0 0 

608 591 425 37 0 0.270728 0 0 0 0 0 0 0 0 0 0 0 0 0 0 0 0 0 0 0 0 0 0.277778 0.222222 0.277778 0.0555556 0.0555556 0.0555556 0.0555556 0 0 0 0 0 

416 395 287 37 0 0.405063 0 0 0 0 0 0 0 0 0 0 0 0 0 0 0 0 0 0 0 0 0.0833333 0.25 0.0833333 0.166667 0.0833333 0.25 0.0833333 0 0 0 0 0 0 

416 395 297 37 0 0.405063 0 0 0 0 0 0 0 0 0 0 0 0 0 0 0 0 0 0 0 0 0 0 0.25 0.25 0.166667 0.0833333 0.25 0 0 0 0 0 0 

416 395 286 37 0 0.405063 0 0 0 0 0 0 0 0 0 0 0 0 0 0 0 0 0 0.0833333 0 0 0.0833333 0 0.25 0.166667 0.166667 0.0833333 0.0833333 0.0833333 0 0 0 0 0 

416 395 282 37 0 0.405063 0 0 0 0 0 0 0 0 0 0 0 0 0 0 0 0 0 0 0.0833333 0 0.0833333 0 0.25 0.333333 0.0833333 0.0833333 0.0833333 0 0 0 0 0 0 

416 395 283 37 0 0.405063 0 0 0 0 0 0 0 0 0 0 0 0 0 0 0 0 0 0 0 0.0833333 0.0833333 0.166667 0.166667 0.0833333 0.166667 0.166667 0.0833333 0 0 0 0 0 0 

416 395 295 37 0 0.405063 0 0 0 0 0 0 0 0 0 0 0 0 0 0 0 0 0 0 0 0 0 0 0.0833333 0.333333 0.416667 0.166667 0 0 0 0 0 0 0 

416 395 290 37 0 0.405063 0 0 0 0 0 0 0 0 0 0 0 0 0 0 0 0 0 0 0 0 0 0 0.25 0.333333 0.333333 0.0833333 0 0 0 0 0 0 0 

416 395 285 37 0 0.405063 0 0 0 0 0 0 0 0 0 0 0 0 0 0 0 0 0 0 0 0.0833333 0.0833333 0 0.166667 0.166667 0.416667 0.0833333 0 0 0 0 0 0 0 

416 395 288 37 0 0.405063 0 0 0 0 0 0 0 0 0 0 0 0 0 0 0 0 0 0 0 0 0 0.25 0.166667 0.166667 0.166667 0.166667 0.0833333 0 0 0 0 0 0 

416 395 283 37 0 0.405063 0 0 0 0 0 0 0 0 0 0 0 0 0 0 0 0 0 0 0 0 0 0.166667 0.25 0.416667 0.0833333 0.0833333 0 0 0 0 0 0 0 

416 395 282 37 0 0.405063 0 0 0 0 0 0 0 0 0 0 0 0 0 0 0 0 0 0 0 0 0.166667 0.166667 0.0833333 0.333333 0.0833333 0.0833333 0.0833333 0 0 0 0 0 0 

416 395 284 37 0 0.405063 0 0 0 0 0 0 0 0 0 0 0 0 0 0 0 0 0 0 0 0.0833333 0.0833333 0.0833333 0.25 0.0833333 0.0833333 0.333333 0 0 0 0 0 0 0 

672 659 467 37 0 0.242792 0 0 0 0 0 0 0 0 0 0 0 0 0 0 0 0 0 0 0 0.05 0.1 0.2 0.25 0.1 0.15 0.1 0 0.05 0 0 0 0 0 

416 395 285 37 0 0.405063 0 0 0 0 0 0 0 0 0 0 0 0 0 0 0 0 0 0 0 0 0.166667 0.0833333 0.166667 0.25 0.166667 0.0833333 0 0.0833333 0 0 0 0 0 

416 395 296 37 0 0.405063 0 0 0 0 0 0 0 0 0 0 0 0 0 0 0 0 0 0 0 0.0833333 0 0 0.0833333 0.166667 0.25 0.333333 0.0833333 0 0 0 0 0 0 

672 661 490 37 0 0.242057 0 0 0 0 0 0 0 0 0 0 0 0 0 0 0 0 0 0 0 0 0.1 0.1 0.1 0.1 0.25 0.3 0 0.05 0 0 0 0 0 

416 395 291 37 0 0.405063 0 0 0 0 0 0 0 0 0 0 0 0 0 0 0 0 0 0 0 0 0 0.166667 0.0833333 0.25 0.333333 0.0833333 0.0833333 0 0 0 0 0 0 

416 395 289 37 0 0.405063 0 0 0 0 0 0 0 0 0 0 0 0 0 0 0 0 0 0 0 0 0 0.166667 0.166667 0.166667 0.333333 0.166667 0 0 0 0 0 0 0 

416 395 290 37 0 0.405063 0 0 0 0 0 0 0 0 0 0 0 0 0 0 0 0 0 0 0 0 0.0833333 0 0.166667 0.416667 0.0833333 0.166667 0.0833333 0 0 0 0 0 0 

416 395 294 37 0 0.405063 0 0 0 0 0 0 0 0 0 0 0 0 0 0 0 0 0 0 0 0 0 0 0.166667 0.416667 0.25 0.0833333 0 0.0833333 0 0 0 0 0 

416 395 288 37 0 0.405063 0 0 0 0 0 0 0 0 0 0 0 0 0 0 0 0 0 0 0 0 0.166667 0.166667 0.0833333 0.0833333 0.166667 0.166667 0.166667 0 0 0 0 0 0 

416 395 293 37 0 0.405063 0 0 0 0 0 0 0 0 0 0 0 0 0 0 0 0 0 0 0 0 0.0833333 0.0833333 0 0.25 0.333333 0.166667 0.0833333 0 0 0 0 0 0 

416 395 295 37 0 0.405063 0 0 0 0 0 0 0 0 0 0 0 0 0 0 0 0 0 0 0 0 0.0833333 0 0.166667 0.25 0.166667 0.0833333 0.25 0 0 0 0 0 0 

416 395 294 37 0 0.405063 0 0 0 0 0 0 0 0 0 0 0 0 0 0 0 0 0 0 0 0 0.0833333 0 0.0833333 0.25 0.25 0.333333 0 0 0 0 0 0 0 

416 395 288 37 0 0.405063 0 0 0 0 0 0 0 0 0 0 0 0 0 0 0 0 0 0 0 0 0.0833333 0.166667 0.25 0.0833333 0.166667 0.166667 0 0 0.0833333 0 0 0 0 

416 395 285 37 0 0.405063 0 0 0 0 0 0 0 0 0 0 0 0 0 0 0 0 0 0 0 0 0.0833333 0 0.333333 0.333333 0.0833333 0.166667 0 0 0 0 0 0 0 

416 395 286 37 0 0.405063 0 0 0 0 0 0 0 0 0 0 0 0 0 0 0 0 0 0 0 0 0.0833333 0.166667 0.166667 0.0833333 0.333333 0.166667 0 0 0 0 0 0 0 

416 395 297 37 0 0.405063 0 0 0 0 0 0 0 0 0 0 0 0 0 0 0 0 0 0 0 0 0 0 0.166667 0.25 0.166667 0.416667 0 0 0 0 0 0 0 

416 395 285 37 0 0.405063 0 0 0 0 0 0 0 0 0 0 0 0 0 0 0 0 0 0 0 0 0 0.166667 0.25 0.25 0.25 0.0833333 0 0 0 0 0 0 0 

416 395 292 37 0 0.405063 0 0 0 0 0 0 0 0 0 0 0 0 0 0 0 0 0 0 0.0833333 0 0 0 0.333333 0 0.166667 0.25 0.166667 0 0 0 0 0 0 

608 592 426 37 0 0.27027 0 0 0 0 0 0 0 0 0 0 0 0 0 0 0 0 0 0 0 0.0555556 0.0555556 0.166667 0.166667 0.0555556 0.333333 0.166667 0 0 0 0 0 0 0 

416 395 293 37 0 0.405063 0 0 0 0 0 0 0 0 0 0 0 0 0 0 0 0 0 0 0 0 0 0 0.166667 0.416667 0.25 0.0833333 0.0833333 0 0 0 0 0 0 

416 395 290 37 0 0.405063 0 0 0 0 0 0 0 0 0 0 0 0 0 0 0 0 0 0 0 0 0.0833333 0.166667 0.0833333 0.166667 0.25 0.0833333 0.166667 0 0 0 0 0 0 

416 395 288 37 0 0.405063 0 0 0 0 0 0 0 0 0 0 0 0 0 0 0 0 0 0 0 0 0 0.0833333 0.166667 0.333333 0.416667 0 0 0 0 0 0 0 0 

416 395 294 37 0 0.405063 0 0 0 0 0 0 0 0 0 0 0 0 0 0 0 0 0 0 0 0 0 0.166667 0 0.25 0.333333 0.166667 0.0833333 0 0 0 0 0 0 

416 395 283 37 0 0.405063 0 0 0 0 0 0 0 0 0 0 0 0 0 0 0 0 0 0 0 0 0 0.416667 0.166667 0.0833333 0.0833333 0.166667 0.0833333 0 0 0 0 0 0 

416 395 291 37 0 0.405063 0 0 0 0 0 0 0 0 0 0 0 0 0 0 0 0 0 0 0 0 0.0833333 0.0833333 0.0833333 0.25 0.25 0.166667 0.0833333 0 0 0 0 0 0 

416 395 299 37 0 0.405063 0 0 0 0 0 0 0 0 0 0 0 0 0 0 0 0 0 0 0 0 0 0.166667 0.166667 0.0833333 0 0.333333 0.166667 0.0833333 0 0 0 0 0 

416 395 291 37 0 0.405063 0 0 0 0 0 0 0 0 0 0 0 0 0 0 0 0 0 0 0 0 0 0 0.25 0.333333 0.25 0.166667 0 0 0 0 0 0 0 

608 598 442 37 0 0.267559 0 0 0 0 0 0 0 0 0 0 0 0 0 0 0 0 0.0555556 0 0 0 0 0.111111 0.222222 0 0.277778 0.166667 0.111111 0.0555556 0 0 0 0 0 

416 395 290 37 0 0.405063 0 0 0 0 0 0 0 0 0 0 0 0 0 0 0 0 0 0 0 0 0 0.0833333 0.333333 0.25 0.0833333 0.0833333 0.166667 0 0 0 0 0 0 

416 395 276 37 0 0.405063 0 0 0 0 0 0 0 0 0 0 0 0 0 0 0 0 0 0 0.0833333 0 0 0.25 0.333333 0.0833333 0.166667 0.0833333 0 0 0 0 0 0 0 

416 395 293 37 0 0.405063 0 0 0 0 0 0 0 0 0 0 0 0 0 0 0 0 0 0 0 0 0.0833333 0 0.166667 0.25 0.0833333 0.416667 0 0 0 0 0 0 0 

416 395 294 37 0 0.405063 0 0 0 0 0 0 0 0 0 0 0 0 0 0 0 0 0 0 0 0 0 0 0.25 0.25 0.333333 0.0833333 0 0.0833333 0 0 0 0 0 

416 395 297 37 0 0.405063 0 0 0 0 0 0 0 0 0 0 0 0 0 0 0 0 0 0 0 0 0.0833333 0 0.0833333 0.166667 0.25 0.333333 0.0833333 0 0 0 0 0 0 

416 395 288 37 0 0.405063 0 0 0 0 0 0 0 0 0 0 0 0 0 0 0 0 0 0 0 0.0833333 0 0.0833333 0.25 0.166667 0.0833333 0.25 0.0833333 0 0 0 0 0 0 

416 395 289 37 0 0.405063 0 0 0 0 0 0 0 0 0 0 0 0 0 0 0 0 0 0 0 0 0.0833333 0.25 0 0.166667 0.25 0.0833333 0.166667 0 0 0 0 0 0 

416 395 288 37 0 0.405063 0 0 0 0 0 0 0 0 0 0 0 0 0 0 0 0 0 0 0 0 0.0833333 0.0833333 0.25 0.25 0.0833333 0.166667 0 0.0833333 0 0 0 0 0 

