704 680 483 56 0 0.529412 0 0 0 0 0 0 0 0 0 0 0 0 0 0 0 0 0 0 0 0.047619 0.047619 0.142857 0.238095 0.142857 0.285714 0.0952381 0 0 0 0 0 0 0 

640 618 449 56 0 0.582524 0 0 0 0 0 0 0 0 0 0 0 0 0 0 0 0 0 0 0 0 0.105263 0.105263 0.210526 0.210526 0.105263 0.157895 0 0.105263 0 0 0 0 0 

512 505 387 56 0 0.712871 0 0 0 0 0 0 0 0 0 0 0 0 0 0 0 0 0 0 0 0 0 0 0.133333 0.2 0.333333 0.133333 0.133333 0.0666667 0 0 0 0 0 

640 618 446 56 0 0.582524 0 0 0 0 0 0 0 0 0 0 0 0 0 0 0 0 0 0 0 0 0.0526316 0.0526316 0.368421 0.263158 0.157895 0 0.0526316 0 0.0526316 0 0 0 0 

512 505 376 56 0 0.712871 0 0 0 0 0 0 0 0 0 0 0 0 0 0 0 0 0 0 0 0 0 0.0666667 0.333333 0.2 0.133333 0.0666667 0.2 0 0 0 0 0 0 

640 618 448 56 0 0.582524 0 0 0 0 0 0 0 0 0 0 0 0 0 0 0 0 0 0 0 0.0526316 0.0526316 0.157895 0.0526316 0.368421 0.0526316 0.105263 0.105263 0.0526316 0 0 0 0 0 

704 679 501 56 0 0.530191 0 0 0 0 0 0 0 0 0 0 0 0 0 0 0 0 0 0 0 0 0.047619 0.0952381 0.238095 0.0952381 0.0952381 0.285714 0.142857 0 0 0 0 0 0 

640 618 445 56 0 0.582524 0 0 0 0 0 0 0 0 0 0 0 0 0 0 0 0 0 0 0 0.0526316 0.0526316 0.105263 0.210526 0.210526 0.157895 0.105263 0.105263 0 0 0 0 0 0 

608 585 420 56 0 0.615385 0 0 0 0 0 0 0 0 0 0 0 0 0 0 0 0 0 0 0.0555556 0 0.0555556 0.111111 0.222222 0.166667 0.111111 0.222222 0.0555556 0 0 0 0 0 0 

640 618 452 56 0 0.582524 0 0 0 0 0 0 0 0 0 0 0 0 0 0 0 0 0 0 0 0 0.0526316 0.0526316 0.263158 0.157895 0.210526 0.210526 0.0526316 0 0 0 0 0 0 

