384 356 275 37 0 0.449438 0 0 0 0 0 0 0 0 0 0 0 0 0 0 0 0 0 0 0 0 0 0 0.0909091 0.0909091 0.363636 0.0909091 0.272727 0.0909091 0 0 0 0 0 

384 374 273 37 0 0.427807 0 0 0 0 0 0 0 0 0 0 0 0 0 0 0 0 0 0 0 0 0.0909091 0 0.181818 0.545455 0.0909091 0.0909091 0 0 0 0 0 0 0 

384 366 264 37 0 0.437158 0 0 0 0 0 0 0 0 0 0 0 0 0 0 0 0 0 0 0 0.181818 0 0 0.181818 0.363636 0 0.181818 0.0909091 0 0 0 0 0 0 

416 398 307 37 0 0.40201 0 0 0 0 0 0 0 0 0 0 0 0 0 0 0 0 0 0 0 0 0 0.0833333 0.0833333 0.25 0 0.333333 0 0.25 0 0 0 0 0 

416 398 297 37 0 0.40201 0 0 0 0 0 0 0 0 0 0 0 0 0 0 0 0 0 0 0 0 0.0833333 0 0.0833333 0.166667 0.416667 0.25 0 0 0 0 0 0 0 

512 505 364 37 0 0.316832 0 0 0 0 0 0 0 0 0 0 0 0 0 0 0 0 0 0 0 0.0666667 0 0.133333 0.2 0.333333 0.2 0.0666667 0 0 0 0 0 0 0 

608 594 435 37 0 0.26936 0 0 0 0 0 0 0 0 0 0 0 0 0 0 0 0 0 0.0555556 0.0555556 0 0 0.0555556 0.0555556 0.333333 0.166667 0.111111 0.111111 0.0555556 0 0 0 0 0 

512 504 368 37 0 0.31746 0 0 0 0 0 0 0 0 0 0 0 0 0 0 0 0 0 0 0 0 0.266667 0 0.0666667 0.2 0.2 0.2 0.0666667 0 0 0 0 0 0 

416 398 298 37 0 0.40201 0 0 0 0 0 0 0 0 0 0 0 0 0 0 0 0 0 0 0 0 0.0833333 0 0.166667 0.25 0.0833333 0.25 0.166667 0 0 0 0 0 0 

416 398 274 37 0 0.40201 0 0 0 0 0 0 0 0 0 0 0 0 0 0 0 0 0 0 0.0833333 0 0.166667 0.166667 0.166667 0.333333 0.0833333 0 0 0 0 0 0 0 0 

416 398 297 37 0 0.40201 0 0 0 0 0 0 0 0 0 0 0 0 0 0 0 0 0 0 0 0 0 0.166667 0.166667 0.0833333 0.166667 0.333333 0.0833333 0 0 0 0 0 0 

672 661 486 37 0 0.242057 0 0 0 0 0 0 0 0 0 0 0 0 0 0 0 0 0 0 0 0 0.1 0.1 0.15 0.2 0.2 0.15 0.05 0 0.05 0 0 0 0 

416 398 295 37 0 0.40201 0 0 0 0 0 0 0 0 0 0 0 0 0 0 0 0 0 0 0 0 0 0.0833333 0.166667 0.25 0.25 0.25 0 0 0 0 0 0 0 

384 369 279 37 0 0.433604 0 0 0 0 0 0 0 0 0 0 0 0 0 0 0 0 0 0 0 0 0 0 0.181818 0.181818 0.363636 0.181818 0.0909091 0 0 0 0 0 0 

416 398 291 37 0 0.40201 0 0 0 0 0 0 0 0 0 0 0 0 0 0 0 0 0 0 0 0 0.0833333 0.0833333 0.25 0.166667 0.0833333 0.333333 0 0 0 0 0 0 0 

416 398 296 37 0 0.40201 0 0 0 0 0 0 0 0 0 0 0 0 0 0 0 0 0 0 0 0 0 0.0833333 0.25 0 0.416667 0.25 0 0 0 0 0 0 0 

384 368 276 37 0 0.434783 0 0 0 0 0 0 0 0 0 0 0 0 0 0 0 0 0 0 0 0 0.0909091 0 0.181818 0.0909091 0.272727 0.272727 0.0909091 0 0 0 0 0 0 

416 398 308 37 0 0.40201 0 0 0 0 0 0 0 0 0 0 0 0 0 0 0 0 0 0 0 0 0 0 0.0833333 0 0.416667 0.333333 0.166667 0 0 0 0 0 0 

416 398 285 37 0 0.40201 0 0 0 0 0 0 0 0 0 0 0 0 0 0 0 0 0 0 0 0 0.166667 0 0.333333 0.166667 0.25 0.0833333 0 0 0 0 0 0 0 

416 398 292 37 0 0.40201 0 0 0 0 0 0 0 0 0 0 0 0 0 0 0 0 0 0 0 0.0833333 0 0 0.166667 0.166667 0.5 0.0833333 0 0 0 0 0 0 0 

384 369 286 37 0 0.433604 0 0 0 0 0 0 0 0 0 0 0 0 0 0 0 0 0 0 0 0 0 0 0.181818 0.0909091 0.181818 0.272727 0.181818 0.0909091 0 0 0 0 0 

608 592 431 37 0 0.27027 0 0 0 0 0 0 0 0 0 0 0 0 0 0 0 0 0 0 0 0 0 0.166667 0.277778 0.222222 0.111111 0.111111 0.111111 0 0 0 0 0 0 

384 367 270 37 0 0.435967 0 0 0 0 0 0 0 0 0 0 0 0 0 0 0 0 0 0 0 0.0909091 0 0.0909091 0.181818 0.181818 0.0909091 0.272727 0.0909091 0 0 0 0 0 0 

416 398 292 37 0 0.40201 0 0 0 0 0 0 0 0 0 0 0 0 0 0 0 0 0 0 0 0 0 0.0833333 0.166667 0.5 0.0833333 0.0833333 0.0833333 0 0 0 0 0 0 

384 374 279 37 0 0.427807 0 0 0 0 0 0 0 0 0 0 0 0 0 0 0 0 0 0 0 0 0 0.0909091 0.272727 0.272727 0.0909091 0.181818 0 0.0909091 0 0 0 0 0 

416 398 287 37 0 0.40201 0 0 0 0 0 0 0 0 0 0 0 0 0 0 0 0 0 0 0 0.166667 0 0 0.0833333 0.5 0.0833333 0.0833333 0.0833333 0 0 0 0 0 0 

416 398 301 37 0 0.40201 0 0 0 0 0 0 0 0 0 0 0 0 0 0 0 0 0 0 0 0 0 0 0.25 0.0833333 0.166667 0.5 0 0 0 0 0 0 0 

384 366 275 37 0 0.437158 0 0 0 0 0 0 0 0 0 0 0 0 0 0 0 0 0 0 0 0 0 0.0909091 0.0909091 0.181818 0.363636 0.181818 0.0909091 0 0 0 0 0 0 

416 398 297 37 0 0.40201 0 0 0 0 0 0 0 0 0 0 0 0 0 0 0 0 0 0 0 0 0 0.0833333 0.0833333 0.166667 0.5 0.166667 0 0 0 0 0 0 0 

384 366 272 37 0 0.437158 0 0 0 0 0 0 0 0 0 0 0 0 0 0 0 0 0 0 0 0.0909091 0 0 0 0.363636 0.363636 0.0909091 0.0909091 0 0 0 0 0 0 

384 368 266 37 0 0.434783 0 0 0 0 0 0 0 0 0 0 0 0 0 0 0 0 0 0 0 0 0.0909091 0.181818 0.0909091 0.272727 0.272727 0.0909091 0 0 0 0 0 0 0 

416 398 292 37 0 0.40201 0 0 0 0 0 0 0 0 0 0 0 0 0 0 0 0 0 0 0 0 0.166667 0.166667 0 0.166667 0.25 0 0.25 0 0 0 0 0 0 

384 369 272 37 0 0.433604 0 0 0 0 0 0 0 0 0 0 0 0 0 0 0 0 0 0 0 0 0 0.0909091 0.272727 0.272727 0.181818 0.0909091 0.0909091 0 0 0 0 0 0 

384 365 271 37 0 0.438356 0 0 0 0 0 0 0 0 0 0 0 0 0 0 0 0 0 0 0 0.0909091 0.0909091 0 0.0909091 0.0909091 0.363636 0 0.272727 0 0 0 0 0 0 

384 369 273 37 0 0.433604 0 0 0 0 0 0 0 0 0 0 0 0 0 0 0 0 0 0 0 0 0.181818 0 0.0909091 0.0909091 0.363636 0.272727 0 0 0 0 0 0 0 

416 398 299 37 0 0.40201 0 0 0 0 0 0 0 0 0 0 0 0 0 0 0 0 0 0 0 0 0 0 0.0833333 0.416667 0.25 0.166667 0.0833333 0 0 0 0 0 0 

384 368 265 37 0 0.434783 0 0 0 0 0 0 0 0 0 0 0 0 0 0 0 0 0 0 0 0 0.0909091 0.181818 0 0.545455 0.0909091 0.0909091 0 0 0 0 0 0 0 

384 366 270 37 0 0.437158 0 0 0 0 0 0 0 0 0 0 0 0 0 0 0 0 0 0 0 0.0909091 0 0.0909091 0.181818 0.0909091 0.0909091 0.454545 0 0 0 0 0 0 0 

384 368 270 37 0 0.434783 0 0 0 0 0 0 0 0 0 0 0 0 0 0 0 0 0 0 0 0 0.0909091 0.0909091 0.181818 0.0909091 0.363636 0.181818 0 0 0 0 0 0 0 

384 366 273 37 0 0.437158 0 0 0 0 0 0 0 0 0 0 0 0 0 0 0 0 0 0 0 0 0.0909091 0.0909091 0.0909091 0.0909091 0.272727 0.272727 0.0909091 0 0 0 0 0 0 

384 369 267 37 0 0.433604 0 0 0 0 0 0 0 0 0 0 0 0 0 0 0 0 0 0.0909091 0 0 0 0.181818 0.181818 0.0909091 0.181818 0.181818 0.0909091 0 0 0 0 0 0 

384 373 266 37 0 0.428954 0 0 0 0 0 0 0 0 0 0 0 0 0 0 0 0 0 0 0 0 0 0.272727 0.363636 0.181818 0.181818 0 0 0 0 0 0 0 0 

416 398 292 37 0 0.40201 0 0 0 0 0 0 0 0 0 0 0 0 0 0 0 0 0 0 0 0 0.0833333 0.0833333 0.25 0 0.416667 0.0833333 0.0833333 0 0 0 0 0 0 

384 366 272 37 0 0.437158 0 0 0 0 0 0 0 0 0 0 0 0 0 0 0 0 0 0 0 0.0909091 0 0 0.181818 0.181818 0.181818 0.272727 0.0909091 0 0 0 0 0 0 

416 398 289 37 0 0.40201 0 0 0 0 0 0 0 0 0 0 0 0 0 0 0 0 0 0 0 0.0833333 0 0.0833333 0.333333 0.166667 0.166667 0 0.0833333 0.0833333 0 0 0 0 0 

384 371 283 37 0 0.431267 0 0 0 0 0 0 0 0 0 0 0 0 0 0 0 0 0 0 0 0.0909091 0 0 0 0.272727 0.0909091 0.363636 0.181818 0 0 0 0 0 0 

384 366 274 37 0 0.437158 0 0 0 0 0 0 0 0 0 0 0 0 0 0 0 0 0 0 0 0 0 0.0909091 0.181818 0.0909091 0.272727 0.363636 0 0 0 0 0 0 0 

512 505 383 37 0 0.316832 0 0 0 0 0 0 0 0 0 0 0 0 0 0 0 0 0 0 0 0 0 0.133333 0 0.266667 0.2 0.266667 0.133333 0 0 0 0 0 0 

416 398 294 37 0 0.40201 0 0 0 0 0 0 0 0 0 0 0 0 0 0 0 0 0 0 0 0 0 0.166667 0 0.333333 0.333333 0.166667 0 0 0 0 0 0 0 

512 504 371 37 0 0.31746 0 0 0 0 0 0 0 0 0 0 0 0 0 0 0 0 0 0 0 0 0 0.266667 0.0666667 0.2 0.333333 0 0.133333 0 0 0 0 0 0 

384 369 278 37 0 0.433604 0 0 0 0 0 0 0 0 0 0 0 0 0 0 0 0 0 0 0 0 0.0909091 0 0.0909091 0.272727 0.181818 0.272727 0 0.0909091 0 0 0 0 0 

384 366 268 37 0 0.437158 0 0 0 0 0 0 0 0 0 0 0 0 0 0 0 0 0 0 0 0.0909091 0 0.0909091 0.272727 0 0.363636 0.0909091 0 0.0909091 0 0 0 0 0 

416 398 293 37 0 0.40201 0 0 0 0 0 0 0 0 0 0 0 0 0 0 0 0 0 0 0 0 0.0833333 0.166667 0.0833333 0.166667 0.25 0.0833333 0.166667 0 0 0 0 0 0 

416 398 285 37 0 0.40201 0 0 0 0 0 0 0 0 0 0 0 0 0 0 0 0 0 0 0.0833333 0.0833333 0.0833333 0.0833333 0 0.333333 0.0833333 0.166667 0 0.0833333 0 0 0 0 0 

384 366 273 37 0 0.437158 0 0 0 0 0 0 0 0 0 0 0 0 0 0 0 0 0 0 0 0 0 0.0909091 0.0909091 0.181818 0.454545 0.181818 0 0 0 0 0 0 0 

416 398 286 37 0 0.40201 0 0 0 0 0 0 0 0 0 0 0 0 0 0 0 0 0 0 0 0 0 0.0833333 0.416667 0.25 0.25 0 0 0 0 0 0 0 0 

416 398 297 37 0 0.40201 0 0 0 0 0 0 0 0 0 0 0 0 0 0 0 0 0 0 0 0 0 0.166667 0.333333 0 0.0833333 0.25 0 0.166667 0 0 0 0 0 

608 591 428 37 0 0.270728 0 0 0 0 0 0 0 0 0 0 0 0 0 0 0 0 0 0 0.0555556 0.0555556 0.0555556 0.0555556 0.166667 0.111111 0.222222 0.166667 0.111111 0 0 0 0 0 0 

416 398 286 37 0 0.40201 0 0 0 0 0 0 0 0 0 0 0 0 0 0 0 0 0 0 0 0 0 0.0833333 0.416667 0.25 0.25 0 0 0 0 0 0 0 0 

416 398 302 37 0 0.40201 0 0 0 0 0 0 0 0 0 0 0 0 0 0 0 0 0 0 0 0 0 0 0 0.333333 0.5 0.0833333 0 0.0833333 0 0 0 0 0 

608 591 440 37 0 0.270728 0 0 0 0 0 0 0 0 0 0 0 0 0 0 0 0 0 0 0 0 0.0555556 0.111111 0.0555556 0.166667 0.277778 0.222222 0.111111 0 0 0 0 0 0 

384 373 267 37 0 0.428954 0 0 0 0 0 0 0 0 0 0 0 0 0 0 0 0 0 0 0 0 0.0909091 0.454545 0 0.181818 0.0909091 0.0909091 0.0909091 0 0 0 0 0 0 

384 373 270 37 0 0.428954 0 0 0 0 0 0 0 0 0 0 0 0 0 0 0 0 0 0 0 0 0.0909091 0 0.545455 0.181818 0 0.0909091 0.0909091 0 0 0 0 0 0 

608 593 435 37 0 0.269814 0 0 0 0 0 0 0 0 0 0 0 0 0 0 0 0 0 0 0 0.0555556 0 0.0555556 0.166667 0.222222 0.333333 0.111111 0.0555556 0 0 0 0 0 0 

416 398 283 37 0 0.40201 0 0 0 0 0 0 0 0 0 0 0 0 0 0 0 0 0 0 0 0 0.0833333 0.166667 0.416667 0.0833333 0.0833333 0.166667 0 0 0 0 0 0 0 

416 398 297 37 0 0.40201 0 0 0 0 0 0 0 0 0 0 0 0 0 0 0 0 0 0 0 0 0 0.0833333 0.25 0.0833333 0.25 0.25 0.0833333 0 0 0 0 0 0 

416 398 289 37 0 0.40201 0 0 0 0 0 0 0 0 0 0 0 0 0 0 0 0 0 0 0 0.0833333 0 0.166667 0.166667 0.0833333 0.25 0.25 0 0 0 0 0 0 0 

384 369 278 37 0 0.433604 0 0 0 0 0 0 0 0 0 0 0 0 0 0 0 0 0 0 0 0 0 0.0909091 0.181818 0.181818 0.181818 0.272727 0 0.0909091 0 0 0 0 0 

416 398 301 37 0 0.40201 0 0 0 0 0 0 0 0 0 0 0 0 0 0 0 0 0 0 0 0 0 0.0833333 0.25 0.166667 0.0833333 0.166667 0.0833333 0.166667 0 0 0 0 0 

608 592 436 37 0 0.27027 0 0 0 0 0 0 0 0 0 0 0 0 0 0 0 0 0 0 0 0 0.0555556 0.0555556 0.111111 0.388889 0.166667 0.111111 0.111111 0 0 0 0 0 0 

384 372 278 37 0 0.430108 0 0 0 0 0 0 0 0 0 0 0 0 0 0 0 0 0 0 0 0 0.0909091 0.181818 0 0.181818 0.181818 0.272727 0 0.0909091 0 0 0 0 0 

416 398 301 37 0 0.40201 0 0 0 0 0 0 0 0 0 0 0 0 0 0 0 0 0 0 0 0 0 0 0.166667 0.333333 0.0833333 0.25 0.166667 0 0 0 0 0 0 

384 369 267 37 0 0.433604 0 0 0 0 0 0 0 0 0 0 0 0 0 0 0 0 0 0 0 0.181818 0 0 0.272727 0.0909091 0.181818 0.272727 0 0 0 0 0 0 0 

416 398 291 37 0 0.40201 0 0 0 0 0 0 0 0 0 0 0 0 0 0 0 0 0 0 0 0.0833333 0 0 0.166667 0.416667 0.166667 0.0833333 0.0833333 0 0 0 0 0 0 

416 398 295 37 0 0.40201 0 0 0 0 0 0 0 0 0 0 0 0 0 0 0 0 0 0 0 0 0 0.0833333 0.166667 0.416667 0 0.25 0.0833333 0 0 0 0 0 0 

576 569 411 37 0 0.281195 0 0 0 0 0 0 0 0 0 0 0 0 0 0 0 0 0 0 0 0 0 0.294118 0.176471 0.176471 0.235294 0.117647 0 0 0 0 0 0 0 

416 398 289 37 0 0.40201 0 0 0 0 0 0 0 0 0 0 0 0 0 0 0 0 0 0 0 0 0.0833333 0.0833333 0.166667 0.25 0.333333 0.0833333 0 0 0 0 0 0 0 

416 398 299 37 0 0.40201 0 0 0 0 0 0 0 0 0 0 0 0 0 0 0 0 0 0 0 0 0 0.0833333 0.166667 0.25 0.166667 0.0833333 0.25 0 0 0 0 0 0 

384 369 272 37 0 0.433604 0 0 0 0 0 0 0 0 0 0 0 0 0 0 0 0 0 0 0 0 0 0.181818 0.181818 0.272727 0.0909091 0.181818 0.0909091 0 0 0 0 0 0 

384 368 270 37 0 0.434783 0 0 0 0 0 0 0 0 0 0 0 0 0 0 0 0 0 0 0 0.0909091 0 0 0.181818 0.454545 0 0.181818 0.0909091 0 0 0 0 0 0 

512 505 366 37 0 0.316832 0 0 0 0 0 0 0 0 0 0 0 0 0 0 0 0 0 0 0 0 0.133333 0.133333 0.266667 0 0.266667 0.2 0 0 0 0 0 0 0 

384 369 275 37 0 0.433604 0 0 0 0 0 0 0 0 0 0 0 0 0 0 0 0 0 0 0 0 0 0.0909091 0 0.363636 0.454545 0.0909091 0 0 0 0 0 0 0 

416 398 301 37 0 0.40201 0 0 0 0 0 0 0 0 0 0 0 0 0 0 0 0 0 0 0 0 0 0.166667 0 0.0833333 0.333333 0.333333 0.0833333 0 0 0 0 0 0 

416 398 306 37 0 0.40201 0 0 0 0 0 0 0 0 0 0 0 0 0 0 0 0 0 0 0 0 0 0.0833333 0 0.166667 0.25 0.25 0.25 0 0 0 0 0 0 

416 398 292 37 0 0.40201 0 0 0 0 0 0 0 0 0 0 0 0 0 0 0 0 0 0 0 0.0833333 0 0 0.25 0.166667 0.333333 0.0833333 0.0833333 0 0 0 0 0 0 

384 368 270 37 0 0.434783 0 0 0 0 0 0 0 0 0 0 0 0 0 0 0 0 0 0 0 0 0 0.0909091 0.181818 0.363636 0.272727 0.0909091 0 0 0 0 0 0 0 

416 398 290 37 0 0.40201 0 0 0 0 0 0 0 0 0 0 0 0 0 0 0 0 0 0.0833333 0 0 0 0 0.0833333 0.333333 0.416667 0.0833333 0 0 0 0 0 0 0 

384 369 269 37 0 0.433604 0 0 0 0 0 0 0 0 0 0 0 0 0 0 0 0 0 0 0 0 0.0909091 0.181818 0.181818 0.0909091 0.272727 0.0909091 0.0909091 0 0 0 0 0 0 

416 398 291 37 0 0.40201 0 0 0 0 0 0 0 0 0 0 0 0 0 0 0 0 0 0 0 0 0 0.0833333 0.25 0.333333 0.166667 0.166667 0 0 0 0 0 0 0 

384 366 273 37 0 0.437158 0 0 0 0 0 0 0 0 0 0 0 0 0 0 0 0 0 0 0 0 0 0.0909091 0.0909091 0.272727 0.272727 0.272727 0 0 0 0 0 0 0 

416 398 302 37 0 0.40201 0 0 0 0 0 0 0 0 0 0 0 0 0 0 0 0 0 0 0 0 0 0.0833333 0.0833333 0.166667 0.166667 0.416667 0.0833333 0 0 0 0 0 0 

384 367 272 37 0 0.435967 0 0 0 0 0 0 0 0 0 0 0 0 0 0 0 0 0 0 0 0 0 0 0.272727 0.363636 0.0909091 0.272727 0 0 0 0 0 0 0 

576 569 405 37 0 0.281195 0 0 0 0 0 0 0 0 0 0 0 0 0 0 0 0 0 0.0588235 0.117647 0 0.117647 0 0.117647 0.235294 0.117647 0.117647 0.0588235 0.0588235 0 0 0 0 0 

416 398 297 37 0 0.40201 0 0 0 0 0 0 0 0 0 0 0 0 0 0 0 0 0 0 0 0 0 0.0833333 0.166667 0.25 0.166667 0.25 0.0833333 0 0 0 0 0 0 

416 398 289 37 0 0.40201 0 0 0 0 0 0 0 0 0 0 0 0 0 0 0 0 0 0 0 0 0.0833333 0.0833333 0.166667 0.25 0.333333 0.0833333 0 0 0 0 0 0 0 

608 592 427 37 0 0.27027 0 0 0 0 0 0 0 0 0 0 0 0 0 0 0 0 0 0 0 0.0555556 0.0555556 0.166667 0.166667 0.222222 0.111111 0.111111 0.0555556 0.0555556 0 0 0 0 0 

416 398 289 37 0 0.40201 0 0 0 0 0 0 0 0 0 0 0 0 0 0 0 0 0 0 0 0.0833333 0.166667 0 0 0.166667 0.416667 0.166667 0 0 0 0 0 0 0 

384 372 272 37 0 0.430108 0 0 0 0 0 0 0 0 0 0 0 0 0 0 0 0 0 0 0 0 0.0909091 0 0.363636 0.0909091 0.363636 0.0909091 0 0 0 0 0 0 0 

416 398 288 37 0 0.40201 0 0 0 0 0 0 0 0 0 0 0 0 0 0 0 0 0 0 0 0 0 0.0833333 0.416667 0.25 0.0833333 0.166667 0 0 0 0 0 0 0 

384 356 266 37 0 0.449438 0 0 0 0 0 0 0 0 0 0 0 0 0 0 0 0 0 0 0 0 0.0909091 0.0909091 0 0.0909091 0.363636 0.181818 0.181818 0 0 0 0 0 0 

