672 655 474 53 0 0.48855 0 0 0 0 0 0 0 0 0 0 0 0 0 0 0 0 0 0 0.05 0.05 0 0 0.25 0.2 0.25 0.2 0 0 0 0 0 0 0 

704 678 499 53 0 0.471976 0 0 0 0 0 0 0 0 0 0 0 0 0 0 0 0 0 0 0 0 0 0.0952381 0.190476 0.285714 0.0952381 0.238095 0.0952381 0 0 0 0 0 0 

672 655 473 53 0 0.48855 0 0 0 0 0 0 0 0 0 0 0 0 0 0 0 0 0 0 0 0 0.05 0.1 0.25 0.3 0.15 0.1 0.05 0 0 0 0 0 0 

704 678 490 53 0 0.471976 0 0 0 0 0 0 0 0 0 0 0 0 0 0 0 0 0 0 0 0.047619 0.047619 0.0952381 0.047619 0.333333 0.238095 0.190476 0 0 0 0 0 0 0 

704 679 502 53 0 0.471281 0 0 0 0 0 0 0 0 0 0 0 0 0 0 0 0 0 0 0 0 0 0.0952381 0.190476 0.190476 0.190476 0.238095 0.0952381 0 0 0 0 0 0 

704 680 481 53 0 0.470588 0 0 0 0 0 0 0 0 0 0 0 0 0 0 0 0 0 0 0.047619 0 0.047619 0.0952381 0.285714 0.238095 0.190476 0.0952381 0 0 0 0 0 0 0 

672 655 484 53 0 0.48855 0 0 0 0 0 0 0 0 0 0 0 0 0 0 0 0 0 0 0 0 0 0.1 0.1 0.35 0.2 0.2 0.05 0 0 0 0 0 0 

704 678 486 53 0 0.471976 0 0 0 0 0 0 0 0 0 0 0 0 0 0 0 0 0 0 0 0 0 0.190476 0.285714 0.190476 0.190476 0.0952381 0.047619 0 0 0 0 0 0 

704 679 497 53 0 0.471281 0 0 0 0 0 0 0 0 0 0 0 0 0 0 0 0 0 0 0 0 0 0.047619 0.190476 0.285714 0.333333 0.142857 0 0 0 0 0 0 0 

768 741 542 53 0 0.431849 0 0 0 0 0 0 0 0 0 0 0 0 0 0 0 0 0 0 0.0434783 0 0.0434783 0 0.130435 0.26087 0.26087 0.217391 0.0434783 0 0 0 0 0 0 

672 655 488 53 0 0.48855 0 0 0 0 0 0 0 0 0 0 0 0 0 0 0 0 0 0 0 0 0 0.15 0.1 0.2 0.15 0.35 0 0.05 0 0 0 0 0 

672 655 493 53 0 0.48855 0 0 0 0 0 0 0 0 0 0 0 0 0 0 0 0 0 0 0 0 0.05 0 0.2 0 0.35 0.3 0.1 0 0 0 0 0 0 

672 654 488 53 0 0.489297 0 0 0 0 0 0 0 0 0 0 0 0 0 0 0 0 0 0 0 0 0.05 0 0.05 0.45 0.15 0.15 0.15 0 0 0 0 0 0 

704 679 493 53 0 0.471281 0 0 0 0 0 0 0 0 0 0 0 0 0 0 0 0 0 0 0 0 0.047619 0.047619 0.285714 0.238095 0.142857 0.190476 0.047619 0 0 0 0 0 0 

672 655 473 53 0 0.48855 0 0 0 0 0 0 0 0 0 0 0 0 0 0 0 0 0 0 0 0 0 0.1 0.3 0.3 0.2 0.1 0 0 0 0 0 0 0 

672 655 479 53 0 0.48855 0 0 0 0 0 0 0 0 0 0 0 0 0 0 0 0 0 0 0 0 0.1 0.1 0.2 0.1 0.15 0.3 0.05 0 0 0 0 0 0 

704 679 504 53 0 0.471281 0 0 0 0 0 0 0 0 0 0 0 0 0 0 0 0 0 0 0 0 0.047619 0.047619 0.142857 0.238095 0.190476 0.142857 0.190476 0 0 0 0 0 0 

704 679 505 53 0 0.471281 0 0 0 0 0 0 0 0 0 0 0 0 0 0 0 0 0 0 0 0 0 0.047619 0.190476 0.238095 0.238095 0.142857 0.0952381 0.047619 0 0 0 0 0 

672 655 474 53 0 0.48855 0 0 0 0 0 0 0 0 0 0 0 0 0 0 0 0 0 0 0 0.1 0 0.1 0.1 0.3 0.2 0.15 0.05 0 0 0 0 0 0 

672 655 479 53 0 0.48855 0 0 0 0 0 0 0 0 0 0 0 0 0 0 0 0 0 0 0 0 0 0.05 0.2 0.4 0.2 0.15 0 0 0 0 0 0 0 

704 680 495 53 0 0.470588 0 0 0 0 0 0 0 0 0 0 0 0 0 0 0 0 0 0 0 0.047619 0.047619 0.142857 0.142857 0.285714 0.0952381 0.047619 0.047619 0.0952381 0.047619 0 0 0 0 

672 655 477 53 0 0.48855 0 0 0 0 0 0 0 0 0 0 0 0 0 0 0 0 0 0 0 0.05 0 0.15 0.15 0.15 0.3 0.15 0.05 0 0 0 0 0 0 

704 678 500 53 0 0.471976 0 0 0 0 0 0 0 0 0 0 0 0 0 0 0 0 0 0 0 0 0.0952381 0 0.238095 0.142857 0.190476 0.142857 0.190476 0 0 0 0 0 0 

704 679 500 53 0 0.471281 0 0 0 0 0 0 0 0 0 0 0 0 0 0 0 0 0 0 0 0.047619 0 0.047619 0.190476 0.238095 0.142857 0.190476 0.142857 0 0 0 0 0 0 

672 657 466 53 0 0.487062 0 0 0 0 0 0 0 0 0 0 0 0 0 0 0 0 0 0 0 0.05 0.1 0.1 0.25 0.2 0.2 0.1 0 0 0 0 0 0 0 

672 655 475 53 0 0.48855 0 0 0 0 0 0 0 0 0 0 0 0 0 0 0 0 0 0 0 0 0.15 0.05 0.15 0.2 0.3 0.1 0 0.05 0 0 0 0 0 

768 741 542 53 0 0.431849 0 0 0 0 0 0 0 0 0 0 0 0 0 0 0 0 0 0 0 0.0434783 0.0869565 0 0.173913 0.130435 0.217391 0.304348 0.0434783 0 0 0 0 0 0 

672 655 484 53 0 0.48855 0 0 0 0 0 0 0 0 0 0 0 0 0 0 0 0 0 0 0 0 0.05 0.1 0.15 0.25 0.05 0.35 0 0.05 0 0 0 0 0 

704 679 500 53 0 0.471281 0 0 0 0 0 0 0 0 0 0 0 0 0 0 0 0 0 0 0 0 0.047619 0.142857 0.047619 0.0952381 0.380952 0.285714 0 0 0 0 0 0 0 

672 656 475 53 0 0.487805 0 0 0 0 0 0 0 0 0 0 0 0 0 0 0 0 0 0 0 0 0.05 0.15 0.2 0.25 0.2 0.05 0.1 0 0 0 0 0 0 

704 679 488 53 0 0.471281 0 0 0 0 0 0 0 0 0 0 0 0 0 0 0 0 0 0 0.047619 0 0.047619 0.190476 0.142857 0.190476 0.0952381 0.142857 0.142857 0 0 0 0 0 0 

704 679 509 53 0 0.471281 0 0 0 0 0 0 0 0 0 0 0 0 0 0 0 0 0 0 0 0 0.047619 0 0.0952381 0.190476 0.333333 0.238095 0.047619 0.047619 0 0 0 0 0 

672 655 475 53 0 0.48855 0 0 0 0 0 0 0 0 0 0 0 0 0 0 0 0 0 0 0 0.1 0.1 0 0.15 0.2 0.1 0.3 0.05 0 0 0 0 0 0 

672 655 479 53 0 0.48855 0 0 0 0 0 0 0 0 0 0 0 0 0 0 0 0 0 0 0 0.05 0 0.05 0.2 0.3 0.25 0.05 0.05 0.05 0 0 0 0 0 

672 657 489 53 0 0.487062 0 0 0 0 0 0 0 0 0 0 0 0 0 0 0 0 0 0 0 0 0 0.05 0.25 0.25 0.15 0.15 0.1 0.05 0 0 0 0 0 

704 679 490 53 0 0.471281 0 0 0 0 0 0 0 0 0 0 0 0 0 0 0 0 0 0 0 0.0952381 0 0.047619 0.142857 0.285714 0.285714 0.0952381 0.047619 0 0 0 0 0 0 

704 679 495 53 0 0.471281 0 0 0 0 0 0 0 0 0 0 0 0 0 0 0 0 0 0 0 0 0.142857 0.0952381 0.238095 0.047619 0.0952381 0.190476 0.142857 0.047619 0 0 0 0 0 

672 655 484 53 0 0.48855 0 0 0 0 0 0 0 0 0 0 0 0 0 0 0 0 0 0 0 0 0 0 0.4 0.1 0.25 0.15 0.1 0 0 0 0 0 0 

672 657 481 53 0 0.487062 0 0 0 0 0 0 0 0 0 0 0 0 0 0 0 0 0 0 0 0.05 0.1 0.05 0.1 0.2 0.25 0.15 0.05 0.05 0 0 0 0 0 

704 679 499 53 0 0.471281 0 0 0 0 0 0 0 0 0 0 0 0 0 0 0 0 0 0 0 0 0.047619 0.0952381 0.142857 0.238095 0.190476 0.142857 0.142857 0 0 0 0 0 0 

672 655 484 53 0 0.48855 0 0 0 0 0 0 0 0 0 0 0 0 0 0 0 0 0 0 0.05 0 0 0 0.3 0.15 0.15 0.2 0.15 0 0 0 0 0 0 

672 657 481 53 0 0.487062 0 0 0 0 0 0 0 0 0 0 0 0 0 0 0 0 0 0 0 0.15 0 0.05 0.05 0.25 0.15 0.25 0.1 0 0 0 0 0 0 

672 655 471 53 0 0.48855 0 0 0 0 0 0 0 0 0 0 0 0 0 0 0 0 0 0 0 0 0 0.15 0.4 0.15 0.1 0.2 0 0 0 0 0 0 0 

704 678 484 53 0 0.471976 0 0 0 0 0 0 0 0 0 0 0 0 0 0 0 0 0 0 0 0.047619 0.047619 0.0952381 0.238095 0.285714 0.142857 0.0952381 0 0.047619 0 0 0 0 0 

704 678 495 53 0 0.471976 0 0 0 0 0 0 0 0 0 0 0 0 0 0 0 0 0 0 0 0 0 0.0952381 0.238095 0.238095 0.238095 0.142857 0 0.047619 0 0 0 0 0 

704 679 499 53 0 0.471281 0 0 0 0 0 0 0 0 0 0 0 0 0 0 0 0 0 0 0.047619 0 0.047619 0 0.0952381 0.285714 0.285714 0.142857 0.047619 0.047619 0 0 0 0 0 

672 655 484 53 0 0.48855 0 0 0 0 0 0 0 0 0 0 0 0 0 0 0 0 0 0 0 0 0 0.05 0.1 0.4 0.25 0.2 0 0 0 0 0 0 0 

672 656 485 53 0 0.487805 0 0 0 0 0 0 0 0 0 0 0 0 0 0 0 0 0 0 0.05 0 0.05 0 0.1 0.25 0.3 0.1 0.15 0 0 0 0 0 0 

672 655 475 53 0 0.48855 0 0 0 0 0 0 0 0 0 0 0 0 0 0 0 0 0 0 0 0 0.1 0.1 0.15 0.2 0.3 0.1 0.05 0 0 0 0 0 0 

672 657 478 53 0 0.487062 0 0 0 0 0 0 0 0 0 0 0 0 0 0 0 0 0 0 0 0 0.1 0.1 0.15 0.25 0.2 0.1 0.1 0 0 0 0 0 0 

704 679 501 53 0 0.471281 0 0 0 0 0 0 0 0 0 0 0 0 0 0 0 0 0 0 0 0 0.0952381 0 0.190476 0.190476 0.142857 0.285714 0.0952381 0 0 0 0 0 0 

672 656 486 53 0 0.487805 0 0 0 0 0 0 0 0 0 0 0 0 0 0 0 0 0 0 0 0 0.05 0.05 0.15 0.15 0.35 0.2 0.05 0 0 0 0 0 0 

704 678 483 53 0 0.471976 0 0 0 0 0 0 0 0 0 0 0 0 0 0 0 0 0 0 0 0.0952381 0.047619 0 0.190476 0.380952 0.142857 0.142857 0 0 0 0 0 0 0 

672 656 482 53 0 0.487805 0 0 0 0 0 0 0 0 0 0 0 0 0 0 0 0 0 0 0 0 0 0.05 0.15 0.45 0.2 0.1 0.05 0 0 0 0 0 0 

672 655 487 53 0 0.48855 0 0 0 0 0 0 0 0 0 0 0 0 0 0 0 0 0 0 0.05 0 0 0 0.1 0.2 0.35 0.3 0 0 0 0 0 0 0 

672 655 474 53 0 0.48855 0 0 0 0 0 0 0 0 0 0 0 0 0 0 0 0 0 0 0 0.05 0.05 0.15 0.1 0.35 0.1 0.05 0.1 0.05 0 0 0 0 0 

704 679 500 53 0 0.471281 0 0 0 0 0 0 0 0 0 0 0 0 0 0 0 0 0 0 0 0 0.047619 0.047619 0.142857 0.190476 0.333333 0.190476 0.047619 0 0 0 0 0 0 

672 657 481 53 0 0.487062 0 0 0 0 0 0 0 0 0 0 0 0 0 0 0 0 0 0 0 0.05 0.1 0.1 0 0.15 0.35 0.2 0.05 0 0 0 0 0 0 

704 679 502 53 0 0.471281 0 0 0 0 0 0 0 0 0 0 0 0 0 0 0 0 0 0 0.047619 0 0 0.0952381 0.047619 0.190476 0.285714 0.285714 0 0.047619 0 0 0 0 0 

704 679 494 53 0 0.471281 0 0 0 0 0 0 0 0 0 0 0 0 0 0 0 0 0 0 0 0 0.0952381 0.047619 0.238095 0.190476 0.142857 0.238095 0 0.047619 0 0 0 0 0 

672 656 476 53 0 0.487805 0 0 0 0 0 0 0 0 0 0 0 0 0 0 0 0 0 0 0 0.05 0.05 0.1 0.1 0.3 0.25 0.1 0 0.05 0 0 0 0 0 

672 655 475 53 0 0.48855 0 0 0 0 0 0 0 0 0 0 0 0 0 0 0 0 0 0 0 0 0.1 0.1 0.15 0.25 0.25 0.05 0.1 0 0 0 0 0 0 

672 657 502 53 0 0.487062 0 0 0 0 0 0 0 0 0 0 0 0 0 0 0 0 0 0 0 0 0.05 0.05 0 0.15 0.35 0.15 0.15 0.1 0 0 0 0 0 

672 655 478 53 0 0.48855 0 0 0 0 0 0 0 0 0 0 0 0 0 0 0 0 0 0 0 0 0 0.15 0.25 0.3 0.1 0.1 0 0.1 0 0 0 0 0 

672 657 497 53 0 0.487062 0 0 0 0 0 0 0 0 0 0 0 0 0 0 0 0 0 0 0 0 0 0 0.15 0.2 0.35 0.2 0.05 0 0.05 0 0 0 0 

704 678 481 53 0 0.471976 0 0 0 0 0 0 0 0 0 0 0 0 0 0 0 0 0 0 0.047619 0.0952381 0.047619 0.190476 0.047619 0.142857 0.190476 0.142857 0.047619 0.047619 0 0 0 0 0 

704 679 498 53 0 0.471281 0 0 0 0 0 0 0 0 0 0 0 0 0 0 0 0 0 0 0 0 0 0 0.428571 0.190476 0.142857 0.0952381 0.0952381 0.047619 0 0 0 0 0 

672 655 476 53 0 0.48855 0 0 0 0 0 0 0 0 0 0 0 0 0 0 0 0 0 0 0 0 0.05 0.05 0.2 0.3 0.3 0.1 0 0 0 0 0 0 0 

704 679 501 53 0 0.471281 0 0 0 0 0 0 0 0 0 0 0 0 0 0 0 0 0 0 0.047619 0 0 0 0.142857 0.190476 0.380952 0.190476 0.047619 0 0 0 0 0 0 

704 679 488 53 0 0.471281 0 0 0 0 0 0 0 0 0 0 0 0 0 0 0 0 0 0 0 0 0 0.142857 0.285714 0.238095 0.190476 0.142857 0 0 0 0 0 0 0 

672 657 482 53 0 0.487062 0 0 0 0 0 0 0 0 0 0 0 0 0 0 0 0 0 0 0 0 0 0.1 0.2 0.3 0.25 0.05 0.1 0 0 0 0 0 0 

672 657 498 53 0 0.487062 0 0 0 0 0 0 0 0 0 0 0 0 0 0 0 0 0 0 0 0 0 0.05 0.15 0.15 0.25 0.15 0.25 0 0 0 0 0 0 

672 655 475 53 0 0.48855 0 0 0 0 0 0 0 0 0 0 0 0 0 0 0 0.05 0 0 0 0 0.05 0.05 0.15 0.2 0.25 0.2 0.05 0 0 0 0 0 0 

704 679 496 53 0 0.471281 0 0 0 0 0 0 0 0 0 0 0 0 0 0 0 0 0 0 0 0 0 0.142857 0.238095 0.142857 0.238095 0.190476 0 0.047619 0 0 0 0 0 

704 679 495 53 0 0.471281 0 0 0 0 0 0 0 0 0 0 0 0 0 0 0 0 0 0 0 0 0.047619 0.142857 0.047619 0.333333 0.238095 0.142857 0 0.047619 0 0 0 0 0 

672 656 473 53 0 0.487805 0 0 0 0 0 0 0 0 0 0 0 0 0 0 0 0 0 0 0 0 0.1 0.15 0.2 0.2 0.1 0.2 0.05 0 0 0 0 0 0 

704 679 482 53 0 0.471281 0 0 0 0 0 0 0 0 0 0 0 0 0 0 0 0 0 0.047619 0 0 0.0952381 0.0952381 0.190476 0.238095 0.142857 0.142857 0.047619 0 0 0 0 0 0 

672 650 476 53 0 0.492308 0 0 0 0 0 0 0 0 0 0 0 0 0 0 0 0 0 0 0 0 0.05 0.1 0.2 0.25 0.1 0.2 0.05 0.05 0 0 0 0 0 

704 679 487 53 0 0.471281 0 0 0 0 0 0 0 0 0 0 0 0 0 0 0 0 0 0 0 0.047619 0 0.190476 0.190476 0.142857 0.285714 0.0952381 0.047619 0 0 0 0 0 0 

672 656 485 53 0 0.487805 0 0 0 0 0 0 0 0 0 0 0 0 0 0 0 0 0 0 0 0 0 0.15 0.1 0.3 0.15 0.2 0.1 0 0 0 0 0 0 

704 679 491 53 0 0.471281 0 0 0 0 0 0 0 0 0 0 0 0 0 0 0 0 0 0 0 0 0.0952381 0.0952381 0.142857 0.285714 0.142857 0.190476 0.047619 0 0 0 0 0 0 

672 655 474 53 0 0.48855 0 0 0 0 0 0 0 0 0 0 0 0 0 0 0 0 0 0 0 0 0.1 0.05 0.2 0.3 0.25 0 0.1 0 0 0 0 0 0 

704 679 478 53 0 0.471281 0 0 0 0 0 0 0 0 0 0 0 0 0 0 0 0 0 0 0 0.0952381 0 0.142857 0.285714 0.238095 0.0952381 0.142857 0 0 0 0 0 0 0 

672 655 480 53 0 0.48855 0 0 0 0 0 0 0 0 0 0 0 0 0 0 0 0 0 0 0 0 0.05 0.1 0.2 0.2 0.2 0.15 0.1 0 0 0 0 0 0 

704 679 485 53 0 0.471281 0 0 0 0 0 0 0 0 0 0 0 0 0 0 0 0 0 0 0 0.047619 0.047619 0.047619 0.190476 0.380952 0.190476 0.0952381 0 0 0 0 0 0 0 

704 679 498 53 0 0.471281 0 0 0 0 0 0 0 0 0 0 0 0 0 0 0 0 0 0 0 0 0.0952381 0 0.142857 0.380952 0.047619 0.238095 0.0952381 0 0 0 0 0 0 

672 655 481 53 0 0.48855 0 0 0 0 0 0 0 0 0 0 0 0 0 0 0 0 0 0 0 0.05 0 0.15 0.1 0.2 0.3 0.05 0.1 0.05 0 0 0 0 0 

768 741 535 53 0 0.431849 0 0 0 0 0 0 0 0 0 0 0 0 0 0 0 0 0 0 0 0 0.0434783 0.173913 0.217391 0.173913 0.130435 0.173913 0.0869565 0 0 0 0 0 0 

704 679 496 53 0 0.471281 0 0 0 0 0 0 0 0 0 0 0 0 0 0 0 0 0 0 0 0 0 0.047619 0.285714 0.333333 0.142857 0.0952381 0.047619 0.047619 0 0 0 0 0 

672 655 482 53 0 0.48855 0 0 0 0 0 0 0 0 0 0 0 0 0 0 0 0 0 0.05 0 0 0 0.05 0.25 0.2 0.1 0.15 0.2 0 0 0 0 0 0 

704 679 490 53 0 0.471281 0 0 0 0 0 0 0 0 0 0 0 0 0 0 0 0 0 0 0.047619 0.047619 0 0.047619 0.190476 0.190476 0.285714 0.142857 0.047619 0 0 0 0 0 0 

704 679 486 53 0 0.471281 0 0 0 0 0 0 0 0 0 0 0 0 0 0 0 0 0 0 0.047619 0.0952381 0.047619 0.0952381 0.047619 0.238095 0.238095 0.0952381 0 0.0952381 0 0 0 0 0 

672 655 474 53 0 0.48855 0 0 0 0 0 0 0 0 0 0 0 0 0 0 0 0 0 0 0 0.05 0.15 0.05 0.05 0.2 0.3 0.15 0.05 0 0 0 0 0 0 

704 679 495 53 0 0.471281 0 0 0 0 0 0 0 0 0 0 0 0 0 0 0 0 0 0.047619 0 0.047619 0.047619 0.142857 0.0952381 0.047619 0.190476 0.190476 0.0952381 0.0952381 0 0 0 0 0 

672 655 470 53 0 0.48855 0 0 0 0 0 0 0 0 0 0 0 0 0 0 0 0 0 0 0 0 0.1 0.1 0.2 0.3 0.15 0.15 0 0 0 0 0 0 0 

672 655 484 53 0 0.48855 0 0 0 0 0 0 0 0 0 0 0 0 0 0 0 0 0 0 0.1 0 0 0.05 0.05 0.15 0.35 0.2 0.05 0.05 0 0 0 0 0 

704 680 491 53 0 0.470588 0 0 0 0 0 0 0 0 0 0 0 0 0 0 0 0 0 0 0 0.047619 0 0.0952381 0.142857 0.380952 0.190476 0.0952381 0.047619 0 0 0 0 0 0 

704 679 496 53 0 0.471281 0 0 0 0 0 0 0 0 0 0 0 0 0 0 0 0 0 0 0 0 0.047619 0.047619 0.238095 0.190476 0.190476 0.285714 0 0 0 0 0 0 0 

672 655 479 53 0 0.48855 0 0 0 0 0 0 0 0 0 0 0 0 0 0 0 0 0 0 0 0 0 0.2 0.1 0.3 0.25 0 0.15 0 0 0 0 0 0 

672 655 473 53 0 0.48855 0 0 0 0 0 0 0 0 0 0 0 0 0 0 0 0 0 0 0.05 0 0.1 0.1 0.1 0.15 0.35 0.1 0 0.05 0 0 0 0 0 

