608 596 436 53 0 0.536913 0 0 0 0 0 0 0 0 0 0 0 0 0 0 0 0 0 0 0 0 0 0.166667 0.222222 0.166667 0.277778 0.111111 0.0555556 0 0 0 0 0 0 

544 533 400 53 0 0.600375 0 0 0 0 0 0 0 0 0 0 0 0 0 0 0 0 0 0 0 0 0 0.125 0.3125 0.0625 0.1875 0.0625 0.0625 0.1875 0 0 0 0 0 

544 533 387 53 0 0.600375 0 0 0 0 0 0 0 0 0 0 0 0 0 0 0 0 0 0 0 0.125 0.0625 0.0625 0.25 0.0625 0.125 0.1875 0.0625 0.0625 0 0 0 0 0 

672 649 473 53 0 0.493066 0 0 0 0 0 0 0 0 0 0 0 0 0 0 0 0 0 0 0 0 0.05 0.15 0.1 0.25 0.3 0.05 0.05 0.05 0 0 0 0 0 

544 533 395 53 0 0.600375 0 0 0 0 0 0 0 0 0 0 0 0 0 0 0 0 0 0 0 0 0 0.1875 0.1875 0.0625 0.3125 0.125 0.125 0 0 0 0 0 0 

672 648 476 53 0 0.493827 0 0 0 0 0 0 0 0 0 0 0 0 0 0 0 0 0 0 0 0 0.05 0 0.25 0.25 0.25 0.1 0.05 0.05 0 0 0 0 0 

544 533 400 53 0 0.600375 0 0 0 0 0 0 0 0 0 0 0 0 0 0 0 0 0 0 0 0 0 0.0625 0.1875 0.125 0.3125 0.25 0.0625 0 0 0 0 0 0 

608 596 427 53 0 0.536913 0 0 0 0 0 0 0 0 0 0 0 0 0 0 0 0 0.0555556 0 0.0555556 0 0.0555556 0.111111 0.166667 0.0555556 0.277778 0.111111 0.111111 0 0 0 0 0 0 

672 649 466 53 0 0.493066 0 0 0 0 0 0 0 0 0 0 0 0 0 0 0 0 0 0 0 0.05 0.05 0.2 0.1 0.15 0.3 0.1 0 0.05 0 0 0 0 0 

544 534 387 53 0 0.599251 0 0 0 0 0 0 0 0 0 0 0 0 0 0 0 0 0 0 0 0.0625 0 0.1875 0.25 0.125 0.125 0.1875 0.0625 0 0 0 0 0 0 

544 534 390 53 0 0.599251 0 0 0 0 0 0 0 0 0 0 0 0 0 0 0 0 0 0 0 0 0.125 0.0625 0.1875 0.1875 0.1875 0.25 0 0 0 0 0 0 0 

480 456 339 53 0 0.701754 0 0 0 0 0 0 0 0 0 0 0 0 0 0 0 0 0 0 0 0 0.0714286 0 0.142857 0.214286 0.285714 0.142857 0.142857 0 0 0 0 0 0 

672 648 465 53 0 0.493827 0 0 0 0 0 0 0 0 0 0 0 0 0 0 0 0 0 0 0 0.05 0.15 0.1 0.15 0.1 0.2 0.1 0.15 0 0 0 0 0 0 

608 597 423 53 0 0.536013 0 0 0 0 0 0 0 0 0 0 0 0 0 0 0 0 0 0 0 0.0555556 0 0.222222 0.277778 0.222222 0.166667 0.0555556 0 0 0 0 0 0 0 

672 649 465 53 0 0.493066 0 0 0 0 0 0 0 0 0 0 0 0 0 0 0 0 0 0 0 0.05 0.1 0.05 0.15 0.3 0.25 0.05 0 0.05 0 0 0 0 0 

608 597 434 53 0 0.536013 0 0 0 0 0 0 0 0 0 0 0 0 0 0 0 0 0 0 0 0.111111 0 0.111111 0.166667 0.166667 0.166667 0.222222 0.0555556 0 0 0 0 0 0 

544 534 395 53 0 0.599251 0 0 0 0 0 0 0 0 0 0 0 0 0 0 0 0 0 0 0 0 0 0.0625 0.3125 0.1875 0.25 0.125 0 0.0625 0 0 0 0 0 

544 532 408 53 0 0.601504 0 0 0 0 0 0 0 0 0 0 0 0 0 0 0 0 0 0 0 0 0 0.125 0.0625 0.0625 0.25 0.25 0.1875 0.0625 0 0 0 0 0 

544 533 397 53 0 0.600375 0 0 0 0 0 0 0 0 0 0 0 0 0 0 0 0 0 0 0 0 0.125 0 0.1875 0.0625 0.3125 0.1875 0.125 0 0 0 0 0 0 

544 533 398 53 0 0.600375 0 0 0 0 0 0 0 0 0 0 0 0 0 0 0 0 0 0 0 0 0 0.0625 0.25 0.125 0.1875 0.375 0 0 0 0 0 0 0 

672 648 468 53 0 0.493827 0 0 0 0 0 0 0 0 0 0 0 0 0 0 0 0 0 0 0 0.05 0.05 0.05 0.2 0.2 0.3 0.1 0.05 0 0 0 0 0 0 

544 534 392 53 0 0.599251 0 0 0 0 0 0 0 0 0 0 0 0 0 0 0 0 0 0 0 0 0.0625 0.125 0.125 0.1875 0.3125 0.1875 0 0 0 0 0 0 0 

608 593 429 53 0 0.539629 0 0 0 0 0 0 0 0 0 0 0 0 0 0 0 0 0 0 0 0 0.0555556 0.111111 0.222222 0.333333 0.0555556 0.222222 0 0 0 0 0 0 0 

608 591 423 53 0 0.541455 0 0 0 0 0 0 0 0 0 0 0 0 0 0 0 0 0 0 0 0 0.222222 0.111111 0.111111 0.166667 0.166667 0.166667 0.0555556 0 0 0 0 0 0 

480 455 332 53 0 0.703297 0 0 0 0 0 0 0 0 0 0 0 0 0 0 0 0 0 0 0.0714286 0 0 0.0714286 0.0714286 0.285714 0.285714 0.142857 0.0714286 0 0 0 0 0 0 

576 560 412 53 0 0.571429 0 0 0 0 0 0 0 0 0 0 0 0 0 0 0 0 0 0 0.0588235 0 0 0.0588235 0.176471 0.117647 0.352941 0.176471 0.0588235 0 0 0 0 0 0 

608 596 437 53 0 0.536913 0 0 0 0 0 0 0 0 0 0 0 0 0 0 0 0 0 0 0 0 0 0 0.222222 0.388889 0.388889 0 0 0 0 0 0 0 0 

672 648 473 53 0 0.493827 0 0 0 0 0 0 0 0 0 0 0 0 0 0 0 0 0 0 0 0 0 0.15 0.25 0.2 0.1 0.2 0.1 0 0 0 0 0 0 

608 596 438 53 0 0.536913 0 0 0 0 0 0 0 0 0 0 0 0 0 0 0 0 0 0 0 0 0 0.222222 0.111111 0.222222 0.222222 0.111111 0.111111 0 0 0 0 0 0 

608 597 441 53 0 0.536013 0 0 0 0 0 0 0 0 0 0 0 0 0 0 0 0 0 0 0.0555556 0.0555556 0.0555556 0 0 0.166667 0.444444 0.111111 0.111111 0 0 0 0 0 0 

480 455 343 53 0 0.703297 0 0 0 0 0 0 0 0 0 0 0 0 0 0 0 0 0 0 0 0 0 0 0 0.285714 0.571429 0 0.142857 0 0 0 0 0 0 

608 596 437 53 0 0.536913 0 0 0 0 0 0 0 0 0 0 0 0 0 0 0 0 0 0 0 0 0.0555556 0.166667 0.166667 0.111111 0.222222 0.222222 0.0555556 0 0 0 0 0 0 

480 456 341 53 0 0.701754 0 0 0 0 0 0 0 0 0 0 0 0 0 0 0 0 0 0 0 0 0 0.142857 0 0.285714 0.214286 0.285714 0 0.0714286 0 0 0 0 0 

544 528 393 53 0 0.606061 0 0 0 0 0 0 0 0 0 0 0 0 0 0 0 0 0 0 0 0 0 0.125 0.125 0.3125 0.1875 0.125 0 0.125 0 0 0 0 0 

544 533 391 53 0 0.600375 0 0 0 0 0 0 0 0 0 0 0 0 0 0 0 0 0 0 0 0 0 0.125 0.25 0.1875 0.25 0.1875 0 0 0 0 0 0 0 

704 685 485 53 0 0.467153 0 0 0 0 0 0 0 0 0 0 0 0 0 0 0 0 0 0 0 0 0.0952381 0.142857 0.285714 0.285714 0.142857 0 0 0.047619 0 0 0 0 0 

608 596 448 53 0 0.536913 0 0 0 0 0 0 0 0 0 0 0 0 0 0 0 0 0 0 0 0.0555556 0.0555556 0 0.0555556 0.277778 0.111111 0.277778 0.111111 0.0555556 0 0 0 0 0 

672 648 471 53 0 0.493827 0 0 0 0 0 0 0 0 0 0 0 0 0 0 0 0 0 0 0 0 0.1 0.05 0.15 0.25 0.25 0.15 0.05 0 0 0 0 0 0 

544 533 391 53 0 0.600375 0 0 0 0 0 0 0 0 0 0 0 0 0 0 0 0 0 0 0 0 0.125 0.0625 0.1875 0.125 0.25 0.1875 0.0625 0 0 0 0 0 0 

672 648 466 53 0 0.493827 0 0 0 0 0 0 0 0 0 0 0 0 0 0 0 0 0 0 0 0 0.15 0 0.3 0.05 0.35 0.15 0 0 0 0 0 0 0 

672 649 466 53 0 0.493066 0 0 0 0 0 0 0 0 0 0 0 0 0 0 0 0 0 0 0 0.05 0.1 0.1 0.15 0.15 0.25 0.15 0.05 0 0 0 0 0 0 

608 597 435 53 0 0.536013 0 0 0 0 0 0 0 0 0 0 0 0 0 0 0 0 0 0 0.0555556 0 0.0555556 0.0555556 0.166667 0.222222 0.222222 0.166667 0.0555556 0 0 0 0 0 0 

544 533 394 53 0 0.600375 0 0 0 0 0 0 0 0 0 0 0 0 0 0 0 0 0 0 0 0.0625 0.0625 0.125 0.0625 0.125 0.25 0.125 0.1875 0 0 0 0 0 0 

544 537 390 53 0 0.595903 0 0 0 0 0 0 0 0 0 0 0 0 0 0 0 0 0 0 0 0 0.0625 0.1875 0.125 0.3125 0.1875 0.0625 0.0625 0 0 0 0 0 0 

544 520 384 53 0 0.615385 0 0 0 0 0 0 0 0 0 0 0 0 0 0 0 0 0 0 0 0.0625 0 0.0625 0.125 0.25 0.1875 0.1875 0.0625 0.0625 0 0 0 0 0 

672 649 462 53 0 0.493066 0 0 0 0 0 0 0 0 0 0 0 0 0 0 0 0 0 0 0 0.05 0.1 0.1 0.15 0.1 0.5 0 0 0 0 0 0 0 0 

544 534 394 53 0 0.599251 0 0 0 0 0 0 0 0 0 0 0 0 0 0 0 0 0 0 0 0 0.1875 0 0.1875 0.1875 0.125 0.125 0.125 0.0625 0 0 0 0 0 

608 592 441 53 0 0.540541 0 0 0 0 0 0 0 0 0 0 0 0 0 0 0 0 0 0 0 0 0.0555556 0.111111 0.166667 0 0.222222 0.388889 0.0555556 0 0 0 0 0 0 

608 596 446 53 0 0.536913 0 0 0 0 0 0 0 0 0 0 0 0 0 0 0 0 0 0 0 0 0 0.111111 0.166667 0.222222 0.166667 0.166667 0.111111 0.0555556 0 0 0 0 0 

672 647 466 53 0 0.49459 0 0 0 0 0 0 0 0 0 0 0 0 0 0 0 0 0 0 0 0.05 0.05 0.15 0.15 0.15 0.2 0.2 0.05 0 0 0 0 0 0 

672 649 464 53 0 0.493066 0 0 0 0 0 0 0 0 0 0 0 0 0 0 0 0 0 0 0 0 0.1 0.15 0.25 0.15 0.15 0.15 0.05 0 0 0 0 0 0 

544 534 391 53 0 0.599251 0 0 0 0 0 0 0 0 0 0 0 0 0 0 0 0 0 0 0 0 0 0.1875 0.125 0.25 0.3125 0.125 0 0 0 0 0 0 0 

608 596 434 53 0 0.536913 0 0 0 0 0 0 0 0 0 0 0 0 0 0 0 0 0 0 0 0.0555556 0.0555556 0 0.222222 0.277778 0.277778 0 0.111111 0 0 0 0 0 0 

544 533 386 53 0 0.600375 0 0 0 0 0 0 0 0 0 0 0 0 0 0 0 0 0 0 0 0 0.125 0.125 0.125 0.25 0.1875 0.1875 0 0 0 0 0 0 0 

608 596 440 53 0 0.536913 0 0 0 0 0 0 0 0 0 0 0 0 0 0 0 0 0 0 0 0 0.0555556 0.111111 0.111111 0.166667 0.277778 0.277778 0 0 0 0 0 0 0 

608 593 441 53 0 0.539629 0 0 0 0 0 0 0 0 0 0 0 0 0 0 0 0 0 0 0 0 0 0.166667 0.111111 0.222222 0.166667 0.166667 0.166667 0 0 0 0 0 0 

544 534 399 53 0 0.599251 0 0 0 0 0 0 0 0 0 0 0 0 0 0 0 0 0 0 0 0 0 0.0625 0.125 0.3125 0.3125 0.125 0 0.0625 0 0 0 0 0 

544 533 399 53 0 0.600375 0 0 0 0 0 0 0 0 0 0 0 0 0 0 0 0 0 0 0 0 0.0625 0 0.1875 0.3125 0.125 0.125 0.125 0.0625 0 0 0 0 0 

544 533 397 53 0 0.600375 0 0 0 0 0 0 0 0 0 0 0 0 0 0 0 0 0 0 0 0 0.0625 0 0.125 0.3125 0.375 0.0625 0 0 0.0625 0 0 0 0 

544 533 394 53 0 0.600375 0 0 0 0 0 0 0 0 0 0 0 0 0 0 0 0 0 0 0 0 0.0625 0.0625 0.125 0.25 0.25 0.25 0 0 0 0 0 0 0 

608 597 434 53 0 0.536013 0 0 0 0 0 0 0 0 0 0 0 0 0 0 0 0 0 0 0 0.0555556 0.0555556 0.166667 0.111111 0.111111 0.277778 0.166667 0.0555556 0 0 0 0 0 0 

544 537 400 53 0 0.595903 0 0 0 0 0 0 0 0 0 0 0 0 0 0 0 0 0 0 0 0 0.0625 0.1875 0 0.1875 0.1875 0.3125 0.0625 0 0 0 0 0 0 

608 597 441 53 0 0.536013 0 0 0 0 0 0 0 0 0 0 0 0 0 0 0 0 0 0 0 0 0.111111 0.111111 0.0555556 0.111111 0.277778 0.333333 0 0 0 0 0 0 0 

544 534 393 53 0 0.599251 0 0 0 0 0 0 0 0 0 0 0 0 0 0 0 0 0 0 0 0 0.0625 0 0.125 0.4375 0.25 0.125 0 0 0 0 0 0 0 

672 648 455 53 0 0.493827 0 0 0 0 0 0 0 0 0 0 0 0 0 0 0 0 0 0 0 0.05 0.05 0.25 0.2 0.2 0.15 0.05 0.05 0 0 0 0 0 0 

544 533 405 53 0 0.600375 0 0 0 0 0 0 0 0 0 0 0 0 0 0 0 0 0 0 0 0 0 0 0.125 0.125 0.4375 0.25 0.0625 0 0 0 0 0 0 

544 534 397 53 0 0.599251 0 0 0 0 0 0 0 0 0 0 0 0 0 0 0 0 0 0 0 0 0 0.0625 0.1875 0.1875 0.4375 0.0625 0.0625 0 0 0 0 0 0 

608 596 442 53 0 0.536913 0 0 0 0 0 0 0 0 0 0 0 0 0 0 0 0 0 0 0 0 0 0.111111 0.111111 0.277778 0.222222 0.277778 0 0 0 0 0 0 0 

544 533 409 53 0 0.600375 0 0 0 0 0 0 0 0 0 0 0 0 0 0 0 0 0 0 0 0 0 0 0.125 0.25 0.1875 0.1875 0.1875 0.0625 0 0 0 0 0 

672 648 464 53 0 0.493827 0 0 0 0 0 0 0 0 0 0 0 0 0 0 0 0 0 0 0 0 0 0.1 0.45 0.25 0.05 0.1 0 0.05 0 0 0 0 0 

544 532 407 53 0 0.601504 0 0 0 0 0 0 0 0 0 0 0 0 0 0 0 0 0 0 0 0 0.0625 0 0.125 0.0625 0.1875 0.375 0.1875 0 0 0 0 0 0 

480 456 343 53 0 0.701754 0 0 0 0 0 0 0 0 0 0 0 0 0 0 0 0 0 0 0 0 0 0.0714286 0.0714286 0.214286 0.285714 0.214286 0.142857 0 0 0 0 0 0 

672 648 450 53 0 0.493827 0 0 0 0 0 0 0 0 0 0 0 0 0 0 0 0 0 0 0 0.05 0.1 0.2 0.25 0.25 0.1 0 0.05 0 0 0 0 0 0 

544 534 398 53 0 0.599251 0 0 0 0 0 0 0 0 0 0 0 0 0 0 0 0 0 0 0 0 0 0.1875 0.125 0.25 0.125 0.125 0.125 0.0625 0 0 0 0 0 

544 534 389 53 0 0.599251 0 0 0 0 0 0 0 0 0 0 0 0 0 0 0 0 0 0 0.0625 0 0 0.1875 0.0625 0.1875 0.3125 0.1875 0 0 0 0 0 0 0 

480 455 353 53 0 0.703297 0 0 0 0 0 0 0 0 0 0 0 0 0 0 0 0 0 0 0 0 0 0 0 0.142857 0.357143 0.357143 0 0.0714286 0.0714286 0 0 0 0 

608 596 421 53 0 0.536913 0 0 0 0 0 0 0 0 0 0 0 0 0 0 0 0 0.0555556 0 0 0.111111 0.0555556 0.111111 0.166667 0.111111 0.222222 0.0555556 0.111111 0 0 0 0 0 0 

544 533 399 53 0 0.600375 0 0 0 0 0 0 0 0 0 0 0 0 0 0 0 0 0 0 0 0 0 0.125 0.0625 0.125 0.5 0.125 0.0625 0 0 0 0 0 0 

544 534 395 53 0 0.599251 0 0 0 0 0 0 0 0 0 0 0 0 0 0 0 0 0 0 0 0 0.0625 0.125 0.0625 0.3125 0.1875 0.125 0.125 0 0 0 0 0 0 

608 591 439 53 0 0.541455 0 0 0 0 0 0 0 0 0 0 0 0 0 0 0 0 0 0 0 0 0.111111 0.0555556 0.0555556 0.166667 0.333333 0.111111 0.166667 0 0 0 0 0 0 

672 649 463 53 0 0.493066 0 0 0 0 0 0 0 0 0 0 0 0 0 0 0 0 0 0 0 0 0.05 0.25 0.2 0.2 0.2 0 0.05 0.05 0 0 0 0 0 

544 533 396 53 0 0.600375 0 0 0 0 0 0 0 0 0 0 0 0 0 0 0 0 0 0 0 0 0 0.0625 0.1875 0.1875 0.375 0.1875 0 0 0 0 0 0 0 

672 649 465 53 0 0.493066 0 0 0 0 0 0 0 0 0 0 0 0 0 0 0 0 0 0 0.05 0 0.05 0.1 0.15 0.25 0.25 0.15 0 0 0 0 0 0 0 

672 648 464 53 0 0.493827 0 0 0 0 0 0 0 0 0 0 0 0 0 0 0 0 0 0 0.05 0.1 0 0.1 0.15 0.2 0.15 0.2 0 0 0.05 0 0 0 0 

608 596 435 53 0 0.536913 0 0 0 0 0 0 0 0 0 0 0 0 0 0 0 0 0 0 0 0 0 0.0555556 0.277778 0.388889 0.111111 0.166667 0 0 0 0 0 0 0 

608 597 433 53 0 0.536013 0 0 0 0 0 0 0 0 0 0 0 0 0 0 0 0 0 0 0 0 0.111111 0.111111 0.166667 0.222222 0.166667 0.222222 0 0 0 0 0 0 0 

544 533 392 53 0 0.600375 0 0 0 0 0 0 0 0 0 0 0 0 0 0 0 0 0 0 0 0.0625 0 0.0625 0.125 0.25 0.375 0.0625 0.0625 0 0 0 0 0 0 

608 596 429 53 0 0.536913 0 0 0 0 0 0 0 0 0 0 0 0 0 0 0 0 0.0555556 0 0 0 0 0.111111 0.333333 0.166667 0.166667 0.0555556 0.0555556 0.0555556 0 0 0 0 0 

672 647 458 53 0 0.49459 0 0 0 0 0 0 0 0 0 0 0 0 0 0 0 0.05 0 0 0 0.05 0.05 0.1 0.15 0.25 0.15 0.1 0.1 0 0 0 0 0 0 

544 533 398 53 0 0.600375 0 0 0 0 0 0 0 0 0 0 0 0 0 0 0 0 0 0 0 0 0 0.0625 0.125 0.25 0.375 0.125 0.0625 0 0 0 0 0 0 

608 596 436 53 0 0.536913 0 0 0 0 0 0 0 0 0 0 0 0 0 0 0 0 0 0 0 0 0.0555556 0.0555556 0.333333 0.111111 0.222222 0.166667 0.0555556 0 0 0 0 0 0 

608 596 438 53 0 0.536913 0 0 0 0 0 0 0 0 0 0 0 0 0 0 0 0 0 0 0 0 0 0.111111 0.166667 0.277778 0.333333 0.0555556 0.0555556 0 0 0 0 0 0 

544 533 403 53 0 0.600375 0 0 0 0 0 0 0 0 0 0 0 0 0 0 0 0 0 0 0 0 0 0 0.25 0.25 0.125 0.1875 0.125 0.0625 0 0 0 0 0 

608 597 426 53 0 0.536013 0 0 0 0 0 0 0 0 0 0 0 0 0 0 0 0 0 0 0.0555556 0 0.166667 0 0.222222 0.222222 0.222222 0.0555556 0.0555556 0 0 0 0 0 0 

544 533 398 53 0 0.600375 0 0 0 0 0 0 0 0 0 0 0 0 0 0 0 0 0 0 0 0 0.0625 0 0.3125 0.125 0.1875 0.0625 0.25 0 0 0 0 0 0 

544 534 394 53 0 0.599251 0 0 0 0 0 0 0 0 0 0 0 0 0 0 0 0 0 0 0 0 0.125 0.125 0.0625 0.25 0.125 0.125 0.1875 0 0 0 0 0 0 

704 685 488 53 0 0.467153 0 0 0 0 0 0 0 0 0 0 0 0 0 0 0 0 0 0 0.047619 0.047619 0 0.0952381 0.333333 0.0952381 0.190476 0.190476 0 0 0 0 0 0 0 

480 456 346 53 0 0.701754 0 0 0 0 0 0 0 0 0 0 0 0 0 0 0 0 0 0 0 0 0 0.142857 0.0714286 0.142857 0.142857 0.214286 0.214286 0.0714286 0 0 0 0 0 

544 533 397 53 0 0.600375 0 0 0 0 0 0 0 0 0 0 0 0 0 0 0 0 0 0 0 0 0.125 0.0625 0 0.25 0.25 0.1875 0.125 0 0 0 0 0 0 

544 533 401 53 0 0.600375 0 0 0 0 0 0 0 0 0 0 0 0 0 0 0 0 0 0 0 0 0 0.125 0.125 0.25 0.125 0.1875 0.125 0.0625 0 0 0 0 0 

