544 528 393 53 0 0.606061 0 0 0 0 0 0 0 0 0 0 0 0 0 0 0 0 0 0 0 0 0.0625 0 0.125 0.375 0.1875 0.0625 0.1875 0 0 0 0 0 0 

544 527 400 53 0 0.607211 0 0 0 0 0 0 0 0 0 0 0 0 0 0 0 0 0 0 0 0 0 0.125 0 0.125 0.3125 0.3125 0.125 0 0 0 0 0 0 

544 527 383 53 0 0.607211 0 0 0 0 0 0 0 0 0 0 0 0 0 0 0 0 0 0 0 0 0 0.125 0.3125 0.25 0.1875 0.0625 0 0.0625 0 0 0 0 0 

544 529 383 53 0 0.604915 0 0 0 0 0 0 0 0 0 0 0 0 0 0 0 0 0 0 0 0 0.1875 0 0.1875 0.1875 0.3125 0.0625 0.0625 0 0 0 0 0 0 

576 565 419 53 0 0.566372 0 0 0 0 0 0 0 0 0 0 0 0 0 0 0 0 0 0 0 0 0.0588235 0 0.294118 0.176471 0.117647 0.294118 0.0588235 0 0 0 0 0 0 

544 528 392 53 0 0.606061 0 0 0 0 0 0 0 0 0 0 0 0 0 0 0 0 0 0 0 0 0.0625 0.125 0 0.25 0.25 0.25 0.0625 0 0 0 0 0 0 

576 565 422 53 0 0.566372 0 0 0 0 0 0 0 0 0 0 0 0 0 0 0 0 0 0 0 0 0.0588235 0.117647 0 0.235294 0.235294 0.294118 0.0588235 0 0 0 0 0 0 

576 565 407 53 0 0.566372 0 0 0 0 0 0 0 0 0 0 0 0 0 0 0 0 0 0 0 0.117647 0 0.117647 0.176471 0.176471 0.235294 0.176471 0 0 0 0 0 0 0 

576 567 423 53 0 0.564374 0 0 0 0 0 0 0 0 0 0 0 0 0 0 0 0 0 0 0 0 0 0.0588235 0.176471 0.176471 0.352941 0.235294 0 0 0 0 0 0 0 

576 565 417 53 0 0.566372 0 0 0 0 0 0 0 0 0 0 0 0 0 0 0 0 0 0 0 0 0.0588235 0.117647 0 0.294118 0.352941 0.176471 0 0 0 0 0 0 0 

576 565 414 53 0 0.566372 0 0 0 0 0 0 0 0 0 0 0 0 0 0 0 0 0 0 0 0 0.0588235 0 0.235294 0.294118 0.294118 0.117647 0 0 0 0 0 0 0 

672 648 472 53 0 0.493827 0 0 0 0 0 0 0 0 0 0 0 0 0 0 0 0 0 0 0 0.05 0 0.05 0.2 0.3 0.2 0.1 0.1 0 0 0 0 0 0 

576 565 425 53 0 0.566372 0 0 0 0 0 0 0 0 0 0 0 0 0 0 0 0 0 0 0 0 0 0.117647 0.176471 0.117647 0.294118 0.0588235 0.176471 0.0588235 0 0 0 0 0 

576 565 411 53 0 0.566372 0 0 0 0 0 0 0 0 0 0 0 0 0 0 0 0 0 0 0 0.0588235 0.117647 0.117647 0 0.117647 0.411765 0.176471 0 0 0 0 0 0 0 

544 530 402 53 0 0.603774 0 0 0 0 0 0 0 0 0 0 0 0 0 0 0 0 0 0 0 0 0 0 0.0625 0.3125 0.3125 0.1875 0.125 0 0 0 0 0 0 

544 530 400 53 0 0.603774 0 0 0 0 0 0 0 0 0 0 0 0 0 0 0 0 0 0 0 0 0.0625 0.0625 0.0625 0.1875 0.125 0.375 0.125 0 0 0 0 0 0 

544 527 398 53 0 0.607211 0 0 0 0 0 0 0 0 0 0 0 0 0 0 0 0 0 0 0 0 0 0 0.125 0.1875 0.4375 0.125 0.125 0 0 0 0 0 0 

672 652 486 53 0 0.490798 0 0 0 0 0 0 0 0 0 0 0 0 0 0 0 0 0 0 0.05 0 0 0 0.2 0.15 0.25 0.15 0.2 0 0 0 0 0 0 

576 565 417 53 0 0.566372 0 0 0 0 0 0 0 0 0 0 0 0 0 0 0 0 0 0 0 0 0 0.0588235 0.176471 0.470588 0.176471 0 0.0588235 0.0588235 0 0 0 0 0 

576 565 411 53 0 0.566372 0 0 0 0 0 0 0 0 0 0 0 0 0 0 0 0 0 0 0 0 0.0588235 0.117647 0.235294 0.235294 0.117647 0.235294 0 0 0 0 0 0 0 

576 565 421 53 0 0.566372 0 0 0 0 0 0 0 0 0 0 0 0 0 0 0 0 0 0 0 0 0.0588235 0.176471 0 0.176471 0.294118 0.117647 0.176471 0 0 0 0 0 0 

544 528 397 53 0 0.606061 0 0 0 0 0 0 0 0 0 0 0 0 0 0 0 0 0 0 0 0 0.0625 0.125 0 0.125 0.3125 0.25 0.0625 0.0625 0 0 0 0 0 

544 529 389 53 0 0.604915 0 0 0 0 0 0 0 0 0 0 0 0 0 0 0 0 0 0 0 0 0.0625 0.125 0.125 0.25 0.1875 0.125 0.125 0 0 0 0 0 0 

576 565 419 53 0 0.566372 0 0 0 0 0 0 0 0 0 0 0 0 0 0 0 0 0 0 0 0 0 0 0.176471 0.411765 0.235294 0.176471 0 0 0 0 0 0 0 

672 648 472 53 0 0.493827 0 0 0 0 0 0 0 0 0 0 0 0 0 0 0 0 0 0 0 0 0.05 0.05 0.3 0.2 0.1 0.25 0.05 0 0 0 0 0 0 

576 565 413 53 0 0.566372 0 0 0 0 0 0 0 0 0 0 0 0 0 0 0 0 0 0 0 0.0588235 0 0 0.352941 0.176471 0.235294 0.117647 0.0588235 0 0 0 0 0 0 

576 565 419 53 0 0.566372 0 0 0 0 0 0 0 0 0 0 0 0 0 0 0 0 0 0 0 0 0 0.0588235 0.176471 0.352941 0.235294 0.0588235 0.117647 0 0 0 0 0 0 

704 678 486 53 0 0.471976 0 0 0 0 0 0 0 0 0 0 0 0 0 0 0 0 0 0 0 0 0 0.190476 0.333333 0.0952381 0.238095 0.0952381 0.047619 0 0 0 0 0 0 

576 565 410 53 0 0.566372 0 0 0 0 0 0 0 0 0 0 0 0 0 0 0 0 0 0 0 0 0.0588235 0.294118 0.0588235 0.176471 0.176471 0.176471 0.0588235 0 0 0 0 0 0 

576 565 424 53 0 0.566372 0 0 0 0 0 0 0 0 0 0 0 0 0 0 0 0 0 0 0 0 0 0 0.176471 0.294118 0.235294 0.235294 0.0588235 0 0 0 0 0 0 

576 565 424 53 0 0.566372 0 0 0 0 0 0 0 0 0 0 0 0 0 0 0 0 0 0 0 0.0588235 0.0588235 0 0.0588235 0.294118 0.0588235 0.294118 0.176471 0 0 0 0 0 0 

544 528 383 53 0 0.606061 0 0 0 0 0 0 0 0 0 0 0 0 0 0 0 0 0 0 0 0 0.125 0.0625 0.1875 0.25 0.125 0.25 0 0 0 0 0 0 0 

576 565 414 53 0 0.566372 0 0 0 0 0 0 0 0 0 0 0 0 0 0 0 0 0 0 0 0 0 0.0588235 0.352941 0.235294 0.235294 0 0.117647 0 0 0 0 0 0 

544 526 382 53 0 0.608365 0 0 0 0 0 0 0 0 0 0 0 0 0 0 0 0 0 0 0 0.0625 0.0625 0.0625 0.3125 0.125 0.0625 0.125 0.1875 0 0 0 0 0 0 

576 567 411 53 0 0.564374 0 0 0 0 0 0 0 0 0 0 0 0 0 0 0 0 0 0 0 0 0.117647 0.0588235 0.235294 0.176471 0.294118 0.117647 0 0 0 0 0 0 0 

576 565 398 53 0 0.566372 0 0 0 0 0 0 0 0 0 0 0 0 0 0 0 0 0 0 0 0 0.294118 0.117647 0.235294 0.0588235 0.0588235 0.235294 0 0 0 0 0 0 0 

576 565 415 53 0 0.566372 0 0 0 0 0 0 0 0 0 0 0 0 0 0 0 0 0 0 0 0 0.0588235 0.0588235 0.294118 0.176471 0.176471 0.176471 0 0.0588235 0 0 0 0 0 

576 565 418 53 0 0.566372 0 0 0 0 0 0 0 0 0 0 0 0 0 0 0 0 0 0 0 0 0.0588235 0.0588235 0.176471 0.294118 0.117647 0.176471 0.117647 0 0 0 0 0 0 

544 527 398 53 0 0.607211 0 0 0 0 0 0 0 0 0 0 0 0 0 0 0 0 0 0 0 0 0 0 0.125 0.375 0.0625 0.375 0 0.0625 0 0 0 0 0 

576 565 419 53 0 0.566372 0 0 0 0 0 0 0 0 0 0 0 0 0 0 0 0 0 0 0.0588235 0 0 0.0588235 0.117647 0.176471 0.294118 0.235294 0.0588235 0 0 0 0 0 0 

672 648 457 53 0 0.493827 0 0 0 0 0 0 0 0 0 0 0 0 0 0 0 0 0 0 0 0.05 0.2 0.05 0.15 0.3 0.05 0.15 0.05 0 0 0 0 0 0 

576 565 420 53 0 0.566372 0 0 0 0 0 0 0 0 0 0 0 0 0 0 0 0 0 0 0 0 0 0.117647 0.235294 0.0588235 0.294118 0.235294 0.0588235 0 0 0 0 0 0 

544 527 391 53 0 0.607211 0 0 0 0 0 0 0 0 0 0 0 0 0 0 0 0 0 0 0 0 0 0.1875 0.1875 0.1875 0 0.25 0.1875 0 0 0 0 0 0 

704 678 493 53 0 0.471976 0 0 0 0 0 0 0 0 0 0 0 0 0 0 0 0 0 0 0 0 0.047619 0.0952381 0.190476 0.238095 0.190476 0.190476 0.047619 0 0 0 0 0 0 

704 678 476 53 0 0.471976 0 0 0 0 0 0 0 0 0 0 0 0 0 0 0 0 0 0 0.047619 0.047619 0 0.238095 0.333333 0 0.142857 0.0952381 0.0952381 0 0 0 0 0 0 

672 648 477 53 0 0.493827 0 0 0 0 0 0 0 0 0 0 0 0 0 0 0 0 0 0 0 0 0.05 0.05 0.15 0.25 0.3 0.1 0.05 0.05 0 0 0 0 0 

576 565 409 53 0 0.566372 0 0 0 0 0 0 0 0 0 0 0 0 0 0 0 0 0 0 0 0.0588235 0.117647 0.0588235 0.117647 0.294118 0.176471 0.0588235 0.117647 0 0 0 0 0 0 

576 567 413 53 0 0.564374 0 0 0 0 0 0 0 0 0 0 0 0 0 0 0 0 0 0 0 0 0 0.117647 0.117647 0.529412 0.176471 0.0588235 0 0 0 0 0 0 0 

576 565 410 53 0 0.566372 0 0 0 0 0 0 0 0 0 0 0 0 0 0 0 0 0 0 0.0588235 0 0.0588235 0.117647 0.117647 0.235294 0.176471 0.176471 0.0588235 0 0 0 0 0 0 

576 567 426 53 0 0.564374 0 0 0 0 0 0 0 0 0 0 0 0 0 0 0 0 0 0 0 0 0 0.0588235 0.117647 0.176471 0.470588 0.0588235 0.117647 0 0 0 0 0 0 

672 652 482 53 0 0.490798 0 0 0 0 0 0 0 0 0 0 0 0 0 0 0 0 0 0 0 0.05 0 0 0.25 0.15 0.25 0.2 0.1 0 0 0 0 0 0 

576 565 408 53 0 0.566372 0 0 0 0 0 0 0 0 0 0 0 0 0 0 0 0 0 0 0 0 0 0.117647 0.294118 0.352941 0.176471 0.0588235 0 0 0 0 0 0 0 

576 565 414 53 0 0.566372 0 0 0 0 0 0 0 0 0 0 0 0 0 0 0 0 0 0 0 0 0.0588235 0.0588235 0.235294 0.294118 0.176471 0.0588235 0.117647 0 0 0 0 0 0 

576 565 421 53 0 0.566372 0 0 0 0 0 0 0 0 0 0 0 0 0 0 0 0 0 0 0 0 0.0588235 0 0.176471 0.117647 0.470588 0.117647 0.0588235 0 0 0 0 0 0 

576 565 415 53 0 0.566372 0 0 0 0 0 0 0 0 0 0 0 0 0 0 0 0 0 0 0 0.0588235 0 0.117647 0.117647 0.235294 0.235294 0.176471 0.0588235 0 0 0 0 0 0 

544 528 389 53 0 0.606061 0 0 0 0 0 0 0 0 0 0 0 0 0 0 0 0 0 0 0 0 0.125 0.0625 0.125 0.1875 0.1875 0.1875 0.125 0 0 0 0 0 0 

544 527 379 53 0 0.607211 0 0 0 0 0 0 0 0 0 0 0 0 0 0 0 0 0 0 0 0.0625 0.125 0.125 0.125 0.0625 0.25 0.25 0 0 0 0 0 0 0 

576 564 403 53 0 0.567376 0 0 0 0 0 0 0 0 0 0 0 0 0 0 0 0 0 0 0 0.0588235 0.0588235 0.117647 0.235294 0.294118 0.176471 0 0 0.0588235 0 0 0 0 0 

576 565 410 53 0 0.566372 0 0 0 0 0 0 0 0 0 0 0 0 0 0 0 0 0 0 0 0 0 0.117647 0.176471 0.470588 0.176471 0.0588235 0 0 0 0 0 0 0 

576 565 431 53 0 0.566372 0 0 0 0 0 0 0 0 0 0 0 0 0 0 0 0 0 0 0 0 0 0 0.117647 0.294118 0.0588235 0.411765 0.117647 0 0 0 0 0 0 

576 565 415 53 0 0.566372 0 0 0 0 0 0 0 0 0 0 0 0 0 0 0 0 0 0 0 0 0.0588235 0.117647 0.117647 0.294118 0.176471 0.176471 0.0588235 0 0 0 0 0 0 

672 648 476 53 0 0.493827 0 0 0 0 0 0 0 0 0 0 0 0 0 0 0 0 0 0 0 0 0.05 0.05 0.2 0.25 0.2 0.15 0.05 0.05 0 0 0 0 0 

576 565 415 53 0 0.566372 0 0 0 0 0 0 0 0 0 0 0 0 0 0 0 0 0 0 0 0.0588235 0 0.0588235 0.176471 0.235294 0.352941 0 0.117647 0 0 0 0 0 0 

576 565 417 53 0 0.566372 0 0 0 0 0 0 0 0 0 0 0 0 0 0 0 0 0 0 0 0 0 0.176471 0.117647 0.235294 0.294118 0.117647 0 0.0588235 0 0 0 0 0 

576 565 417 53 0 0.566372 0 0 0 0 0 0 0 0 0 0 0 0 0 0 0 0 0 0 0 0 0 0 0.294118 0.235294 0.352941 0.117647 0 0 0 0 0 0 0 

576 565 421 53 0 0.566372 0 0 0 0 0 0 0 0 0 0 0 0 0 0 0 0 0 0 0 0 0 0 0.352941 0.117647 0.294118 0.117647 0.117647 0 0 0 0 0 0 

576 565 416 53 0 0.566372 0 0 0 0 0 0 0 0 0 0 0 0 0 0 0 0 0 0 0 0 0 0 0.294118 0.352941 0.235294 0.0588235 0.0588235 0 0 0 0 0 0 

544 527 389 53 0 0.607211 0 0 0 0 0 0 0 0 0 0 0 0 0 0 0 0 0 0 0 0 0 0.125 0.1875 0.25 0.125 0.25 0.0625 0 0 0 0 0 0 

672 648 475 53 0 0.493827 0 0 0 0 0 0 0 0 0 0 0 0 0 0 0 0 0 0 0 0 0 0.1 0.15 0.3 0.2 0.25 0 0 0 0 0 0 0 

544 527 394 53 0 0.607211 0 0 0 0 0 0 0 0 0 0 0 0 0 0 0 0 0 0 0 0.0625 0 0 0.125 0.1875 0.375 0.0625 0.1875 0 0 0 0 0 0 

576 565 406 53 0 0.566372 0 0 0 0 0 0 0 0 0 0 0 0 0 0 0 0 0 0 0.0588235 0.0588235 0.0588235 0.0588235 0.235294 0.117647 0.235294 0.117647 0 0.0588235 0 0 0 0 0 

576 567 430 53 0 0.564374 0 0 0 0 0 0 0 0 0 0 0 0 0 0 0 0 0 0 0 0 0 0.0588235 0.235294 0.176471 0.117647 0.0588235 0.352941 0 0 0 0 0 0 

576 565 423 53 0 0.566372 0 0 0 0 0 0 0 0 0 0 0 0 0 0 0 0 0 0 0 0 0.0588235 0.0588235 0.117647 0.117647 0.294118 0.294118 0.0588235 0 0 0 0 0 0 

672 648 475 53 0 0.493827 0 0 0 0 0 0 0 0 0 0 0 0 0 0 0 0 0 0 0.05 0 0.1 0.05 0.1 0.1 0.25 0.2 0.15 0 0 0 0 0 0 

704 678 487 53 0 0.471976 0 0 0 0 0 0 0 0 0 0 0 0 0 0 0 0 0 0 0 0.047619 0.190476 0 0 0.333333 0.285714 0.047619 0.0952381 0 0 0 0 0 0 

576 565 408 53 0 0.566372 0 0 0 0 0 0 0 0 0 0 0 0 0 0 0 0 0 0 0 0.0588235 0.117647 0.117647 0.117647 0.235294 0.117647 0.117647 0.117647 0 0 0 0 0 0 

544 529 380 53 0 0.604915 0 0 0 0 0 0 0 0 0 0 0 0 0 0 0 0 0 0 0 0 0.0625 0.1875 0.25 0.1875 0.1875 0.0625 0.0625 0 0 0 0 0 0 

576 565 419 53 0 0.566372 0 0 0 0 0 0 0 0 0 0 0 0 0 0 0 0 0 0 0 0.0588235 0.0588235 0 0.117647 0.294118 0.176471 0.117647 0.176471 0 0 0 0 0 0 

544 529 385 53 0 0.604915 0 0 0 0 0 0 0 0 0 0 0 0 0 0 0 0 0 0 0 0 0 0.125 0.3125 0.1875 0.25 0.0625 0.0625 0 0 0 0 0 0 

576 565 412 53 0 0.566372 0 0 0 0 0 0 0 0 0 0 0 0 0 0 0 0 0 0 0 0 0.117647 0.0588235 0.235294 0.0588235 0.352941 0.176471 0 0 0 0 0 0 0 

672 652 464 53 0 0.490798 0 0 0 0 0 0 0 0 0 0 0 0 0 0 0 0 0 0 0 0.05 0 0.1 0.4 0.2 0.1 0.15 0 0 0 0 0 0 0 

576 565 411 53 0 0.566372 0 0 0 0 0 0 0 0 0 0 0 0 0 0 0 0 0 0 0 0.0588235 0 0.117647 0.117647 0.411765 0.117647 0.117647 0.0588235 0 0 0 0 0 0 

576 565 409 53 0 0.566372 0 0 0 0 0 0 0 0 0 0 0 0 0 0 0 0 0 0 0 0 0.0588235 0.176471 0.176471 0.294118 0.117647 0.117647 0.0588235 0 0 0 0 0 0 

576 565 414 53 0 0.566372 0 0 0 0 0 0 0 0 0 0 0 0 0 0 0 0 0 0 0 0 0.0588235 0.176471 0.235294 0 0.235294 0.235294 0.0588235 0 0 0 0 0 0 

672 652 478 53 0 0.490798 0 0 0 0 0 0 0 0 0 0 0 0 0 0 0 0 0 0 0 0.05 0.05 0 0.15 0.3 0.15 0.25 0.05 0 0 0 0 0 0 

576 567 417 53 0 0.564374 0 0 0 0 0 0 0 0 0 0 0 0 0 0 0 0 0 0 0 0.0588235 0 0.0588235 0.294118 0.117647 0.235294 0.117647 0.117647 0 0 0 0 0 0 

576 565 409 53 0 0.566372 0 0 0 0 0 0 0 0 0 0 0 0 0 0 0 0 0 0 0.0588235 0 0.117647 0.117647 0.117647 0.0588235 0.294118 0.176471 0.0588235 0 0 0 0 0 0 

576 565 411 53 0 0.566372 0 0 0 0 0 0 0 0 0 0 0 0 0 0 0 0 0 0 0 0.0588235 0.0588235 0.0588235 0.117647 0.294118 0.235294 0.176471 0 0 0 0 0 0 0 

576 565 408 53 0 0.566372 0 0 0 0 0 0 0 0 0 0 0 0 0 0 0 0 0 0 0 0.0588235 0.117647 0 0.176471 0.235294 0.294118 0.117647 0 0 0 0 0 0 0 

576 565 410 53 0 0.566372 0 0 0 0 0 0 0 0 0 0 0 0 0 0 0 0 0 0 0.0588235 0 0.0588235 0.117647 0.176471 0.0588235 0.294118 0.235294 0 0 0 0 0 0 0 

576 565 416 53 0 0.566372 0 0 0 0 0 0 0 0 0 0 0 0 0 0 0 0 0 0 0 0 0.0588235 0.117647 0.117647 0.117647 0.470588 0.0588235 0.0588235 0 0 0 0 0 0 

576 565 402 53 0 0.566372 0 0 0 0 0 0 0 0 0 0 0 0 0 0 0 0 0 0 0 0.0588235 0.176471 0.0588235 0.235294 0.117647 0.235294 0.0588235 0.0588235 0 0 0 0 0 0 

576 565 413 53 0 0.566372 0 0 0 0 0 0 0 0 0 0 0 0 0 0 0 0 0 0 0 0.0588235 0.117647 0.0588235 0.117647 0.117647 0.294118 0.117647 0.117647 0 0 0 0 0 0 

576 565 410 53 0 0.566372 0 0 0 0 0 0 0 0 0 0 0 0 0 0 0 0 0 0 0.0588235 0 0 0.117647 0.117647 0.294118 0.294118 0.117647 0 0 0 0 0 0 0 

576 565 424 53 0 0.566372 0 0 0 0 0 0 0 0 0 0 0 0 0 0 0 0 0 0 0 0 0 0.176471 0.0588235 0.176471 0.176471 0.294118 0.117647 0 0 0 0 0 0 

576 565 420 53 0 0.566372 0 0 0 0 0 0 0 0 0 0 0 0 0 0 0 0 0 0 0 0 0 0 0.411765 0.117647 0.176471 0.176471 0.117647 0 0 0 0 0 0 

672 648 479 53 0 0.493827 0 0 0 0 0 0 0 0 0 0 0 0 0 0 0 0 0 0 0 0.05 0 0.15 0.05 0.15 0.25 0.2 0.15 0 0 0 0 0 0 

704 678 483 53 0 0.471976 0 0 0 0 0 0 0 0 0 0 0 0 0 0 0 0 0 0 0 0.0952381 0.142857 0 0.142857 0.238095 0.190476 0.0952381 0.0952381 0 0 0 0 0 0 

576 565 411 53 0 0.566372 0 0 0 0 0 0 0 0 0 0 0 0 0 0 0 0 0 0 0 0 0.176471 0.0588235 0.176471 0.176471 0.176471 0.117647 0.117647 0 0 0 0 0 0 

576 565 415 53 0 0.566372 0 0 0 0 0 0 0 0 0 0 0 0 0 0 0 0 0 0 0 0 0.0588235 0.117647 0.235294 0.176471 0.0588235 0.294118 0.0588235 0 0 0 0 0 0 

