960 931 677 75 0 0.687433 0 0 0 0 0 0 0 0 0 0 0 0 0 0 0 0 0 0 0 0.0344828 0.0344828 0.0689655 0.103448 0.310345 0.241379 0.137931 0.0689655 0 0 0 0 0 0 

992 969 710 75 0 0.660475 0 0 0 0 0 0 0 0 0 0 0 0 0 0 0 0 0 0 0 0 0.0333333 0.0666667 0.2 0.2 0.233333 0.233333 0.0333333 0 0 0 0 0 0 

992 966 712 75 0 0.662526 0 0 0 0 0 0 0 0 0 0 0 0 0 0 0 0 0 0 0.0333333 0 0 0 0.166667 0.333333 0.2 0.166667 0.0666667 0.0333333 0 0 0 0 0 

1152 1128 797 75 0 0.567376 0 0 0 0 0 0 0 0 0 0 0 0 0 0 0 0 0 0 0.0571429 0.0857143 0.0285714 0.0571429 0.257143 0.142857 0.228571 0.0285714 0.114286 0 0 0 0 0 0 

1056 1030 735 75 0 0.621359 0 0 0 0 0 0 0 0 0 0 0 0 0 0 0 0 0 0 0 0.03125 0.125 0.0625 0.25 0.1875 0.15625 0.125 0.03125 0 0.03125 0 0 0 0 

960 931 686 75 0 0.687433 0 0 0 0 0 0 0 0 0 0 0 0 0 0 0 0 0 0 0 0.0344828 0.0344828 0 0.137931 0.241379 0.310345 0.103448 0.137931 0 0 0 0 0 0 

992 967 700 75 0 0.661841 0 0 0 0 0 0 0 0 0 0 0 0 0 0 0 0 0 0 0.0333333 0 0 0.133333 0.166667 0.166667 0.366667 0.0666667 0.0666667 0 0 0 0 0 0 

1088 1061 769 75 0 0.603205 0 0 0 0 0 0 0 0 0 0 0 0 0 0 0 0 0 0 0 0.030303 0 0.0606061 0.272727 0.30303 0.121212 0.121212 0.0606061 0.030303 0 0 0 0 0 

992 971 715 75 0 0.659114 0 0 0 0 0 0 0 0 0 0 0 0 0 0 0 0 0 0 0 0.0333333 0.0666667 0.0333333 0.0666667 0.3 0.266667 0.1 0.0666667 0.0666667 0 0 0 0 0 

992 969 709 75 0 0.660475 0 0 0 0 0 0 0 0 0 0 0 0 0 0 0 0 0 0 0 0.0333333 0.0333333 0.0333333 0.266667 0.2 0.133333 0.166667 0.1 0.0333333 0 0 0 0 0 

