480 468 346 53 0 0.683761 0 0 0 0 0 0 0 0 0 0 0 0 0 0 0 0 0 0 0 0.0714286 0.0714286 0 0.0714286 0.0714286 0.571429 0.142857 0 0 0 0 0 0 0 

576 553 408 53 0 0.578662 0 0 0 0 0 0 0 0 0 0 0 0 0 0 0 0 0 0 0 0 0 0.0588235 0.235294 0.235294 0.235294 0.176471 0 0.0588235 0 0 0 0 0 

576 549 398 53 0 0.582878 0 0 0 0 0 0 0 0 0 0 0 0 0 0 0 0 0 0 0 0 0 0.176471 0.0588235 0.352941 0.294118 0.117647 0 0 0 0 0 0 0 

640 624 454 53 0 0.512821 0 0 0 0 0 0 0 0 0 0 0 0 0 0 0 0 0 0 0 0.0526316 0 0.157895 0.157895 0.210526 0.210526 0.105263 0.105263 0 0 0 0 0 0 

576 548 393 53 0 0.583942 0 0 0 0 0 0 0 0 0 0 0 0 0 0 0 0 0 0 0 0 0.0588235 0.235294 0.0588235 0.294118 0.117647 0.235294 0 0 0 0 0 0 0 

480 463 351 53 0 0.691145 0 0 0 0 0 0 0 0 0 0 0 0 0 0 0 0 0 0 0 0 0.0714286 0.0714286 0.142857 0.0714286 0.142857 0.214286 0.214286 0.0714286 0 0 0 0 0 

448 434 330 53 0 0.737327 0 0 0 0 0 0 0 0 0 0 0 0 0 0 0 0 0 0 0 0 0 0.0769231 0 0.307692 0.153846 0.384615 0.0769231 0 0 0 0 0 0 

480 466 340 53 0 0.686695 0 0 0 0 0 0 0 0 0 0 0 0 0 0 0 0 0 0 0 0 0.0714286 0.0714286 0.285714 0.142857 0.214286 0.214286 0 0 0 0 0 0 0 

640 624 461 53 0 0.512821 0 0 0 0 0 0 0 0 0 0 0 0 0 0 0 0 0 0 0 0 0 0.105263 0.210526 0.105263 0.315789 0.263158 0 0 0 0 0 0 0 

576 562 426 53 0 0.569395 0 0 0 0 0 0 0 0 0 0 0 0 0 0 0 0 0 0 0 0 0 0.117647 0.0588235 0.235294 0.117647 0.235294 0.235294 0 0 0 0 0 0 

512 488 355 53 0 0.655738 0 0 0 0 0 0 0 0 0 0 0 0 0 0 0 0 0 0 0.0666667 0 0.0666667 0.133333 0.0666667 0.2 0.133333 0.2 0.0666667 0.0666667 0 0 0 0 0 

608 584 439 53 0 0.547945 0 0 0 0 0 0 0 0 0 0 0 0 0 0 0 0 0 0 0 0 0 0.0555556 0.0555556 0.333333 0.222222 0.166667 0.111111 0.0555556 0 0 0 0 0 

544 528 387 53 0 0.606061 0 0 0 0 0 0 0 0 0 0 0 0 0 0 0 0 0 0.0625 0 0.125 0 0 0.0625 0.25 0.0625 0.3125 0.0625 0.0625 0 0 0 0 0 

544 530 386 53 0 0.603774 0 0 0 0 0 0 0 0 0 0 0 0 0 0 0 0 0 0 0 0 0 0.0625 0.3125 0.3125 0.1875 0.125 0 0 0 0 0 0 0 

576 549 404 53 0 0.582878 0 0 0 0 0 0 0 0 0 0 0 0 0 0 0 0 0 0 0 0 0.117647 0 0.0588235 0.235294 0.294118 0.294118 0 0 0 0 0 0 0 

608 593 426 53 0 0.539629 0 0 0 0 0 0 0 0 0 0 0 0 0 0 0 0 0 0 0.111111 0 0.0555556 0.111111 0.111111 0.277778 0.0555556 0.111111 0.166667 0 0 0 0 0 0 

480 452 330 53 0 0.707965 0 0 0 0 0 0 0 0 0 0 0 0 0 0 0 0 0 0 0 0 0.0714286 0 0.214286 0.285714 0.214286 0.142857 0.0714286 0 0 0 0 0 0 

736 718 522 53 0 0.445682 0 0 0 0 0 0 0 0 0 0 0 0 0 0 0 0 0 0 0 0 0.0454545 0.0454545 0.181818 0.409091 0.181818 0.0909091 0.0454545 0 0 0 0 0 0 

544 521 394 53 0 0.614203 0 0 0 0 0 0 0 0 0 0 0 0 0 0 0 0 0 0 0 0 0 0.0625 0.0625 0.125 0.375 0.25 0.125 0 0 0 0 0 0 

544 528 388 53 0 0.606061 0 0 0 0 0 0 0 0 0 0 0 0 0 0 0 0 0 0 0 0 0 0.1875 0.1875 0.25 0.0625 0.25 0 0.0625 0 0 0 0 0 

640 620 451 53 0 0.516129 0 0 0 0 0 0 0 0 0 0 0 0 0 0 0 0 0 0 0 0 0.0526316 0.0526316 0.210526 0.263158 0.315789 0.0526316 0.0526316 0 0 0 0 0 0 

672 643 465 53 0 0.497667 0 0 0 0 0 0 0 0 0 0 0 0 0 0 0 0 0 0 0 0 0 0.15 0.25 0.2 0.2 0.15 0.05 0 0 0 0 0 0 

640 628 462 53 0 0.509554 0 0 0 0 0 0 0 0 0 0 0 0 0 0 0 0 0 0 0 0.0526316 0 0.105263 0.157895 0.157895 0.210526 0.315789 0 0 0 0 0 0 0 

544 525 386 53 0 0.609524 0 0 0 0 0 0 0 0 0 0 0 0 0 0 0 0 0 0 0 0 0.0625 0.125 0.0625 0.25 0.25 0.1875 0.0625 0 0 0 0 0 0 

512 492 362 53 0 0.650406 0 0 0 0 0 0 0 0 0 0 0 0 0 0 0 0 0 0 0 0 0.0666667 0.133333 0.2 0 0.333333 0.2 0 0.0666667 0 0 0 0 0 

576 565 425 53 0 0.566372 0 0 0 0 0 0 0 0 0 0 0 0 0 0 0 0 0 0 0 0.0588235 0 0.117647 0 0.294118 0.117647 0.117647 0.294118 0 0 0 0 0 0 

544 520 375 53 0 0.615385 0 0 0 0 0 0 0 0 0 0 0 0 0 0 0 0 0 0 0 0 0.125 0.1875 0.125 0.0625 0.25 0.1875 0.0625 0 0 0 0 0 0 

448 434 324 53 0 0.737327 0 0 0 0 0 0 0 0 0 0 0 0 0 0 0 0 0 0 0 0 0 0.153846 0.153846 0 0.384615 0.307692 0 0 0 0 0 0 0 

608 591 433 53 0 0.541455 0 0 0 0 0 0 0 0 0 0 0 0 0 0 0 0 0 0 0 0 0 0.166667 0.222222 0.111111 0.277778 0.166667 0.0555556 0 0 0 0 0 0 

576 549 394 53 0 0.582878 0 0 0 0 0 0 0 0 0 0 0 0 0 0 0 0 0 0 0 0.0588235 0 0.176471 0.117647 0.235294 0.294118 0.0588235 0.0588235 0 0 0 0 0 0 

512 493 368 53 0 0.649087 0 0 0 0 0 0 0 0 0 0 0 0 0 0 0 0 0 0 0 0 0.0666667 0 0.0666667 0.333333 0.2 0.266667 0.0666667 0 0 0 0 0 0 

672 651 476 53 0 0.491551 0 0 0 0 0 0 0 0 0 0 0 0 0 0 0 0 0 0 0 0 0.1 0.05 0.1 0.35 0.1 0.25 0.05 0 0 0 0 0 0 

672 657 487 53 0 0.487062 0 0 0 0 0 0 0 0 0 0 0 0 0 0 0 0 0 0 0 0 0 0 0.35 0.15 0.3 0.1 0.05 0.05 0 0 0 0 0 

544 529 378 53 0 0.604915 0 0 0 0 0 0 0 0 0 0 0 0 0 0 0 0 0 0 0 0 0.125 0.1875 0.125 0.3125 0.125 0.0625 0.0625 0 0 0 0 0 0 

512 487 355 53 0 0.657084 0 0 0 0 0 0 0 0 0 0 0 0 0 0 0 0 0 0 0 0 0 0.0666667 0.2 0.4 0.133333 0.2 0 0 0 0 0 0 0 

640 617 441 53 0 0.518639 0 0 0 0 0 0 0 0 0 0 0 0 0 0 0 0 0 0 0 0 0.0526316 0.210526 0.210526 0.157895 0.263158 0.0526316 0.0526316 0 0 0 0 0 0 

544 526 375 53 0 0.608365 0 0 0 0 0 0 0 0 0 0 0 0 0 0 0 0 0 0 0 0.0625 0 0.1875 0.375 0.125 0.0625 0.125 0 0.0625 0 0 0 0 0 

576 564 422 53 0 0.567376 0 0 0 0 0 0 0 0 0 0 0 0 0 0 0 0 0 0 0 0 0.0588235 0.176471 0.117647 0.117647 0.176471 0.117647 0.0588235 0.176471 0 0 0 0 0 

544 523 386 53 0 0.611855 0 0 0 0 0 0 0 0 0 0 0 0 0 0 0 0 0 0 0 0 0 0.125 0.0625 0.4375 0.1875 0.0625 0.0625 0.0625 0 0 0 0 0 

512 496 361 53 0 0.645161 0 0 0 0 0 0 0 0 0 0 0 0 0 0 0 0 0 0 0 0 0 0.133333 0.0666667 0.466667 0.333333 0 0 0 0 0 0 0 0 

640 622 470 53 0 0.514469 0 0 0 0 0 0 0 0 0 0 0 0 0 0 0 0 0 0 0 0 0.0526316 0.0526316 0.105263 0.105263 0.263158 0.157895 0.263158 0 0 0 0 0 0 

480 454 341 53 0 0.704846 0 0 0 0 0 0 0 0 0 0 0 0 0 0 0 0 0 0 0 0 0 0 0.0714286 0.285714 0.357143 0.214286 0.0714286 0 0 0 0 0 0 

608 588 423 53 0 0.544218 0 0 0 0 0 0 0 0 0 0 0 0 0 0 0 0.0555556 0 0 0 0 0 0.0555556 0.222222 0.277778 0.222222 0.111111 0.0555556 0 0 0 0 0 0 

512 503 378 53 0 0.636183 0 0 0 0 0 0 0 0 0 0 0 0 0 0 0 0 0 0 0 0.0666667 0.133333 0 0 0.133333 0.333333 0.0666667 0.2 0.0666667 0 0 0 0 0 

608 589 429 53 0 0.543294 0 0 0 0 0 0 0 0 0 0 0 0 0 0 0 0 0 0 0 0 0.0555556 0.166667 0.111111 0.222222 0.222222 0.166667 0.0555556 0 0 0 0 0 0 

608 592 427 53 0 0.540541 0 0 0 0 0 0 0 0 0 0 0 0 0 0 0 0 0 0 0.0555556 0 0 0.0555556 0.277778 0.333333 0.111111 0.111111 0.0555556 0 0 0 0 0 0 

512 486 358 53 0 0.658436 0 0 0 0 0 0 0 0 0 0 0 0 0 0 0 0 0 0 0 0 0 0.0666667 0.266667 0 0.466667 0.2 0 0 0 0 0 0 0 

576 554 409 53 0 0.577617 0 0 0 0 0 0 0 0 0 0 0 0 0 0 0 0 0 0 0 0 0.0588235 0.0588235 0.176471 0.117647 0.294118 0.235294 0.0588235 0 0 0 0 0 0 

576 549 399 53 0 0.582878 0 0 0 0 0 0 0 0 0 0 0 0 0 0 0 0 0 0 0 0 0.0588235 0.117647 0.117647 0.176471 0.411765 0.0588235 0.0588235 0 0 0 0 0 0 

544 529 390 53 0 0.604915 0 0 0 0 0 0 0 0 0 0 0 0 0 0 0 0 0 0 0 0 0 0.0625 0.25 0.25 0.25 0.125 0.0625 0 0 0 0 0 0 

512 485 364 53 0 0.659794 0 0 0 0 0 0 0 0 0 0 0 0 0 0 0 0 0 0 0 0 0 0.0666667 0.133333 0.133333 0.333333 0.2 0.0666667 0.0666667 0 0 0 0 0 

544 523 372 53 0 0.611855 0 0 0 0 0 0 0 0 0 0 0 0 0 0 0 0 0 0 0 0 0.1875 0.1875 0.1875 0.1875 0 0.0625 0.1875 0 0 0 0 0 0 

640 619 454 53 0 0.516963 0 0 0 0 0 0 0 0 0 0 0 0 0 0 0 0 0 0 0 0 0.0526316 0.0526316 0.263158 0.210526 0.157895 0.105263 0.157895 0 0 0 0 0 0 

480 463 345 53 0 0.691145 0 0 0 0 0 0 0 0 0 0 0 0 0 0 0 0 0 0.0714286 0 0 0 0.0714286 0.142857 0.0714286 0.142857 0.357143 0.142857 0 0 0 0 0 0 

512 489 359 53 0 0.654397 0 0 0 0 0 0 0 0 0 0 0 0 0 0 0 0 0 0 0 0 0 0.0666667 0.4 0.133333 0.133333 0.133333 0.0666667 0.0666667 0 0 0 0 0 

608 594 437 53 0 0.538721 0 0 0 0 0 0 0 0 0 0 0 0 0 0 0 0 0 0 0 0.0555556 0 0 0.333333 0.166667 0.222222 0.111111 0.0555556 0.0555556 0 0 0 0 0 

640 611 449 53 0 0.523732 0 0 0 0 0 0 0 0 0 0 0 0 0 0 0 0 0 0 0 0 0 0.105263 0.210526 0.263158 0.210526 0.0526316 0.0526316 0.105263 0 0 0 0 0 

672 651 476 53 0 0.491551 0 0 0 0 0 0 0 0 0 0 0 0 0 0 0 0 0 0 0 0.05 0.05 0.15 0.1 0.1 0.25 0.2 0.05 0.05 0 0 0 0 0 

576 561 417 53 0 0.57041 0 0 0 0 0 0 0 0 0 0 0 0 0 0 0 0 0 0 0 0 0 0 0.294118 0.294118 0.117647 0.176471 0.117647 0 0 0 0 0 0 

576 553 394 53 0 0.578662 0 0 0 0 0 0 0 0 0 0 0 0 0 0 0 0 0 0 0 0 0.0588235 0.176471 0.235294 0.176471 0.294118 0.0588235 0 0 0 0 0 0 0 

544 527 378 53 0 0.607211 0 0 0 0 0 0 0 0 0 0 0 0 0 0 0 0 0 0.0625 0 0.0625 0.125 0 0 0.25 0.3125 0.1875 0 0 0 0 0 0 0 

704 691 511 53 0 0.463097 0 0 0 0 0 0 0 0 0 0 0 0 0 0 0 0 0 0 0 0 0.047619 0.142857 0.142857 0.0952381 0.285714 0.142857 0.142857 0 0 0 0 0 0 

576 548 408 53 0 0.583942 0 0 0 0 0 0 0 0 0 0 0 0 0 0 0 0 0 0 0 0 0 0.117647 0.0588235 0.117647 0.411765 0.235294 0.0588235 0 0 0 0 0 0 

640 626 446 53 0 0.511182 0 0 0 0 0 0 0 0 0 0 0 0 0 0 0 0 0 0 0 0.157895 0 0.210526 0.0526316 0.210526 0.210526 0.0526316 0.105263 0 0 0 0 0 0 

544 527 378 53 0 0.607211 0 0 0 0 0 0 0 0 0 0 0 0 0 0 0 0 0 0 0 0.0625 0 0.1875 0.3125 0.1875 0 0.125 0.125 0 0 0 0 0 0 

544 526 395 53 0 0.608365 0 0 0 0 0 0 0 0 0 0 0 0 0 0 0 0 0 0 0 0 0 0.0625 0.125 0.3125 0.125 0.1875 0.1875 0 0 0 0 0 0 

544 533 391 53 0 0.600375 0 0 0 0 0 0 0 0 0 0 0 0 0 0 0 0 0 0 0.0625 0 0 0.0625 0.125 0.3125 0.25 0.125 0.0625 0 0 0 0 0 0 

544 520 377 53 0 0.615385 0 0 0 0 0 0 0 0 0 0 0 0 0 0 0 0 0 0 0 0.0625 0 0 0.3125 0.3125 0.125 0.125 0 0.0625 0 0 0 0 0 

672 652 477 53 0 0.490798 0 0 0 0 0 0 0 0 0 0 0 0 0 0 0 0 0 0 0 0 0.1 0.05 0.15 0.2 0.2 0.3 0 0 0 0 0 0 0 

576 553 402 53 0 0.578662 0 0 0 0 0 0 0 0 0 0 0 0 0 0 0 0 0 0 0 0 0 0.117647 0.294118 0.176471 0.176471 0.235294 0 0 0 0 0 0 0 

576 549 404 53 0 0.582878 0 0 0 0 0 0 0 0 0 0 0 0 0 0 0 0 0 0 0 0 0 0.117647 0.176471 0.176471 0.235294 0.235294 0.0588235 0 0 0 0 0 0 

640 619 455 53 0 0.516963 0 0 0 0 0 0 0 0 0 0 0 0 0 0 0 0 0 0 0 0 0.0526316 0.105263 0.157895 0.157895 0.263158 0.210526 0 0.0526316 0 0 0 0 0 

576 561 418 53 0 0.57041 0 0 0 0 0 0 0 0 0 0 0 0 0 0 0 0 0 0 0 0 0 0.117647 0.0588235 0.352941 0.176471 0.176471 0.117647 0 0 0 0 0 0 

576 553 417 53 0 0.578662 0 0 0 0 0 0 0 0 0 0 0 0 0 0 0 0 0 0 0 0 0.0588235 0.0588235 0.117647 0.176471 0.0588235 0.235294 0.294118 0 0 0 0 0 0 

480 464 349 53 0 0.689655 0 0 0 0 0 0 0 0 0 0 0 0 0 0 0 0 0 0 0 0 0.0714286 0 0.142857 0.214286 0.142857 0.285714 0.142857 0 0 0 0 0 0 

608 584 437 53 0 0.547945 0 0 0 0 0 0 0 0 0 0 0 0 0 0 0 0 0 0 0 0 0 0.222222 0.111111 0.0555556 0.166667 0.222222 0.111111 0.111111 0 0 0 0 0 

608 583 415 53 0 0.548885 0 0 0 0 0 0 0 0 0 0 0 0 0 0 0 0 0 0 0 0 0.0555556 0.222222 0.277778 0.111111 0.166667 0.111111 0.0555556 0 0 0 0 0 0 

544 514 376 53 0 0.622568 0 0 0 0 0 0 0 0 0 0 0 0 0 0 0 0 0 0 0 0 0.0625 0 0.1875 0.25 0.3125 0.125 0.0625 0 0 0 0 0 0 

576 550 397 53 0 0.581818 0 0 0 0 0 0 0 0 0 0 0 0 0 0 0 0 0 0 0 0 0 0.0588235 0.235294 0.411765 0.235294 0.0588235 0 0 0 0 0 0 0 

512 500 375 53 0 0.64 0 0 0 0 0 0 0 0 0 0 0 0 0 0 0 0 0 0 0 0 0 0.0666667 0.2 0.2 0.133333 0.333333 0.0666667 0 0 0 0 0 0 

576 551 400 53 0 0.580762 0 0 0 0 0 0 0 0 0 0 0 0 0 0 0 0 0 0 0 0.0588235 0 0.0588235 0.117647 0.470588 0.117647 0.117647 0 0.0588235 0 0 0 0 0 

576 556 408 53 0 0.57554 0 0 0 0 0 0 0 0 0 0 0 0 0 0 0 0 0 0 0 0.0588235 0 0.117647 0.117647 0.235294 0.117647 0.294118 0.0588235 0 0 0 0 0 0 

544 533 397 53 0 0.600375 0 0 0 0 0 0 0 0 0 0 0 0 0 0 0 0 0 0 0 0 0.0625 0.0625 0.125 0.3125 0.125 0.125 0.1875 0 0 0 0 0 0 

512 492 359 53 0 0.650406 0 0 0 0 0 0 0 0 0 0 0 0 0 0 0 0 0 0 0 0 0 0.2 0.133333 0.266667 0.2 0.133333 0.0666667 0 0 0 0 0 0 

608 594 434 53 0 0.538721 0 0 0 0 0 0 0 0 0 0 0 0 0 0 0 0 0 0 0 0 0.0555556 0.166667 0.0555556 0.333333 0.111111 0.277778 0 0 0 0 0 0 0 

608 589 438 53 0 0.543294 0 0 0 0 0 0 0 0 0 0 0 0 0 0 0 0 0 0 0 0 0.0555556 0.0555556 0.111111 0.222222 0.222222 0.222222 0.111111 0 0 0 0 0 0 

544 517 384 53 0 0.618955 0 0 0 0 0 0 0 0 0 0 0 0 0 0 0 0 0 0 0 0.0625 0 0 0.125 0.375 0.0625 0.1875 0.125 0.0625 0 0 0 0 0 

544 528 381 53 0 0.606061 0 0 0 0 0 0 0 0 0 0 0 0 0 0 0 0 0 0.0625 0 0 0 0.125 0.0625 0.375 0.25 0.125 0 0 0 0 0 0 0 

576 554 407 53 0 0.577617 0 0 0 0 0 0 0 0 0 0 0 0 0 0 0 0 0 0 0 0 0 0.117647 0.117647 0.235294 0.411765 0.0588235 0.0588235 0 0 0 0 0 0 

608 582 432 53 0 0.549828 0 0 0 0 0 0 0 0 0 0 0 0 0 0 0 0 0 0 0 0 0 0.0555556 0.222222 0.166667 0.277778 0.166667 0.0555556 0.0555556 0 0 0 0 0 

608 594 428 53 0 0.538721 0 0 0 0 0 0 0 0 0 0 0 0 0 0 0 0 0 0 0 0.0555556 0 0.0555556 0.277778 0.277778 0.277778 0.0555556 0 0 0 0 0 0 0 

608 588 435 53 0 0.544218 0 0 0 0 0 0 0 0 0 0 0 0 0 0 0 0 0 0 0 0 0.0555556 0.0555556 0.111111 0.222222 0.277778 0.222222 0.0555556 0 0 0 0 0 0 

544 524 397 53 0 0.610687 0 0 0 0 0 0 0 0 0 0 0 0 0 0 0 0 0 0 0 0 0 0 0 0.4375 0.3125 0.0625 0.125 0.0625 0 0 0 0 0 

640 617 442 53 0 0.518639 0 0 0 0 0 0 0 0 0 0 0 0 0 0 0 0 0 0 0 0 0 0.315789 0.157895 0.157895 0.210526 0.105263 0.0526316 0 0 0 0 0 0 

512 489 361 53 0 0.654397 0 0 0 0 0 0 0 0 0 0 0 0 0 0 0 0 0 0 0 0 0.0666667 0.0666667 0.0666667 0.266667 0.266667 0.2 0.0666667 0 0 0 0 0 0 

608 586 425 53 0 0.546075 0 0 0 0 0 0 0 0 0 0 0 0 0 0 0 0 0 0.0555556 0 0 0.0555556 0.111111 0.0555556 0.222222 0.222222 0.222222 0.0555556 0 0 0 0 0 0 

704 683 489 53 0 0.468521 0 0 0 0 0 0 0 0 0 0 0 0 0 0 0 0 0 0 0 0 0.0952381 0.190476 0.190476 0.0952381 0.285714 0.0952381 0.047619 0 0 0 0 0 0 

640 622 458 53 0 0.514469 0 0 0 0 0 0 0 0 0 0 0 0 0 0 0 0 0 0 0 0.0526316 0 0.0526316 0.105263 0.368421 0.0526316 0.368421 0 0 0 0 0 0 0 

544 517 375 53 0 0.618955 0 0 0 0 0 0 0 0 0 0 0 0 0 0 0 0 0 0 0 0 0.0625 0.25 0 0.125 0.3125 0.25 0 0 0 0 0 0 0 

448 432 321 52 0 0.740741 0 0 0 0 0 0 0 0 0 0 0 0 0 0 0 0 0 0 0 0 0 0.0769231 0.153846 0.230769 0.384615 0.0769231 0.0769231 0 0 0 0 0 0 

