2368 2340 1687 120 0 0.683761 0 0 0 0 0 0 0 0 0 0 0 0 0 0 0 0 0 0 0 0.0136986 0.0547945 0.109589 0.178082 0.191781 0.273973 0.136986 0.0410959 0 0 0 0 0 0 

2304 2277 1645 120 0 0.702679 0 0 0 0 0 0 0 0 0 0 0 0 0 0 0 0 0 0 0 0 0.0422535 0.112676 0.211268 0.197183 0.28169 0.084507 0.0704225 0 0 0 0 0 0 

2432 2425 1756 120 0 0.659794 0 0 0 0 0 0 0 0 0 0 0 0 0 0 0 0 0 0 0 0.0133333 0.0533333 0.08 0.226667 0.213333 0.226667 0.106667 0.08 0 0 0 0 0 0 

2336 2329 1699 120 0 0.68699 0 0 0 0 0 0 0 0 0 0 0 0 0 0 0 0 0 0 0 0 0.0694444 0.0694444 0.166667 0.194444 0.305556 0.125 0.0694444 0 0 0 0 0 0 

2528 2518 1818 120 0 0.635425 0 0 0 0 0 0 0 0 0 0 0 0 0 0 0 0 0 0 0 0.025641 0.0512821 0.0512821 0.25641 0.230769 0.192308 0.141026 0.0384615 0.0128205 0 0 0 0 0 

2560 2544 1826 120 0 0.628931 0 0 0 0 0 0 0 0 0 0 0 0 0 0 0 0 0 0 0 0.0253165 0.126582 0.151899 0.101266 0.164557 0.164557 0.189873 0.0506329 0.0253165 0 0 0 0 0 

2688 2679 1948 120 0 0.597238 0 0 0 0 0 0 0 0 0 0 0 0 0 0 0 0 0 0 0.0120482 0.0240964 0.0361446 0.0963855 0.180723 0.192771 0.192771 0.180723 0.060241 0.0240964 0 0 0 0 0 

2560 2543 1829 120 0 0.629178 0 0 0 0 0 0 0 0 0 0 0 0 0 0 0 0 0 0 0.0253165 0.0506329 0.0506329 0.0632911 0.164557 0.240506 0.189873 0.113924 0.0886076 0.0126582 0 0 0 0 0 

2496 2469 1814 120 0 0.648036 0 0 0 0 0 0 0 0 0 0 0 0 0 0 0 0 0 0 0 0.012987 0.012987 0.103896 0.116883 0.233766 0.25974 0.155844 0.0779221 0.025974 0 0 0 0 0 

2560 2541 1856 120 0 0.629673 0 0 0 0 0 0 0 0 0 0 0 0 0 0 0 0 0 0 0 0.0126582 0.0126582 0.113924 0.126582 0.291139 0.240506 0.0886076 0.101266 0.0126582 0 0 0 0 0 

