2976 2968 2170 120 0 0.539084 0 0 0 0 0 0 0 0 0 0 0 0 0 0 0 0 0 0 0 0.0108696 0.0326087 0.0978261 0.173913 0.217391 0.228261 0.130435 0.0869565 0.0217391 0 0 0 0 0 

2976 2961 2153 120 0 0.540358 0 0 0 0 0 0 0 0 0 0 0 0 0 0 0 0 0 0 0 0 0.0217391 0.0543478 0.271739 0.25 0.184783 0.173913 0.0434783 0 0 0 0 0 0 

3072 3059 2211 120 0 0.523047 0 0 0 0 0 0 0 0 0 0 0 0 0 0 0 0 0 0 0.0105263 0.0315789 0.0631579 0.0631579 0.147368 0.2 0.305263 0.136842 0.0315789 0.0105263 0 0 0 0 0 

3072 3055 2232 120 0 0.523732 0 0 0 0 0 0 0 0 0 0 0 0 0 0 0 0 0 0 0.0105263 0.0105263 0.0210526 0.0736842 0.178947 0.252632 0.221053 0.115789 0.0947368 0.0210526 0 0 0 0 0 

2976 2968 2189 120 0 0.539084 0 0 0 0 0 0 0 0 0 0 0 0 0 0 0 0 0 0 0.0108696 0 0.0652174 0.0543478 0.163043 0.119565 0.293478 0.152174 0.119565 0.0108696 0.0108696 0 0 0 0 

2976 2968 2157 120 0 0.539084 0 0 0 0 0 0 0 0 0 0 0 0 0 0 0 0 0 0 0.0108696 0 0.0434783 0.0978261 0.184783 0.184783 0.26087 0.163043 0.0543478 0 0 0 0 0 0 

3008 2993 2204 120 0 0.534581 0 0 0 0 0 0 0 0 0 0 0 0 0 0 0 0 0 0 0 0 0.0752688 0.0860215 0.11828 0.193548 0.204301 0.182796 0.0967742 0.0430108 0 0 0 0 0 

3008 2996 2184 120 0 0.534045 0 0 0 0 0 0 0 0 0 0 0 0 0 0 0 0 0 0 0 0.0215054 0.0215054 0.0967742 0.16129 0.225806 0.225806 0.193548 0.0537634 0 0 0 0 0 0 

2944 2923 2154 120 0 0.547383 0 0 0 0 0 0 0 0 0 0 0 0 0 0 0 0 0 0 0.010989 0.010989 0.043956 0.032967 0.131868 0.252747 0.230769 0.164835 0.0659341 0.0549451 0 0 0 0 0 

3008 2993 2184 120 0 0.534581 0 0 0 0 0 0 0 0 0 0 0 0 0 0 0 0 0 0 0 0.0215054 0.0215054 0.129032 0.0967742 0.236559 0.268817 0.150538 0.0645161 0.0107527 0 0 0 0 0 

