2560 2538 1881 84 0 0.315209 0 0 0 0 0 0 0 0 0 0 0 0 0 0 0 0 0 0 0 0.0253165 0 0.0632911 0.101266 0.291139 0.164557 0.253165 0.0632911 0.0379747 0 0 0 0 0 

2560 2538 1840 84 0 0.315209 0 0 0 0 0 0 0 0 0 0 0 0 0 0 0 0 0 0 0 0.0379747 0 0.113924 0.189873 0.227848 0.202532 0.177215 0.0253165 0.0253165 0 0 0 0 0 

2624 2601 1912 84 0 0.307574 0 0 0 0 0 0 0 0 0 0 0 0 0 0 0 0 0 0 0.0123457 0 0.037037 0.0740741 0.111111 0.222222 0.259259 0.197531 0.0740741 0.0123457 0 0 0 0 0 

2624 2599 1905 84 0 0.307811 0 0 0 0 0 0 0 0 0 0 0 0 0 0 0 0 0 0 0 0.0123457 0.0246914 0.0493827 0.148148 0.283951 0.234568 0.185185 0.0493827 0.0123457 0 0 0 0 0 

2816 2792 2004 84 0 0.286533 0 0 0 0 0 0 0 0 0 0 0 0 0 0 0 0 0 0 0.0229885 0.0229885 0.0229885 0.0574713 0.229885 0.264368 0.218391 0.137931 0.0229885 0 0 0 0 0 0 

2560 2538 1854 84 0 0.315209 0 0 0 0 0 0 0 0 0 0 0 0 0 0 0 0 0 0.0126582 0 0.0253165 0.0379747 0.0506329 0.177215 0.177215 0.240506 0.177215 0.0886076 0.0126582 0 0 0 0 0 

2560 2538 1878 84 0 0.315209 0 0 0 0 0 0 0 0 0 0 0 0 0 0 0 0 0 0 0 0 0.0253165 0.0759494 0.164557 0.21519 0.189873 0.202532 0.0632911 0.0632911 0 0 0 0 0 

2624 2600 1872 84 0 0.307692 0 0 0 0 0 0 0 0 0 0 0 0 0 0 0 0 0 0 0.0246914 0 0.037037 0.0740741 0.271605 0.222222 0.209877 0.0740741 0.0493827 0.0246914 0.0123457 0 0 0 0 

