640 633 459 53 0 0.505529 0 0 0 0 0 0 0 0 0 0 0 0 0 0 0 0 0 0 0 0.0526316 0 0.210526 0.157895 0.263158 0.105263 0.105263 0.105263 0 0 0 0 0 0 

608 582 422 53 0 0.549828 0 0 0 0 0 0 0 0 0 0 0 0 0 0 0 0 0 0 0 0 0.0555556 0.166667 0.0555556 0.388889 0.111111 0.111111 0.111111 0 0 0 0 0 0 

608 581 420 53 0 0.550775 0 0 0 0 0 0 0 0 0 0 0 0 0 0 0 0 0 0 0 0 0.166667 0 0.166667 0.222222 0.222222 0.166667 0.0555556 0 0 0 0 0 0 

576 564 418 53 0 0.567376 0 0 0 0 0 0 0 0 0 0 0 0 0 0 0 0 0 0 0 0 0 0.176471 0.117647 0.117647 0.352941 0.176471 0.0588235 0 0 0 0 0 0 

544 526 380 53 0 0.608365 0 0 0 0 0 0 0 0 0 0 0 0 0 0 0 0 0 0 0 0.0625 0 0.0625 0.25 0.25 0.25 0.125 0 0 0 0 0 0 0 

640 616 448 53 0 0.519481 0 0 0 0 0 0 0 0 0 0 0 0 0 0 0 0 0 0 0 0 0.157895 0.0526316 0.0526316 0.210526 0.315789 0.157895 0.0526316 0 0 0 0 0 0 

640 627 461 53 0 0.510367 0 0 0 0 0 0 0 0 0 0 0 0 0 0 0 0 0 0 0 0 0.105263 0.0526316 0.157895 0.315789 0.105263 0.105263 0.105263 0.0526316 0 0 0 0 0 

544 532 396 53 0 0.601504 0 0 0 0 0 0 0 0 0 0 0 0 0 0 0 0 0 0 0 0 0 0.1875 0.125 0.25 0.0625 0.25 0.0625 0.0625 0 0 0 0 0 

672 655 473 53 0 0.48855 0 0 0 0 0 0 0 0 0 0 0 0 0 0 0 0 0 0 0 0 0.1 0.2 0.2 0.05 0.2 0.15 0.1 0 0 0 0 0 0 

512 488 359 53 0 0.655738 0 0 0 0 0 0 0 0 0 0 0 0 0 0 0 0 0 0 0 0 0 0.0666667 0.4 0.0666667 0.133333 0.2 0.133333 0 0 0 0 0 0 

640 616 443 53 0 0.519481 0 0 0 0 0 0 0 0 0 0 0 0 0 0 0 0 0 0 0.0526316 0.0526316 0 0.0526316 0.210526 0.210526 0.210526 0.157895 0.0526316 0 0 0 0 0 0 

640 627 451 53 0 0.510367 0 0 0 0 0 0 0 0 0 0 0 0 0 0 0 0 0 0 0.0526316 0 0.157895 0.0526316 0.210526 0.210526 0 0.210526 0.0526316 0.0526316 0 0 0 0 0 

480 451 334 53 0 0.709534 0 0 0 0 0 0 0 0 0 0 0 0 0 0 0 0 0 0 0 0 0.0714286 0.0714286 0.0714286 0.285714 0.142857 0.142857 0.214286 0 0 0 0 0 0 

544 531 389 53 0 0.602637 0 0 0 0 0 0 0 0 0 0 0 0 0 0 0 0 0 0 0.0625 0 0.0625 0 0.25 0.0625 0.4375 0 0.0625 0.0625 0 0 0 0 0 

512 491 363 53 0 0.651731 0 0 0 0 0 0 0 0 0 0 0 0 0 0 0 0 0 0 0.0666667 0 0 0.0666667 0.0666667 0.2 0.266667 0.266667 0.0666667 0 0 0 0 0 0 

576 564 423 53 0 0.567376 0 0 0 0 0 0 0 0 0 0 0 0 0 0 0 0 0 0 0 0 0.0588235 0.117647 0 0.176471 0.235294 0.352941 0.0588235 0 0 0 0 0 0 

640 614 452 53 0 0.521173 0 0 0 0 0 0 0 0 0 0 0 0 0 0 0 0 0 0 0 0 0.0526316 0.105263 0.157895 0.157895 0.210526 0.157895 0.157895 0 0 0 0 0 0 

608 592 439 53 0 0.540541 0 0 0 0 0 0 0 0 0 0 0 0 0 0 0 0 0 0 0 0 0 0.0555556 0.277778 0.166667 0.222222 0.166667 0.111111 0 0 0 0 0 0 

544 532 394 53 0 0.601504 0 0 0 0 0 0 0 0 0 0 0 0 0 0 0 0 0 0 0.0625 0 0 0 0.1875 0.125 0.5 0.0625 0 0.0625 0 0 0 0 0 

640 622 456 53 0 0.514469 0 0 0 0 0 0 0 0 0 0 0 0 0 0 0 0 0 0 0 0.0526316 0 0 0.210526 0.315789 0.263158 0.105263 0 0.0526316 0 0 0 0 0 

640 613 444 53 0 0.522023 0 0 0 0 0 0 0 0 0 0 0 0 0 0 0 0 0 0 0 0.0526316 0.0526316 0.0526316 0.210526 0.210526 0.157895 0.157895 0.105263 0 0 0 0 0 0 

480 454 333 53 0 0.704846 0 0 0 0 0 0 0 0 0 0 0 0 0 0 0 0 0 0 0 0 0.0714286 0.142857 0.142857 0.142857 0.285714 0.0714286 0.0714286 0 0.0714286 0 0 0 0 

640 622 438 53 0 0.514469 0 0 0 0 0 0 0 0 0 0 0 0 0 0 0 0 0.0526316 0 0 0 0.0526316 0.210526 0.0526316 0.315789 0.315789 0 0 0 0 0 0 0 0 

544 534 388 53 0 0.599251 0 0 0 0 0 0 0 0 0 0 0 0 0 0 0 0 0 0 0 0.0625 0.0625 0.125 0.0625 0.3125 0.25 0 0.125 0 0 0 0 0 0 

640 625 452 53 0 0.512 0 0 0 0 0 0 0 0 0 0 0 0 0 0 0 0 0 0 0 0 0.0526316 0.210526 0.157895 0.210526 0.105263 0.263158 0 0 0 0 0 0 0 

448 436 321 53 0 0.733945 0 0 0 0 0 0 0 0 0 0 0 0 0 0 0 0 0 0 0 0 0 0.0769231 0.384615 0.153846 0.307692 0 0 0 0.0769231 0 0 0 0 

544 525 384 53 0 0.609524 0 0 0 0 0 0 0 0 0 0 0 0 0 0 0 0 0 0 0 0 0 0.1875 0.0625 0.375 0.125 0.25 0 0 0 0 0 0 0 

608 596 438 53 0 0.536913 0 0 0 0 0 0 0 0 0 0 0 0 0 0 0 0 0 0 0 0 0 0.222222 0.166667 0.111111 0.222222 0.222222 0.0555556 0 0 0 0 0 0 

576 549 396 53 0 0.582878 0 0 0 0 0 0 0 0 0 0 0 0 0 0 0 0 0 0 0 0.0588235 0.0588235 0 0.235294 0.294118 0.117647 0.176471 0.0588235 0 0 0 0 0 0 

512 503 370 53 0 0.636183 0 0 0 0 0 0 0 0 0 0 0 0 0 0 0 0 0 0 0 0.0666667 0.0666667 0 0.2 0.0666667 0.4 0.2 0 0 0 0 0 0 0 

640 615 450 53 0 0.520325 0 0 0 0 0 0 0 0 0 0 0 0 0 0 0 0 0 0 0 0 0.0526316 0.105263 0.210526 0.157895 0.157895 0.210526 0.105263 0 0 0 0 0 0 

544 521 376 53 0 0.614203 0 0 0 0 0 0 0 0 0 0 0 0 0 0 0 0 0.0625 0 0 0 0 0.125 0.0625 0.3125 0.25 0.125 0.0625 0 0 0 0 0 0 

576 561 404 53 0 0.57041 0 0 0 0 0 0 0 0 0 0 0 0 0 0 0 0 0 0 0.0588235 0.0588235 0 0.0588235 0.176471 0.294118 0.176471 0.117647 0.0588235 0 0 0 0 0 0 

512 486 353 53 0 0.658436 0 0 0 0 0 0 0 0 0 0 0 0 0 0 0 0 0 0 0.0666667 0 0 0.133333 0.133333 0.266667 0.0666667 0.2 0.133333 0 0 0 0 0 0 

608 589 431 53 0 0.543294 0 0 0 0 0 0 0 0 0 0 0 0 0 0 0 0 0 0 0 0 0 0.111111 0.111111 0.333333 0.333333 0.111111 0 0 0 0 0 0 0 

544 524 388 53 0 0.610687 0 0 0 0 0 0 0 0 0 0 0 0 0 0 0 0 0 0 0 0 0.0625 0.0625 0.1875 0.1875 0.125 0.25 0.125 0 0 0 0 0 0 

512 494 363 53 0 0.647773 0 0 0 0 0 0 0 0 0 0 0 0 0 0 0 0 0 0 0 0 0.0666667 0 0.266667 0.2 0.266667 0.133333 0.0666667 0 0 0 0 0 0 

608 583 434 53 0 0.548885 0 0 0 0 0 0 0 0 0 0 0 0 0 0 0 0 0 0 0 0 0.0555556 0 0.222222 0.166667 0.166667 0.222222 0.166667 0 0 0 0 0 0 

576 565 415 53 0 0.566372 0 0 0 0 0 0 0 0 0 0 0 0 0 0 0 0 0 0 0 0 0 0 0.235294 0.470588 0.176471 0.117647 0 0 0 0 0 0 0 

608 589 433 53 0 0.543294 0 0 0 0 0 0 0 0 0 0 0 0 0 0 0 0 0 0 0 0.0555556 0 0.0555556 0.166667 0.277778 0.166667 0.222222 0 0.0555556 0 0 0 0 0 

512 504 380 53 0 0.634921 0 0 0 0 0 0 0 0 0 0 0 0 0 0 0 0 0 0 0 0 0 0.0666667 0.266667 0.0666667 0.266667 0.2 0.0666667 0.0666667 0 0 0 0 0 

704 678 483 53 0 0.471976 0 0 0 0 0 0 0 0 0 0 0 0 0 0 0 0 0 0 0.047619 0 0.047619 0.190476 0.190476 0.190476 0.142857 0.0952381 0.047619 0.047619 0 0 0 0 0 

512 498 373 53 0 0.64257 0 0 0 0 0 0 0 0 0 0 0 0 0 0 0 0 0 0 0 0 0 0 0.333333 0.133333 0.133333 0.333333 0.0666667 0 0 0 0 0 0 

672 657 478 53 0 0.487062 0 0 0 0 0 0 0 0 0 0 0 0 0 0 0 0 0 0 0 0 0.05 0.2 0.15 0.15 0.2 0.2 0.05 0 0 0 0 0 0 

544 528 386 53 0 0.606061 0 0 0 0 0 0 0 0 0 0 0 0 0 0 0 0 0 0 0 0 0.0625 0.1875 0.0625 0.3125 0.1875 0 0.1875 0 0 0 0 0 0 

480 467 343 53 0 0.685225 0 0 0 0 0 0 0 0 0 0 0 0 0 0 0 0 0 0 0 0 0.0714286 0.0714286 0.142857 0.214286 0.357143 0.142857 0 0 0 0 0 0 0 

608 590 434 53 0 0.542373 0 0 0 0 0 0 0 0 0 0 0 0 0 0 0 0 0 0 0 0 0.0555556 0.111111 0.222222 0.111111 0.166667 0.222222 0.111111 0 0 0 0 0 0 

576 549 413 53 0 0.582878 0 0 0 0 0 0 0 0 0 0 0 0 0 0 0 0 0 0 0 0 0.0588235 0 0.117647 0.176471 0.235294 0.294118 0 0.117647 0 0 0 0 0 

576 558 403 53 0 0.573477 0 0 0 0 0 0 0 0 0 0 0 0 0 0 0 0 0 0 0 0 0.0588235 0.117647 0.176471 0.176471 0.470588 0 0 0 0 0 0 0 0 

480 460 338 53 0 0.695652 0 0 0 0 0 0 0 0 0 0 0 0 0 0 0 0 0 0 0 0.0714286 0 0.0714286 0.142857 0.142857 0.285714 0.285714 0 0 0 0 0 0 0 

544 522 379 53 0 0.613027 0 0 0 0 0 0 0 0 0 0 0 0 0 0 0 0 0 0 0.0625 0.0625 0.125 0.0625 0.0625 0.125 0.0625 0.25 0.125 0.0625 0 0 0 0 0 

640 619 449 53 0 0.516963 0 0 0 0 0 0 0 0 0 0 0 0 0 0 0 0 0 0 0 0 0 0.157895 0.210526 0.263158 0.210526 0.105263 0.0526316 0 0 0 0 0 0 

480 461 335 53 0 0.694143 0 0 0 0 0 0 0 0 0 0 0 0 0 0 0 0 0 0 0 0 0.0714286 0.357143 0 0.142857 0.0714286 0.214286 0.142857 0 0 0 0 0 0 

544 530 398 53 0 0.603774 0 0 0 0 0 0 0 0 0 0 0 0 0 0 0 0 0 0 0 0 0 0.125 0.0625 0.25 0.25 0.1875 0.0625 0.0625 0 0 0 0 0 

512 500 366 53 0 0.64 0 0 0 0 0 0 0 0 0 0 0 0 0 0 0 0 0 0 0 0 0 0.133333 0.266667 0.2 0.2 0.2 0 0 0 0 0 0 0 

576 554 397 53 0 0.577617 0 0 0 0 0 0 0 0 0 0 0 0 0 0 0 0 0 0.0588235 0 0 0.117647 0 0.176471 0.176471 0.294118 0.176471 0 0 0 0 0 0 0 

544 521 399 53 0 0.614203 0 0 0 0 0 0 0 0 0 0 0 0 0 0 0 0 0 0 0 0 0 0 0 0.1875 0.375 0.3125 0.125 0 0 0 0 0 0 

672 652 467 53 0 0.490798 0 0 0 0 0 0 0 0 0 0 0 0 0 0 0 0 0 0 0 0.05 0.05 0.15 0.25 0.15 0.1 0.2 0.05 0 0 0 0 0 0 

512 498 371 53 0 0.64257 0 0 0 0 0 0 0 0 0 0 0 0 0 0 0 0 0 0 0 0.0666667 0.0666667 0.0666667 0.0666667 0.133333 0.2 0.266667 0.0666667 0.0666667 0 0 0 0 0 

608 593 435 53 0 0.539629 0 0 0 0 0 0 0 0 0 0 0 0 0 0 0 0 0 0 0 0 0.0555556 0.0555556 0.111111 0.333333 0.277778 0.166667 0 0 0 0 0 0 0 

544 523 380 53 0 0.611855 0 0 0 0 0 0 0 0 0 0 0 0 0 0 0 0 0 0 0 0.0625 0.0625 0.125 0.0625 0.25 0.1875 0.1875 0 0.0625 0 0 0 0 0 

544 522 382 53 0 0.613027 0 0 0 0 0 0 0 0 0 0 0 0 0 0 0 0 0 0 0 0 0.0625 0.0625 0.125 0.4375 0.0625 0.1875 0 0.0625 0 0 0 0 0 

608 596 431 53 0 0.536913 0 0 0 0 0 0 0 0 0 0 0 0 0 0 0 0 0 0 0 0.0555556 0 0.166667 0.277778 0.166667 0.0555556 0.222222 0.0555556 0 0 0 0 0 0 

576 554 403 53 0 0.577617 0 0 0 0 0 0 0 0 0 0 0 0 0 0 0 0 0 0 0 0.0588235 0.0588235 0.117647 0.0588235 0.235294 0.176471 0.235294 0.0588235 0 0 0 0 0 0 

608 598 443 53 0 0.535117 0 0 0 0 0 0 0 0 0 0 0 0 0 0 0 0 0 0 0 0 0 0.111111 0.166667 0.277778 0.166667 0.222222 0.0555556 0 0 0 0 0 0 

608 597 425 53 0 0.536013 0 0 0 0 0 0 0 0 0 0 0 0 0 0 0 0 0 0 0 0.0555556 0 0.333333 0.0555556 0.333333 0.111111 0.0555556 0.0555556 0 0 0 0 0 0 

672 653 474 53 0 0.490046 0 0 0 0 0 0 0 0 0 0 0 0 0 0 0 0 0 0 0 0 0.1 0 0.2 0.25 0.35 0.1 0 0 0 0 0 0 0 

640 625 477 53 0 0.512 0 0 0 0 0 0 0 0 0 0 0 0 0 0 0 0 0 0 0 0 0 0.0526316 0.157895 0.210526 0.105263 0.105263 0.315789 0.0526316 0 0 0 0 0 

544 525 392 53 0 0.609524 0 0 0 0 0 0 0 0 0 0 0 0 0 0 0 0 0 0 0 0 0 0.0625 0.125 0.3125 0.1875 0.25 0 0.0625 0 0 0 0 0 

512 494 366 53 0 0.647773 0 0 0 0 0 0 0 0 0 0 0 0 0 0 0 0 0 0.0666667 0 0 0 0 0.0666667 0.266667 0.4 0.133333 0 0.0666667 0 0 0 0 0 

672 657 478 53 0 0.487062 0 0 0 0 0 0 0 0 0 0 0 0 0 0 0 0 0 0 0 0.05 0.1 0.05 0.2 0.2 0.15 0.15 0 0.1 0 0 0 0 0 

480 467 352 53 0 0.685225 0 0 0 0 0 0 0 0 0 0 0 0 0 0 0 0 0 0 0 0.0714286 0 0.0714286 0 0.285714 0.0714286 0.357143 0.142857 0 0 0 0 0 0 

576 559 416 53 0 0.572451 0 0 0 0 0 0 0 0 0 0 0 0 0 0 0 0 0 0 0 0 0 0.0588235 0.117647 0.294118 0.235294 0.294118 0 0 0 0 0 0 0 

544 528 391 53 0 0.606061 0 0 0 0 0 0 0 0 0 0 0 0 0 0 0 0 0 0 0 0 0 0 0.3125 0.1875 0.25 0.25 0 0 0 0 0 0 0 

576 565 407 53 0 0.566372 0 0 0 0 0 0 0 0 0 0 0 0 0 0 0 0 0 0 0 0 0 0.176471 0.235294 0.352941 0.176471 0.0588235 0 0 0 0 0 0 0 

608 588 436 53 0 0.544218 0 0 0 0 0 0 0 0 0 0 0 0 0 0 0 0 0 0 0 0 0 0.0555556 0.222222 0.222222 0.166667 0.277778 0.0555556 0 0 0 0 0 0 

576 560 406 53 0 0.571429 0 0 0 0 0 0 0 0 0 0 0 0 0 0 0 0 0 0 0 0 0.176471 0.0588235 0 0.235294 0.470588 0.0588235 0 0 0 0 0 0 0 

544 520 384 53 0 0.615385 0 0 0 0 0 0 0 0 0 0 0 0 0 0 0 0 0 0 0 0 0.0625 0 0.1875 0.25 0.1875 0.25 0.0625 0 0 0 0 0 0 

512 487 355 53 0 0.657084 0 0 0 0 0 0 0 0 0 0 0 0 0 0 0 0 0 0 0 0 0 0.0666667 0.266667 0.333333 0.133333 0.133333 0.0666667 0 0 0 0 0 0 

544 524 385 53 0 0.610687 0 0 0 0 0 0 0 0 0 0 0 0 0 0 0 0 0 0 0 0.0625 0 0 0.3125 0.125 0.1875 0.25 0.0625 0 0 0 0 0 0 

640 618 460 53 0 0.517799 0 0 0 0 0 0 0 0 0 0 0 0 0 0 0 0 0 0 0 0.0526316 0 0.105263 0.0526316 0.157895 0.315789 0.157895 0.105263 0.0526316 0 0 0 0 0 

544 521 370 53 0 0.614203 0 0 0 0 0 0 0 0 0 0 0 0 0 0 0 0 0 0 0 0.0625 0.0625 0.0625 0.1875 0.4375 0.0625 0.125 0 0 0 0 0 0 0 

512 501 380 53 0 0.638723 0 0 0 0 0 0 0 0 0 0 0 0 0 0 0 0 0 0 0 0 0 0.133333 0 0.266667 0.266667 0.0666667 0.266667 0 0 0 0 0 0 

512 482 356 53 0 0.6639 0 0 0 0 0 0 0 0 0 0 0 0 0 0 0 0 0 0 0 0 0 0.0666667 0.133333 0.266667 0.333333 0.133333 0 0.0666667 0 0 0 0 0 

512 496 370 53 0 0.645161 0 0 0 0 0 0 0 0 0 0 0 0 0 0 0 0 0 0 0 0.0666667 0 0.0666667 0.0666667 0.133333 0.333333 0.266667 0.0666667 0 0 0 0 0 0 

544 528 392 53 0 0.606061 0 0 0 0 0 0 0 0 0 0 0 0 0 0 0 0 0 0 0 0.0625 0 0.0625 0.0625 0.375 0.125 0.1875 0.0625 0.0625 0 0 0 0 0 

608 583 424 53 0 0.548885 0 0 0 0 0 0 0 0 0 0 0 0 0 0 0 0 0 0 0 0 0.111111 0.0555556 0.277778 0.0555556 0.277778 0.0555556 0.166667 0 0 0 0 0 0 

576 560 411 53 0 0.571429 0 0 0 0 0 0 0 0 0 0 0 0 0 0 0 0 0 0 0 0 0 0.117647 0.235294 0.176471 0.294118 0.117647 0.0588235 0 0 0 0 0 0 

576 557 402 53 0 0.574506 0 0 0 0 0 0 0 0 0 0 0 0 0 0 0 0 0 0 0 0 0.117647 0.117647 0.117647 0.294118 0.176471 0.117647 0.0588235 0 0 0 0 0 0 

576 557 417 53 0 0.574506 0 0 0 0 0 0 0 0 0 0 0 0 0 0 0 0 0 0 0 0 0 0.0588235 0.117647 0.176471 0.294118 0.352941 0 0 0 0 0 0 0 

608 584 412 53 0 0.547945 0 0 0 0 0 0 0 0 0 0 0 0 0 0 0 0 0.0555556 0 0.0555556 0.0555556 0.0555556 0.0555556 0.111111 0.166667 0.222222 0.166667 0.0555556 0 0 0 0 0 0 

480 456 340 53 0 0.701754 0 0 0 0 0 0 0 0 0 0 0 0 0 0 0 0 0 0 0 0.0714286 0 0.0714286 0 0.214286 0.285714 0.214286 0.142857 0 0 0 0 0 0 

576 555 399 53 0 0.576577 0 0 0 0 0 0 0 0 0 0 0 0 0 0 0 0 0 0 0 0.0588235 0 0.235294 0.0588235 0.235294 0.294118 0.0588235 0.0588235 0 0 0 0 0 0 

544 516 368 53 0 0.620155 0 0 0 0 0 0 0 0 0 0 0 0 0 0 0 0 0 0 0 0.0625 0.0625 0.1875 0.125 0.125 0.25 0.125 0.0625 0 0 0 0 0 0 

480 466 348 53 0 0.686695 0 0 0 0 0 0 0 0 0 0 0 0 0 0 0 0 0 0 0 0 0 0.214286 0.0714286 0.142857 0.214286 0.285714 0 0.0714286 0 0 0 0 0 

608 591 428 53 0 0.541455 0 0 0 0 0 0 0 0 0 0 0 0 0 0 0 0 0 0 0 0 0.0555556 0.277778 0.0555556 0.222222 0.111111 0.222222 0.0555556 0 0 0 0 0 0 

448 431 321 53 0 0.742459 0 0 0 0 0 0 0 0 0 0 0 0 0 0 0 0 0 0 0 0 0 0 0.153846 0.461538 0.230769 0.0769231 0 0.0769231 0 0 0 0 0 

576 561 401 53 0 0.57041 0 0 0 0 0 0 0 0 0 0 0 0 0 0 0 0 0 0 0.0588235 0.0588235 0.0588235 0.117647 0.0588235 0.235294 0.235294 0.176471 0 0 0 0 0 0 0 

640 620 465 53 0 0.516129 0 0 0 0 0 0 0 0 0 0 0 0 0 0 0 0 0 0 0 0 0 0 0.210526 0.263158 0.157895 0.210526 0.157895 0 0 0 0 0 0 

544 520 374 53 0 0.615385 0 0 0 0 0 0 0 0 0 0 0 0 0 0 0 0 0 0 0 0 0.0625 0.1875 0.0625 0.4375 0.0625 0.125 0.0625 0 0 0 0 0 0 

