416 395 295 37 0 0.405063 0 0 0 0 0 0 0 0 0 0 0 0 0 0 0 0 0 0 0 0 0 0.166667 0.25 0 0.166667 0.166667 0.25 0 0 0 0 0 0 

672 661 473 37 0 0.242057 0 0 0 0 0 0 0 0 0 0 0 0 0 0 0 0 0 0.05 0 0 0.1 0.1 0.25 0.05 0.3 0.1 0.05 0 0 0 0 0 0 

416 395 293 37 0 0.405063 0 0 0 0 0 0 0 0 0 0 0 0 0 0 0 0 0 0 0 0 0 0.0833333 0.166667 0.333333 0.166667 0.166667 0 0.0833333 0 0 0 0 0 

416 395 286 37 0 0.405063 0 0 0 0 0 0 0 0 0 0 0 0 0 0 0 0 0 0 0 0.0833333 0.0833333 0.0833333 0.166667 0.0833333 0.25 0.166667 0.0833333 0 0 0 0 0 0 

416 395 296 37 0 0.405063 0 0 0 0 0 0 0 0 0 0 0 0 0 0 0 0 0 0 0 0 0 0 0.25 0.166667 0.25 0.25 0.0833333 0 0 0 0 0 0 

416 395 290 37 0 0.405063 0 0 0 0 0 0 0 0 0 0 0 0 0 0 0 0 0 0 0 0 0 0.166667 0.166667 0.25 0.25 0 0.166667 0 0 0 0 0 0 

416 395 281 37 0 0.405063 0 0 0 0 0 0 0 0 0 0 0 0 0 0 0 0 0 0 0 0 0 0.0833333 0.5 0.25 0.166667 0 0 0 0 0 0 0 0 

416 395 285 37 0 0.405063 0 0 0 0 0 0 0 0 0 0 0 0 0 0 0 0 0 0 0 0.0833333 0 0.166667 0.0833333 0.416667 0.0833333 0.0833333 0 0.0833333 0 0 0 0 0 

416 395 291 37 0 0.405063 0 0 0 0 0 0 0 0 0 0 0 0 0 0 0 0 0 0 0 0 0 0.166667 0.166667 0.25 0.166667 0.0833333 0.166667 0 0 0 0 0 0 

416 395 292 37 0 0.405063 0 0 0 0 0 0 0 0 0 0 0 0 0 0 0 0 0 0 0 0 0 0.0833333 0.0833333 0.416667 0.166667 0.25 0 0 0 0 0 0 0 

