960 934 682 75 0 0.685225 0 0 0 0 0 0 0 0 0 0 0 0 0 0 0 0 0 0 0 0 0.0689655 0 0.206897 0.241379 0.275862 0.172414 0.0344828 0 0 0 0 0 0 

992 966 712 75 0 0.662526 0 0 0 0 0 0 0 0 0 0 0 0 0 0 0 0 0 0 0 0 0.1 0.0333333 0.1 0.233333 0.266667 0.133333 0.0666667 0.0666667 0 0 0 0 0 

992 967 701 75 0 0.661841 0 0 0 0 0 0 0 0 0 0 0 0 0 0 0 0 0 0 0 0 0.0333333 0.166667 0.166667 0.1 0.333333 0.2 0 0 0 0 0 0 0 

992 969 698 75 0 0.660475 0 0 0 0 0 0 0 0 0 0 0 0 0 0 0 0 0 0 0 0 0.1 0.1 0.233333 0.233333 0.1 0.133333 0.0666667 0.0333333 0 0 0 0 0 

992 964 697 75 0 0.6639 0 0 0 0 0 0 0 0 0 0 0 0 0 0 0 0 0 0 0.0333333 0 0.0333333 0.133333 0.1 0.3 0.166667 0.133333 0.1 0 0 0 0 0 0 

992 967 701 75 0 0.661841 0 0 0 0 0 0 0 0 0 0 0 0 0 0 0 0 0 0 0.0333333 0.0333333 0.0666667 0.0666667 0 0.233333 0.4 0.133333 0.0333333 0 0 0 0 0 0 

960 931 680 75 0 0.687433 0 0 0 0 0 0 0 0 0 0 0 0 0 0 0 0 0 0 0 0 0.0689655 0.103448 0.103448 0.206897 0.310345 0.0689655 0.137931 0 0 0 0 0 0 

1024 994 720 75 0 0.643863 0 0 0 0 0 0 0 0 0 0 0 0 0 0 0 0 0 0 0 0.0322581 0.0322581 0.129032 0.129032 0.225806 0.193548 0.193548 0.0645161 0 0 0 0 0 0 

960 934 684 75 0 0.685225 0 0 0 0 0 0 0 0 0 0 0 0 0 0 0 0 0 0 0 0 0.0689655 0.0344828 0.206897 0.206897 0.172414 0.241379 0.0689655 0 0 0 0 0 0 

1152 1126 811 75 0 0.568384 0 0 0 0 0 0 0 0 0 0 0 0 0 0 0 0 0 0.0285714 0 0 0 0.114286 0.257143 0.285714 0.0571429 0.171429 0.0857143 0 0 0 0 0 0 

992 971 706 75 0 0.659114 0 0 0 0 0 0 0 0 0 0 0 0 0 0 0 0 0 0 0 0 0.0666667 0.133333 0.133333 0.166667 0.3 0.133333 0.0666667 0 0 0 0 0 0 

960 934 703 75 0 0.685225 0 0 0 0 0 0 0 0 0 0 0 0 0 0 0 0 0 0 0 0 0 0.0344828 0.0689655 0.172414 0.413793 0.172414 0.137931 0 0 0 0 0 0 

992 971 716 75 0 0.659114 0 0 0 0 0 0 0 0 0 0 0 0 0 0 0 0 0 0 0 0.0333333 0 0.0666667 0.166667 0.233333 0.2 0.2 0.0666667 0.0333333 0 0 0 0 0 

992 972 700 75 0 0.658436 0 0 0 0 0 0 0 0 0 0 0 0 0 0 0 0 0 0 0 0.0333333 0.0666667 0.0666667 0.3 0.1 0.2 0.2 0.0333333 0 0 0 0 0 0 

992 967 705 75 0 0.661841 0 0 0 0 0 0 0 0 0 0 0 0 0 0 0 0 0 0 0 0 0.0666667 0 0.133333 0.3 0.4 0.1 0 0 0 0 0 0 0 

992 967 707 75 0 0.661841 0 0 0 0 0 0 0 0 0 0 0 0 0 0 0 0 0 0 0 0 0 0.166667 0.166667 0.3 0.133333 0.0666667 0.1 0.0666667 0 0 0 0 0 

960 933 687 75 0 0.685959 0 0 0 0 0 0 0 0 0 0 0 0 0 0 0 0 0 0 0 0 0.0689655 0.0689655 0.137931 0.137931 0.275862 0.206897 0.103448 0 0 0 0 0 0 

896 872 642 75 0 0.733945 0 0 0 0 0 0 0 0 0 0 0 0 0 0 0 0 0 0 0 0 0 0.0740741 0.148148 0.296296 0.259259 0.148148 0.0740741 0 0 0 0 0 0 

992 969 705 75 0 0.660475 0 0 0 0 0 0 0 0 0 0 0 0 0 0 0 0 0 0 0 0.0333333 0 0.133333 0.133333 0.233333 0.266667 0.133333 0.0666667 0 0 0 0 0 0 

992 967 709 75 0 0.661841 0 0 0 0 0 0 0 0 0 0 0 0 0 0 0 0 0 0 0.0333333 0 0.0333333 0.0666667 0.133333 0.2 0.333333 0.0666667 0.0666667 0.0666667 0 0 0 0 0 

1024 996 725 75 0 0.64257 0 0 0 0 0 0 0 0 0 0 0 0 0 0 0 0 0 0 0 0 0.0967742 0.0645161 0.193548 0.16129 0.225806 0.16129 0.0645161 0.0322581 0 0 0 0 0 

992 966 712 75 0 0.662526 0 0 0 0 0 0 0 0 0 0 0 0 0 0 0 0 0 0 0 0 0.0333333 0.0333333 0.233333 0.133333 0.3 0.166667 0.1 0 0 0 0 0 0 

960 933 681 75 0 0.685959 0 0 0 0 0 0 0 0 0 0 0 0 0 0 0 0 0 0 0 0.0344828 0 0.137931 0.206897 0.137931 0.172414 0.206897 0.0689655 0.0344828 0 0 0 0 0 

992 967 702 75 0 0.661841 0 0 0 0 0 0 0 0 0 0 0 0 0 0 0 0 0 0 0.0333333 0 0.1 0 0.133333 0.3 0.233333 0.1 0.0666667 0.0333333 0 0 0 0 0 

992 967 709 75 0 0.661841 0 0 0 0 0 0 0 0 0 0 0 0 0 0 0 0 0 0 0 0 0.0333333 0.0666667 0.233333 0.1 0.333333 0.166667 0.0666667 0 0 0 0 0 0 

928 900 668 75 0 0.711111 0 0 0 0 0 0 0 0 0 0 0 0 0 0 0 0 0 0 0 0 0 0.0714286 0.142857 0.178571 0.321429 0.214286 0.0357143 0.0357143 0 0 0 0 0 

992 966 696 75 0 0.662526 0 0 0 0 0 0 0 0 0 0 0 0 0 0 0 0 0 0 0.0333333 0 0.0666667 0.1 0.2 0.2 0.166667 0.166667 0 0.0666667 0 0 0 0 0 

992 967 702 75 0 0.661841 0 0 0 0 0 0 0 0 0 0 0 0 0 0 0 0 0 0 0 0 0.0333333 0.1 0.233333 0.233333 0.2 0.133333 0.0333333 0.0333333 0 0 0 0 0 

992 966 702 75 0 0.662526 0 0 0 0 0 0 0 0 0 0 0 0 0 0 0 0 0 0 0 0 0.0333333 0.0666667 0.2 0.3 0.233333 0.133333 0 0.0333333 0 0 0 0 0 

992 971 703 75 0 0.659114 0 0 0 0 0 0 0 0 0 0 0 0 0 0 0 0 0 0 0 0.0333333 0 0.133333 0.233333 0.2 0.166667 0.166667 0.0666667 0 0 0 0 0 0 

992 967 707 75 0 0.661841 0 0 0 0 0 0 0 0 0 0 0 0 0 0 0 0 0 0 0 0 0.0333333 0.1 0.2 0.2 0.2 0.166667 0.1 0 0 0 0 0 0 

992 971 707 75 0 0.659114 0 0 0 0 0 0 0 0 0 0 0 0 0 0 0 0 0 0 0 0.0333333 0.133333 0.1 0.0333333 0.166667 0.233333 0.2 0.0666667 0.0333333 0 0 0 0 0 

992 972 698 75 0 0.658436 0 0 0 0 0 0 0 0 0 0 0 0 0 0 0 0 0 0.0333333 0 0.0666667 0 0.1 0.166667 0.2 0.2 0.2 0.0333333 0 0 0 0 0 0 

992 971 693 75 0 0.659114 0 0 0 0 0 0 0 0 0 0 0 0 0 0 0 0 0 0.0333333 0 0 0.0666667 0.133333 0.166667 0.3 0.166667 0.0333333 0.0666667 0.0333333 0 0 0 0 0 

1024 995 714 75 0 0.643216 0 0 0 0 0 0 0 0 0 0 0 0 0 0 0 0 0 0 0.0322581 0 0.0645161 0.0645161 0.225806 0.193548 0.225806 0.16129 0.0322581 0 0 0 0 0 0 

992 967 699 75 0 0.661841 0 0 0 0 0 0 0 0 0 0 0 0 0 0 0 0 0 0 0 0.0333333 0.0666667 0.0666667 0.233333 0.166667 0.233333 0.1 0.0666667 0.0333333 0 0 0 0 0 

1056 1028 738 75 0 0.622568 0 0 0 0 0 0 0 0 0 0 0 0 0 0 0 0 0 0 0 0.09375 0.03125 0.0625 0.125 0.25 0.3125 0.0625 0.03125 0.03125 0 0 0 0 0 

992 969 708 75 0 0.660475 0 0 0 0 0 0 0 0 0 0 0 0 0 0 0 0 0 0 0 0.0666667 0.0333333 0.133333 0.133333 0.0666667 0.266667 0.133333 0.133333 0.0333333 0 0 0 0 0 

992 967 695 75 0 0.661841 0 0 0 0 0 0 0 0 0 0 0 0 0 0 0 0 0 0 0 0.0333333 0.166667 0.0333333 0.133333 0.233333 0.133333 0.2 0.0333333 0.0333333 0 0 0 0 0 

992 969 699 75 0 0.660475 0 0 0 0 0 0 0 0 0 0 0 0 0 0 0 0 0 0 0.0333333 0 0.1 0.166667 0.1 0.2 0.1 0.133333 0.133333 0.0333333 0 0 0 0 0 

960 934 692 75 0 0.685225 0 0 0 0 0 0 0 0 0 0 0 0 0 0 0 0 0 0 0 0 0.0689655 0.0689655 0.137931 0.137931 0.275862 0.103448 0.172414 0.0344828 0 0 0 0 0 

992 962 704 75 0 0.665281 0 0 0 0 0 0 0 0 0 0 0 0 0 0 0 0 0 0 0 0.0333333 0 0.0666667 0.0666667 0.4 0.233333 0.133333 0.0333333 0.0333333 0 0 0 0 0 

960 934 689 75 0 0.685225 0 0 0 0 0 0 0 0 0 0 0 0 0 0 0 0 0 0 0 0.0344828 0 0.0344828 0.275862 0.103448 0.137931 0.344828 0.0689655 0 0 0 0 0 0 

992 972 703 75 0 0.658436 0 0 0 0 0 0 0 0 0 0 0 0 0 0 0 0 0 0 0 0.1 0 0.133333 0.166667 0.133333 0.133333 0.266667 0.0666667 0 0 0 0 0 0 

960 932 686 75 0 0.686695 0 0 0 0 0 0 0 0 0 0 0 0 0 0 0 0 0 0 0 0 0.0344828 0.0689655 0.0689655 0.310345 0.275862 0.172414 0.0689655 0 0 0 0 0 0 

992 964 693 75 0 0.6639 0 0 0 0 0 0 0 0 0 0 0 0 0 0 0 0 0 0 0 0 0 0.0666667 0.333333 0.266667 0.3 0 0 0.0333333 0 0 0 0 0 

992 967 699 75 0 0.661841 0 0 0 0 0 0 0 0 0 0 0 0 0 0 0 0 0 0 0.0333333 0 0 0.233333 0.133333 0.1 0.2 0.266667 0.0333333 0 0 0 0 0 0 

992 967 701 75 0 0.661841 0 0 0 0 0 0 0 0 0 0 0 0 0 0 0 0 0 0 0 0 0.0666667 0.166667 0.133333 0.166667 0.2 0.2 0.0666667 0 0 0 0 0 0 

992 967 696 75 0 0.661841 0 0 0 0 0 0 0 0 0 0 0 0 0 0 0 0 0 0 0 0 0.0666667 0.0666667 0.233333 0.233333 0.266667 0.133333 0 0 0 0 0 0 0 

1024 995 725 75 0 0.643216 0 0 0 0 0 0 0 0 0 0 0 0 0 0 0 0 0 0 0.0322581 0.0645161 0.0645161 0 0.0322581 0.225806 0.322581 0.16129 0.0967742 0 0 0 0 0 0 

992 966 713 75 0 0.662526 0 0 0 0 0 0 0 0 0 0 0 0 0 0 0 0 0 0 0 0 0.1 0.1 0.0666667 0.2 0.166667 0.166667 0.166667 0.0333333 0 0 0 0 0 

960 931 703 75 0 0.687433 0 0 0 0 0 0 0 0 0 0 0 0 0 0 0 0 0 0 0 0 0 0.0689655 0.172414 0.0689655 0.206897 0.241379 0.206897 0.0344828 0 0 0 0 0 

1024 996 736 75 0 0.64257 0 0 0 0 0 0 0 0 0 0 0 0 0 0 0 0 0 0 0 0.0322581 0 0.0967742 0.0967742 0.258065 0.0967742 0.322581 0.0967742 0 0 0 0 0 0 

992 971 712 75 0 0.659114 0 0 0 0 0 0 0 0 0 0 0 0 0 0 0 0 0 0 0.0333333 0 0.0666667 0.0333333 0.1 0.233333 0.2 0.3 0.0333333 0 0 0 0 0 0 

992 964 710 75 0 0.6639 0 0 0 0 0 0 0 0 0 0 0 0 0 0 0 0 0 0 0 0 0.0333333 0.0333333 0.2 0.266667 0.2 0.133333 0.1 0.0333333 0 0 0 0 0 

992 964 699 75 0 0.6639 0 0 0 0 0 0 0 0 0 0 0 0 0 0 0 0 0 0 0.0333333 0 0.0333333 0.133333 0.0666667 0.133333 0.433333 0.166667 0 0 0 0 0 0 0 

992 967 713 75 0 0.661841 0 0 0 0 0 0 0 0 0 0 0 0 0 0 0 0 0 0 0 0 0 0.0666667 0.233333 0.166667 0.3 0.1 0.133333 0 0 0 0 0 0 

992 964 708 75 0 0.6639 0 0 0 0 0 0 0 0 0 0 0 0 0 0 0 0 0 0 0 0.0333333 0.0333333 0.0333333 0.1 0.3 0.2 0.233333 0.0666667 0 0 0 0 0 0 

992 967 702 75 0 0.661841 0 0 0 0 0 0 0 0 0 0 0 0 0 0 0 0 0 0 0.0333333 0 0.0333333 0.166667 0.0666667 0.266667 0.166667 0.166667 0.0666667 0.0333333 0 0 0 0 0 

960 931 682 75 0 0.687433 0 0 0 0 0 0 0 0 0 0 0 0 0 0 0 0 0 0 0 0.0689655 0 0.103448 0.103448 0.172414 0.275862 0.137931 0.103448 0.0344828 0 0 0 0 0 

992 964 695 75 0 0.6639 0 0 0 0 0 0 0 0 0 0 0 0 0 0 0 0 0 0 0.0333333 0 0.1 0.0666667 0.166667 0.2 0.166667 0.233333 0 0 0.0333333 0 0 0 0 

928 900 661 75 0 0.711111 0 0 0 0 0 0 0 0 0 0 0 0 0 0 0 0 0 0 0 0 0 0.0357143 0.321429 0.178571 0.25 0.107143 0.0357143 0.0714286 0 0 0 0 0 

896 872 642 75 0 0.733945 0 0 0 0 0 0 0 0 0 0 0 0 0 0 0 0 0 0 0.037037 0 0.037037 0.0740741 0.148148 0.148148 0.222222 0.222222 0.0740741 0 0.037037 0 0 0 0 

992 972 696 75 0 0.658436 0 0 0 0 0 0 0 0 0 0 0 0 0 0 0 0 0 0 0 0.0666667 0 0.133333 0.166667 0.2 0.366667 0.0666667 0 0 0 0 0 0 0 

1024 996 726 75 0 0.64257 0 0 0 0 0 0 0 0 0 0 0 0 0 0 0 0 0 0 0 0.0322581 0 0.0322581 0.129032 0.419355 0.16129 0.225806 0 0 0 0 0 0 0 

992 967 697 75 0 0.661841 0 0 0 0 0 0 0 0 0 0 0 0 0 0 0 0 0 0 0 0.0333333 0.0333333 0.133333 0.0666667 0.4 0.166667 0.1 0.0666667 0 0 0 0 0 0 

960 931 692 75 0 0.687433 0 0 0 0 0 0 0 0 0 0 0 0 0 0 0 0 0 0 0 0 0 0.0344828 0.137931 0.310345 0.241379 0.137931 0.103448 0.0344828 0 0 0 0 0 

1024 993 697 75 0 0.644512 0 0 0 0 0 0 0 0 0 0 0 0 0 0 0 0 0 0 0 0.0322581 0.0967742 0.0967742 0.193548 0.354839 0.193548 0.0322581 0 0 0 0 0 0 0 

992 971 707 75 0 0.659114 0 0 0 0 0 0 0 0 0 0 0 0 0 0 0 0 0 0 0 0.0333333 0.1 0.1 0.0666667 0.233333 0.166667 0.2 0.0666667 0.0333333 0 0 0 0 0 

992 964 699 75 0 0.6639 0 0 0 0 0 0 0 0 0 0 0 0 0 0 0 0 0 0 0 0.0333333 0.0333333 0.0333333 0.1 0.4 0.266667 0.1 0.0333333 0 0 0 0 0 0 

928 900 667 75 0 0.711111 0 0 0 0 0 0 0 0 0 0 0 0 0 0 0 0 0 0.0357143 0 0 0.0357143 0.0357143 0.0714286 0.25 0.25 0.142857 0.107143 0.0714286 0 0 0 0 0 

992 964 703 75 0 0.6639 0 0 0 0 0 0 0 0 0 0 0 0 0 0 0 0 0 0 0 0 0.0333333 0.0666667 0.233333 0.2 0.266667 0.133333 0.0333333 0.0333333 0 0 0 0 0 

1056 1027 725 75 0 0.623174 0 0 0 0 0 0 0 0 0 0 0 0 0 0 0 0 0 0 0.09375 0 0 0.125 0.25 0.25 0.125 0.09375 0.03125 0.03125 0 0 0 0 0 

992 964 699 75 0 0.6639 0 0 0 0 0 0 0 0 0 0 0 0 0 0 0 0 0 0 0 0 0.0666667 0.0666667 0.233333 0.1 0.366667 0.133333 0.0333333 0 0 0 0 0 0 

992 966 705 75 0 0.662526 0 0 0 0 0 0 0 0 0 0 0 0 0 0 0 0 0 0 0 0.0333333 0.0333333 0.166667 0.0333333 0.2 0.266667 0.166667 0.1 0 0 0 0 0 0 

1024 996 717 75 0 0.64257 0 0 0 0 0 0 0 0 0 0 0 0 0 0 0 0 0 0 0 0.0322581 0.0645161 0.16129 0.0645161 0.193548 0.290323 0.16129 0.0322581 0 0 0 0 0 0 

992 971 719 75 0 0.659114 0 0 0 0 0 0 0 0 0 0 0 0 0 0 0 0 0 0 0 0 0.0333333 0.0666667 0.2 0.1 0.333333 0.133333 0.1 0.0333333 0 0 0 0 0 

960 934 687 75 0 0.685225 0 0 0 0 0 0 0 0 0 0 0 0 0 0 0 0 0 0 0 0.0344828 0 0.0689655 0.172414 0.206897 0.206897 0.206897 0.103448 0 0 0 0 0 0 

992 969 695 75 0 0.660475 0 0 0 0 0 0 0 0 0 0 0 0 0 0 0 0 0 0 0 0 0.0666667 0.133333 0.166667 0.333333 0.133333 0.133333 0.0333333 0 0 0 0 0 0 

1024 996 720 75 0 0.64257 0 0 0 0 0 0 0 0 0 0 0 0 0 0 0 0 0 0 0 0.0322581 0.0645161 0.0967742 0.193548 0.258065 0.0967742 0.129032 0.0645161 0.0645161 0 0 0 0 0 

1024 996 724 75 0 0.64257 0 0 0 0 0 0 0 0 0 0 0 0 0 0 0 0 0 0 0 0 0.0322581 0.16129 0.16129 0.193548 0.129032 0.290323 0.0322581 0 0 0 0 0 0 

992 967 699 75 0 0.661841 0 0 0 0 0 0 0 0 0 0 0 0 0 0 0 0 0 0 0.0333333 0.0666667 0 0.133333 0.1 0.233333 0.1 0.266667 0.0333333 0.0333333 0 0 0 0 0 

1024 996 708 75 0 0.64257 0 0 0 0 0 0 0 0 0 0 0 0 0 0 0 0 0 0 0 0.0322581 0.0645161 0.0967742 0.258065 0.290323 0.0645161 0.16129 0.0322581 0 0 0 0 0 0 

992 966 708 75 0 0.662526 0 0 0 0 0 0 0 0 0 0 0 0 0 0 0 0 0 0 0 0 0 0.0666667 0.266667 0.233333 0.166667 0.166667 0.1 0 0 0 0 0 0 

928 900 670 75 0 0.711111 0 0 0 0 0 0 0 0 0 0 0 0 0 0 0 0 0 0 0 0 0.0357143 0.0357143 0.142857 0.142857 0.321429 0.178571 0.142857 0 0 0 0 0 0 

992 969 691 75 0 0.660475 0 0 0 0 0 0 0 0 0 0 0 0 0 0 0 0 0 0 0 0.0333333 0.166667 0.0333333 0.2 0.133333 0.3 0.1 0 0.0333333 0 0 0 0 0 

992 969 704 75 0 0.660475 0 0 0 0 0 0 0 0 0 0 0 0 0 0 0 0 0 0 0.0333333 0 0.0333333 0.1 0.1 0.366667 0.166667 0.0666667 0.1 0.0333333 0 0 0 0 0 

1024 993 705 75 0 0.644512 0 0 0 0 0 0 0 0 0 0 0 0 0 0 0 0 0 0 0.0322581 0.0322581 0.0322581 0.129032 0.258065 0.16129 0.193548 0.0645161 0.0967742 0 0 0 0 0 0 

992 964 703 75 0 0.6639 0 0 0 0 0 0 0 0 0 0 0 0 0 0 0 0 0 0 0 0 0.0333333 0.1 0.266667 0.233333 0.1 0.0666667 0.166667 0.0333333 0 0 0 0 0 

992 964 694 75 0 0.6639 0 0 0 0 0 0 0 0 0 0 0 0 0 0 0 0 0 0.0333333 0.0333333 0 0.0333333 0.1 0.133333 0.166667 0.266667 0.166667 0.0666667 0 0 0 0 0 0 

1024 996 709 75 0 0.64257 0 0 0 0 0 0 0 0 0 0 0 0 0 0 0 0 0 0 0 0 0.0967742 0.16129 0.16129 0.290323 0.16129 0.0645161 0.0322581 0.0322581 0 0 0 0 0 

960 934 684 75 0 0.685225 0 0 0 0 0 0 0 0 0 0 0 0 0 0 0 0 0 0 0 0 0 0.103448 0.172414 0.310345 0.172414 0.172414 0.0344828 0.0344828 0 0 0 0 0 

992 966 710 75 0 0.662526 0 0 0 0 0 0 0 0 0 0 0 0 0 0 0 0 0 0 0 0 0 0.0333333 0.266667 0.266667 0.166667 0.166667 0.1 0 0 0 0 0 0 

992 967 715 75 0 0.661841 0 0 0 0 0 0 0 0 0 0 0 0 0 0 0 0 0 0 0 0.0333333 0.0333333 0.0666667 0.0666667 0.2 0.233333 0.3 0.0666667 0 0 0 0 0 0 

1024 996 723 75 0 0.64257 0 0 0 0 0 0 0 0 0 0 0 0 0 0 0 0 0 0 0 0 0.0322581 0.0645161 0.225806 0.193548 0.322581 0.16129 0 0 0 0 0 0 0 

992 967 708 75 0 0.661841 0 0 0 0 0 0 0 0 0 0 0 0 0 0 0 0 0 0 0 0.0333333 0.0333333 0.0666667 0.0666667 0.3 0.3 0.1 0.1 0 0 0 0 0 0 

992 966 708 75 0 0.662526 0 0 0 0 0 0 0 0 0 0 0 0 0 0 0 0 0 0 0 0 0 0.0666667 0.266667 0.2 0.2 0.233333 0 0.0333333 0 0 0 0 0 

992 972 698 75 0 0.658436 0 0 0 0 0 0 0 0 0 0 0 0 0 0 0 0 0 0 0 0.0333333 0.0333333 0.1 0.2 0.233333 0.3 0.1 0 0 0 0 0 0 0 

1024 996 712 75 0 0.64257 0 0 0 0 0 0 0 0 0 0 0 0 0 0 0 0 0 0 0 0.0645161 0.0322581 0.129032 0.225806 0.16129 0.16129 0.16129 0.0645161 0 0 0 0 0 0 

992 966 703 75 0 0.662526 0 0 0 0 0 0 0 0 0 0 0 0 0 0 0 0 0 0 0 0.0666667 0 0.0666667 0.133333 0.233333 0.3 0.133333 0.0666667 0 0 0 0 0 0 

