288 276 204 37 0 0.57971 0 0 0 0 0 0 0 0 0 0 0 0 0 0 0 0 0 0 0 0 0 0.25 0.25 0.125 0.125 0.125 0.125 0 0 0 0 0 0 

288 273 209 37 0 0.586081 0 0 0 0 0 0 0 0 0 0 0 0 0 0 0 0 0 0 0 0 0 0 0.125 0.25 0.25 0.25 0.125 0 0 0 0 0 0 

256 242 181 37 0 0.661157 0 0 0 0 0 0 0 0 0 0 0 0 0 0 0 0 0 0 0 0 0 0.142857 0.142857 0.428571 0 0.142857 0.142857 0 0 0 0 0 0 

288 271 209 37 0 0.590406 0 0 0 0 0 0 0 0 0 0 0 0 0 0 0 0 0 0 0 0 0 0 0 0.5 0 0.375 0 0.125 0 0 0 0 0 

256 233 165 37 0 0.686695 0 0 0 0 0 0 0 0 0 0 0 0 0 0 0 0 0 0 0 0.142857 0 0.142857 0.285714 0.142857 0.142857 0.142857 0 0 0 0 0 0 0 

256 238 177 37 0 0.672269 0 0 0 0 0 0 0 0 0 0 0 0 0 0 0 0 0 0 0 0 0 0.285714 0 0.142857 0.285714 0.285714 0 0 0 0 0 0 0 

288 274 208 37 0 0.583942 0 0 0 0 0 0 0 0 0 0 0 0 0 0 0 0 0 0 0 0 0 0.125 0.125 0 0.5 0.125 0.125 0 0 0 0 0 0 

288 276 195 37 0 0.57971 0 0 0 0 0 0 0 0 0 0 0 0 0 0 0 0 0 0 0.125 0.125 0 0.125 0.25 0.125 0 0.25 0 0 0 0 0 0 0 

288 269 200 37 0 0.594796 0 0 0 0 0 0 0 0 0 0 0 0 0 0 0 0 0 0 0 0 0 0.125 0.375 0 0 0.5 0 0 0 0 0 0 0 

288 274 207 37 0 0.583942 0 0 0 0 0 0 0 0 0 0 0 0 0 0 0 0 0 0 0 0 0 0.125 0.25 0.125 0 0.375 0.125 0 0 0 0 0 0 

256 245 188 37 0 0.653061 0 0 0 0 0 0 0 0 0 0 0 0 0 0 0 0 0 0 0 0 0 0 0.285714 0.142857 0.285714 0.142857 0 0.142857 0 0 0 0 0 

320 303 223 37 0 0.528053 0 0 0 0 0 0 0 0 0 0 0 0 0 0 0 0 0 0 0 0 0 0 0.444444 0.111111 0.333333 0.111111 0 0 0 0 0 0 0 

288 266 198 37 0 0.601504 0 0 0 0 0 0 0 0 0 0 0 0 0 0 0 0 0 0 0 0 0.125 0 0.125 0.25 0.25 0.125 0 0.125 0 0 0 0 0 

288 275 203 37 0 0.581818 0 0 0 0 0 0 0 0 0 0 0 0 0 0 0 0 0 0 0 0.125 0 0 0.375 0.125 0 0.25 0.125 0 0 0 0 0 0 

256 239 182 37 0 0.669456 0 0 0 0 0 0 0 0 0 0 0 0 0 0 0 0 0 0 0 0 0 0.142857 0.285714 0 0 0.285714 0.285714 0 0 0 0 0 0 

288 269 199 37 0 0.594796 0 0 0 0 0 0 0 0 0 0 0 0 0 0 0 0 0 0 0 0 0 0 0.5 0 0.25 0.25 0 0 0 0 0 0 0 

288 282 212 37 0 0.567376 0 0 0 0 0 0 0 0 0 0 0 0 0 0 0 0 0 0 0 0.125 0 0 0.25 0.125 0.125 0.25 0.125 0 0 0 0 0 0 

288 276 210 37 0 0.57971 0 0 0 0 0 0 0 0 0 0 0 0 0 0 0 0 0 0 0 0 0 0.125 0.125 0.25 0.125 0.25 0 0.125 0 0 0 0 0 

288 273 206 37 0 0.586081 0 0 0 0 0 0 0 0 0 0 0 0 0 0 0 0 0 0 0 0 0 0 0.25 0.375 0.125 0 0.25 0 0 0 0 0 0 

320 295 210 37 0 0.542373 0 0 0 0 0 0 0 0 0 0 0 0 0 0 0 0 0 0 0 0 0.111111 0.111111 0.333333 0.111111 0.222222 0.111111 0 0 0 0 0 0 0 

288 274 200 37 0 0.583942 0 0 0 0 0 0 0 0 0 0 0 0 0 0 0 0 0 0 0 0 0 0.25 0.125 0.375 0.125 0.125 0 0 0 0 0 0 0 

288 271 205 37 0 0.590406 0 0 0 0 0 0 0 0 0 0 0 0 0 0 0 0 0 0 0 0 0 0 0.125 0.25 0.5 0 0.125 0 0 0 0 0 0 

256 244 183 37 0 0.655738 0 0 0 0 0 0 0 0 0 0 0 0 0 0 0 0 0 0 0 0 0 0.142857 0.285714 0 0.285714 0.285714 0 0 0 0 0 0 0 

320 293 206 37 0 0.546075 0 0 0 0 0 0 0 0 0 0 0 0 0 0 0 0 0 0 0 0 0 0.333333 0.111111 0.444444 0.111111 0 0 0 0 0 0 0 0 

256 244 185 37 0 0.655738 0 0 0 0 0 0 0 0 0 0 0 0 0 0 0 0 0 0 0 0 0 0 0.142857 0.428571 0.285714 0 0.142857 0 0 0 0 0 0 

288 273 196 37 0 0.586081 0 0 0 0 0 0 0 0 0 0 0 0 0 0 0 0 0 0 0 0 0.25 0.125 0.125 0.125 0.25 0.125 0 0 0 0 0 0 0 

288 272 205 37 0 0.588235 0 0 0 0 0 0 0 0 0 0 0 0 0 0 0 0 0 0 0 0 0 0 0.125 0.5 0.125 0.125 0.125 0 0 0 0 0 0 

256 241 179 37 0 0.6639 0 0 0 0 0 0 0 0 0 0 0 0 0 0 0 0 0 0 0 0 0 0.142857 0.142857 0.428571 0.142857 0 0.142857 0 0 0 0 0 0 

256 243 187 37 0 0.658436 0 0 0 0 0 0 0 0 0 0 0 0 0 0 0 0 0 0 0 0 0 0 0 0.428571 0.285714 0.142857 0.142857 0 0 0 0 0 0 

416 388 271 37 0 0.412371 0 0 0 0 0 0 0 0 0 0 0 0 0 0 0 0 0 0 0 0 0.0833333 0.333333 0.25 0.0833333 0.166667 0 0.0833333 0 0 0 0 0 0 

288 271 196 37 0 0.590406 0 0 0 0 0 0 0 0 0 0 0 0 0 0 0 0 0 0 0 0 0 0.25 0.375 0.25 0 0 0 0.125 0 0 0 0 0 

256 241 183 37 0 0.6639 0 0 0 0 0 0 0 0 0 0 0 0 0 0 0 0 0 0 0 0 0.142857 0 0 0.142857 0.285714 0.428571 0 0 0 0 0 0 0 

256 245 183 37 0 0.653061 0 0 0 0 0 0 0 0 0 0 0 0 0 0 0 0 0 0 0 0 0 0.142857 0.285714 0 0.428571 0.142857 0 0 0 0 0 0 0 

256 240 185 37 0 0.666667 0 0 0 0 0 0 0 0 0 0 0 0 0 0 0 0 0 0 0 0 0 0.142857 0 0.142857 0 0.714286 0 0 0 0 0 0 0 

288 276 208 37 0 0.57971 0 0 0 0 0 0 0 0 0 0 0 0 0 0 0 0 0 0 0 0 0 0.125 0 0.375 0.25 0.25 0 0 0 0 0 0 0 

288 277 201 37 0 0.577617 0 0 0 0 0 0 0 0 0 0 0 0 0 0 0 0 0 0 0.125 0 0.125 0.125 0 0.25 0.125 0.125 0.125 0 0 0 0 0 0 

256 242 182 37 0 0.661157 0 0 0 0 0 0 0 0 0 0 0 0 0 0 0 0 0 0 0 0 0 0.142857 0.142857 0.285714 0 0.428571 0 0 0 0 0 0 0 

288 270 206 37 0 0.592593 0 0 0 0 0 0 0 0 0 0 0 0 0 0 0 0 0 0 0 0 0 0 0 0.5 0.25 0 0.25 0 0 0 0 0 0 

320 305 224 37 0 0.52459 0 0 0 0 0 0 0 0 0 0 0 0 0 0 0 0 0 0 0 0 0 0.111111 0.333333 0.222222 0.222222 0 0.111111 0 0 0 0 0 0 

320 299 220 37 0 0.535117 0 0 0 0 0 0 0 0 0 0 0 0 0 0 0 0 0 0 0 0 0 0.111111 0.111111 0.333333 0.333333 0.111111 0 0 0 0 0 0 0 

256 240 184 37 0 0.666667 0 0 0 0 0 0 0 0 0 0 0 0 0 0 0 0 0 0 0 0 0 0.142857 0.142857 0 0.142857 0.428571 0.142857 0 0 0 0 0 0 

288 273 208 37 0 0.586081 0 0 0 0 0 0 0 0 0 0 0 0 0 0 0 0 0 0 0 0 0 0 0.25 0.125 0.25 0.25 0.125 0 0 0 0 0 0 

288 274 206 37 0 0.583942 0 0 0 0 0 0 0 0 0 0 0 0 0 0 0 0 0 0 0 0 0 0 0.375 0.125 0.25 0.125 0.125 0 0 0 0 0 0 

288 274 202 37 0 0.583942 0 0 0 0 0 0 0 0 0 0 0 0 0 0 0 0 0 0 0 0 0 0.125 0.25 0.125 0.5 0 0 0 0 0 0 0 0 

256 244 186 37 0 0.655738 0 0 0 0 0 0 0 0 0 0 0 0 0 0 0 0 0 0 0 0 0 0 0.142857 0.285714 0.285714 0.285714 0 0 0 0 0 0 0 

320 304 224 37 0 0.526316 0 0 0 0 0 0 0 0 0 0 0 0 0 0 0 0 0 0 0 0 0.111111 0.111111 0.111111 0.333333 0 0.222222 0.111111 0 0 0 0 0 0 

256 240 185 37 0 0.666667 0 0 0 0 0 0 0 0 0 0 0 0 0 0 0 0 0 0 0 0 0 0 0.142857 0.142857 0.285714 0.285714 0.142857 0 0 0 0 0 0 

256 246 188 37 0 0.650406 0 0 0 0 0 0 0 0 0 0 0 0 0 0 0 0 0 0 0 0 0.142857 0 0.142857 0.142857 0.142857 0.285714 0 0.142857 0 0 0 0 0 

288 273 201 37 0 0.586081 0 0 0 0 0 0 0 0 0 0 0 0 0 0 0 0 0 0 0 0 0.125 0 0.125 0.25 0.5 0 0 0 0 0 0 0 0 

288 270 196 37 0 0.592593 0 0 0 0 0 0 0 0 0 0 0 0 0 0 0 0 0 0 0 0 0.125 0.125 0.125 0.25 0.25 0.125 0 0 0 0 0 0 0 

256 244 186 37 0 0.655738 0 0 0 0 0 0 0 0 0 0 0 0 0 0 0 0 0 0 0 0 0 0 0.285714 0.142857 0.285714 0.142857 0.142857 0 0 0 0 0 0 

288 262 191 37 0 0.610687 0 0 0 0 0 0 0 0 0 0 0 0 0 0 0 0 0 0 0 0 0.125 0 0.125 0.375 0.25 0 0.125 0 0 0 0 0 0 

288 269 202 37 0 0.594796 0 0 0 0 0 0 0 0 0 0 0 0 0 0 0 0 0 0 0 0.125 0 0.125 0 0 0.375 0.25 0 0.125 0 0 0 0 0 

288 272 198 37 0 0.588235 0 0 0 0 0 0 0 0 0 0 0 0 0 0 0 0 0 0 0 0 0 0.25 0.25 0.125 0.25 0.125 0 0 0 0 0 0 0 

256 244 181 37 0 0.655738 0 0 0 0 0 0 0 0 0 0 0 0 0 0 0 0 0 0 0 0 0 0.142857 0.285714 0.285714 0 0.285714 0 0 0 0 0 0 0 

288 273 199 37 0 0.586081 0 0 0 0 0 0 0 0 0 0 0 0 0 0 0 0 0 0 0 0 0.125 0.125 0 0.375 0.375 0 0 0 0 0 0 0 0 

256 240 179 37 0 0.666667 0 0 0 0 0 0 0 0 0 0 0 0 0 0 0 0 0 0 0.142857 0 0 0.142857 0 0 0.285714 0.285714 0.142857 0 0 0 0 0 0 

288 276 201 37 0 0.57971 0 0 0 0 0 0 0 0 0 0 0 0 0 0 0 0 0 0 0.125 0 0 0.125 0.25 0.125 0 0.375 0 0 0 0 0 0 0 

320 301 217 37 0 0.531561 0 0 0 0 0 0 0 0 0 0 0 0 0 0 0 0 0 0 0.111111 0 0 0.111111 0.222222 0.111111 0.222222 0.222222 0 0 0 0 0 0 0 

256 246 183 37 0 0.650406 0 0 0 0 0 0 0 0 0 0 0 0 0 0 0 0 0 0 0 0 0 0.142857 0.142857 0.285714 0.428571 0 0 0 0 0 0 0 0 

256 247 186 37 0 0.647773 0 0 0 0 0 0 0 0 0 0 0 0 0 0 0 0 0 0 0 0 0 0 0.285714 0.285714 0.285714 0.142857 0 0 0 0 0 0 0 

288 269 188 37 0 0.594796 0 0 0 0 0 0 0 0 0 0 0 0 0 0 0 0 0 0 0.25 0 0.125 0.125 0 0 0.375 0 0.125 0 0 0 0 0 0 

288 277 206 37 0 0.577617 0 0 0 0 0 0 0 0 0 0 0 0 0 0 0 0 0 0 0 0 0.125 0.125 0.125 0.25 0.125 0.125 0 0.125 0 0 0 0 0 

288 277 213 37 0 0.577617 0 0 0 0 0 0 0 0 0 0 0 0 0 0 0 0 0 0 0 0 0 0.125 0 0.125 0.375 0.25 0.125 0 0 0 0 0 0 

288 277 206 37 0 0.577617 0 0 0 0 0 0 0 0 0 0 0 0 0 0 0 0 0 0 0 0 0 0.125 0.125 0.375 0.25 0.125 0 0 0 0 0 0 0 

288 277 208 37 0 0.577617 0 0 0 0 0 0 0 0 0 0 0 0 0 0 0 0 0 0 0 0 0 0 0.375 0.25 0.125 0.125 0.125 0 0 0 0 0 0 

256 243 184 37 0 0.658436 0 0 0 0 0 0 0 0 0 0 0 0 0 0 0 0 0 0 0 0 0 0 0.142857 0.142857 0.714286 0 0 0 0 0 0 0 0 

288 275 204 37 0 0.581818 0 0 0 0 0 0 0 0 0 0 0 0 0 0 0 0 0 0 0 0 0 0.125 0.25 0.25 0.125 0.25 0 0 0 0 0 0 0 

416 397 292 37 0 0.403023 0 0 0 0 0 0 0 0 0 0 0 0 0 0 0 0 0 0 0 0 0.166667 0.166667 0.0833333 0.0833333 0.25 0.0833333 0 0.0833333 0.0833333 0 0 0 0 

288 277 196 37 0 0.577617 0 0 0 0 0 0 0 0 0 0 0 0 0 0 0 0 0 0 0 0.125 0 0.25 0.375 0.125 0 0.125 0 0 0 0 0 0 0 

288 268 194 37 0 0.597015 0 0 0 0 0 0 0 0 0 0 0 0 0 0 0 0 0 0 0 0 0 0.25 0.125 0.375 0.125 0.125 0 0 0 0 0 0 0 

288 279 212 37 0 0.573477 0 0 0 0 0 0 0 0 0 0 0 0 0 0 0 0 0 0 0 0 0 0.125 0 0.25 0.375 0.25 0 0 0 0 0 0 0 

256 242 181 37 0 0.661157 0 0 0 0 0 0 0 0 0 0 0 0 0 0 0 0 0 0 0 0.142857 0 0 0 0.285714 0.285714 0.285714 0 0 0 0 0 0 0 

320 297 211 37 0 0.538721 0 0 0 0 0 0 0 0 0 0 0 0 0 0 0 0 0 0 0 0 0.111111 0.111111 0.111111 0.555556 0.111111 0 0 0 0 0 0 0 0 

288 274 202 37 0 0.583942 0 0 0 0 0 0 0 0 0 0 0 0 0 0 0 0 0 0 0 0 0.125 0.125 0.125 0.125 0.375 0 0.125 0 0 0 0 0 0 

288 266 189 37 0 0.601504 0 0 0 0 0 0 0 0 0 0 0 0 0 0 0 0 0 0 0 0 0.25 0.25 0 0.125 0.125 0.25 0 0 0 0 0 0 0 

288 276 203 37 0 0.57971 0 0 0 0 0 0 0 0 0 0 0 0 0 0 0 0 0 0 0 0 0 0 0.375 0.375 0.25 0 0 0 0 0 0 0 0 

288 276 203 37 0 0.57971 0 0 0 0 0 0 0 0 0 0 0 0 0 0 0 0 0 0 0 0 0 0.125 0.25 0.25 0.375 0 0 0 0 0 0 0 0 

320 312 235 37 0 0.512821 0 0 0 0 0 0 0 0 0 0 0 0 0 0 0 0 0 0 0 0 0.222222 0 0 0.222222 0.222222 0.222222 0 0.111111 0 0 0 0 0 

256 241 183 37 0 0.6639 0 0 0 0 0 0 0 0 0 0 0 0 0 0 0 0 0 0 0 0 0 0 0.142857 0.285714 0.285714 0.285714 0 0 0 0 0 0 0 

288 273 202 37 0 0.586081 0 0 0 0 0 0 0 0 0 0 0 0 0 0 0 0 0 0 0 0 0 0 0.375 0.25 0.25 0.125 0 0 0 0 0 0 0 

288 279 212 37 0 0.573477 0 0 0 0 0 0 0 0 0 0 0 0 0 0 0 0 0 0 0 0 0 0.25 0.25 0 0 0.25 0.125 0.125 0 0 0 0 0 

288 272 204 37 0 0.588235 0 0 0 0 0 0 0 0 0 0 0 0 0 0 0 0 0 0 0 0 0.125 0 0.125 0 0.5 0.25 0 0 0 0 0 0 0 

320 299 221 37 0 0.535117 0 0 0 0 0 0 0 0 0 0 0 0 0 0 0 0 0 0 0 0 0.111111 0 0.222222 0.333333 0 0.111111 0.222222 0 0 0 0 0 0 

288 272 215 37 0 0.588235 0 0 0 0 0 0 0 0 0 0 0 0 0 0 0 0 0 0 0 0 0 0 0.25 0 0 0.25 0.375 0.125 0 0 0 0 0 

288 276 196 37 0 0.57971 0 0 0 0 0 0 0 0 0 0 0 0 0 0 0 0 0 0 0 0 0.125 0.25 0.125 0.5 0 0 0 0 0 0 0 0 0 

256 239 176 37 0 0.669456 0 0 0 0 0 0 0 0 0 0 0 0 0 0 0 0 0 0 0 0.142857 0 0 0.142857 0.285714 0.142857 0.285714 0 0 0 0 0 0 0 

256 238 182 37 0 0.672269 0 0 0 0 0 0 0 0 0 0 0 0 0 0 0 0 0 0 0 0 0 0 0.142857 0.142857 0.285714 0.428571 0 0 0 0 0 0 0 

288 274 206 37 0 0.583942 0 0 0 0 0 0 0 0 0 0 0 0 0 0 0 0 0 0 0 0 0 0.125 0.25 0.125 0.125 0.25 0.125 0 0 0 0 0 0 

256 241 176 37 0 0.6639 0 0 0 0 0 0 0 0 0 0 0 0 0 0 0 0 0 0 0 0 0.142857 0.142857 0 0.285714 0.428571 0 0 0 0 0 0 0 0 

256 245 187 37 0 0.653061 0 0 0 0 0 0 0 0 0 0 0 0 0 0 0 0 0 0 0 0 0 0 0.142857 0.285714 0.285714 0.285714 0 0 0 0 0 0 0 

288 275 210 37 0 0.581818 0 0 0 0 0 0 0 0 0 0 0 0 0 0 0 0 0 0 0 0 0 0 0 0.375 0.5 0 0.125 0 0 0 0 0 0 

288 269 195 37 0 0.594796 0 0 0 0 0 0 0 0 0 0 0 0 0 0 0 0 0 0 0 0 0 0.125 0.25 0.5 0 0.125 0 0 0 0 0 0 0 

256 241 179 37 0 0.6639 0 0 0 0 0 0 0 0 0 0 0 0 0 0 0 0 0 0 0 0 0 0.142857 0.285714 0.285714 0 0.142857 0.142857 0 0 0 0 0 0 

256 241 183 37 0 0.6639 0 0 0 0 0 0 0 0 0 0 0 0 0 0 0 0 0 0 0 0 0 0 0.142857 0.142857 0.571429 0.142857 0 0 0 0 0 0 0 

288 273 206 37 0 0.586081 0 0 0 0 0 0 0 0 0 0 0 0 0 0 0 0 0 0 0 0 0 0 0.125 0.5 0 0.375 0 0 0 0 0 0 0 

256 239 171 37 0 0.669456 0 0 0 0 0 0 0 0 0 0 0 0 0 0 0 0 0 0 0 0.142857 0.142857 0 0.285714 0 0.285714 0.142857 0 0 0 0 0 0 0 

288 272 208 37 0 0.588235 0 0 0 0 0 0 0 0 0 0 0 0 0 0 0 0 0 0 0 0 0 0 0.375 0 0.25 0.125 0.125 0.125 0 0 0 0 0 

288 274 208 37 0 0.583942 0 0 0 0 0 0 0 0 0 0 0 0 0 0 0 0 0 0 0 0 0 0.125 0 0.375 0.25 0 0.25 0 0 0 0 0 0 

288 275 202 37 0 0.581818 0 0 0 0 0 0 0 0 0 0 0 0 0 0 0 0 0 0 0 0 0 0.125 0.125 0.5 0.25 0 0 0 0 0 0 0 0 

