576 562 412 53 0 0.569395 0 0 0 0 0 0 0 0 0 0 0 0 0 0 0 0 0 0 0 0 0 0.0588235 0.176471 0.470588 0.117647 0.176471 0 0 0 0 0 0 0 

608 586 424 53 0 0.546075 0 0 0 0 0 0 0 0 0 0 0 0 0 0 0 0 0 0 0.0555556 0 0.111111 0 0.222222 0.222222 0.111111 0.166667 0.0555556 0.0555556 0 0 0 0 0 

544 523 379 53 0 0.611855 0 0 0 0 0 0 0 0 0 0 0 0 0 0 0 0 0 0 0 0 0.125 0.125 0.25 0.0625 0.1875 0.125 0.0625 0.0625 0 0 0 0 0 

544 533 388 53 0 0.600375 0 0 0 0 0 0 0 0 0 0 0 0 0 0 0 0 0 0 0 0.0625 0.0625 0.0625 0.1875 0.125 0.3125 0.1875 0 0 0 0 0 0 0 

544 523 387 53 0 0.611855 0 0 0 0 0 0 0 0 0 0 0 0 0 0 0 0 0 0 0 0 0 0.125 0.125 0.25 0.25 0.125 0.125 0 0 0 0 0 0 

544 523 387 53 0 0.611855 0 0 0 0 0 0 0 0 0 0 0 0 0 0 0 0 0 0 0.0625 0 0 0.0625 0.1875 0.125 0.3125 0.0625 0.0625 0.125 0 0 0 0 0 

608 596 432 53 0 0.536913 0 0 0 0 0 0 0 0 0 0 0 0 0 0 0 0 0 0 0 0.0555556 0.111111 0 0.166667 0.277778 0.222222 0.111111 0.0555556 0 0 0 0 0 0 

544 524 382 53 0 0.610687 0 0 0 0 0 0 0 0 0 0 0 0 0 0 0 0 0 0 0 0.0625 0 0.0625 0.125 0.4375 0.0625 0.1875 0.0625 0 0 0 0 0 0 

544 524 380 53 0 0.610687 0 0 0 0 0 0 0 0 0 0 0 0 0 0 0 0 0 0 0 0 0.125 0.1875 0 0.25 0.125 0.3125 0 0 0 0 0 0 0 

576 562 409 53 0 0.569395 0 0 0 0 0 0 0 0 0 0 0 0 0 0 0 0 0 0 0 0 0.0588235 0.176471 0.176471 0.176471 0.176471 0.176471 0.0588235 0 0 0 0 0 0 

544 523 392 53 0 0.611855 0 0 0 0 0 0 0 0 0 0 0 0 0 0 0 0 0 0 0 0 0 0 0.125 0.25 0.375 0.1875 0.0625 0 0 0 0 0 0 

544 531 388 53 0 0.602637 0 0 0 0 0 0 0 0 0 0 0 0 0 0 0 0 0 0 0 0.0625 0.125 0 0.125 0.3125 0.125 0.0625 0.1875 0 0 0 0 0 0 

576 562 407 53 0 0.569395 0 0 0 0 0 0 0 0 0 0 0 0 0 0 0 0 0 0 0 0 0.117647 0.117647 0.176471 0.117647 0.294118 0.176471 0 0 0 0 0 0 0 

544 531 396 53 0 0.602637 0 0 0 0 0 0 0 0 0 0 0 0 0 0 0 0 0 0.0625 0 0 0 0.0625 0.125 0.125 0.3125 0.125 0.125 0.0625 0 0 0 0 0 

544 524 388 53 0 0.610687 0 0 0 0 0 0 0 0 0 0 0 0 0 0 0 0 0 0 0 0 0 0 0.25 0.25 0.25 0.25 0 0 0 0 0 0 0 

544 523 383 53 0 0.611855 0 0 0 0 0 0 0 0 0 0 0 0 0 0 0 0 0 0 0 0 0 0.1875 0.125 0.1875 0.3125 0.125 0.0625 0 0 0 0 0 0 

544 533 387 53 0 0.600375 0 0 0 0 0 0 0 0 0 0 0 0 0 0 0 0 0 0.0625 0 0 0 0.125 0.0625 0.3125 0.3125 0.125 0 0 0 0 0 0 0 

544 523 381 53 0 0.611855 0 0 0 0 0 0 0 0 0 0 0 0 0 0 0 0 0 0 0.0625 0 0.0625 0.125 0.1875 0.125 0.125 0.125 0.0625 0.125 0 0 0 0 0 

608 598 432 53 0 0.535117 0 0 0 0 0 0 0 0 0 0 0 0 0 0 0 0 0 0 0 0.0555556 0 0.166667 0.111111 0.333333 0.222222 0.111111 0 0 0 0 0 0 0 

608 588 429 53 0 0.544218 0 0 0 0 0 0 0 0 0 0 0 0 0 0 0 0 0 0 0 0.0555556 0 0.166667 0.166667 0.166667 0.166667 0.166667 0.0555556 0.0555556 0 0 0 0 0 

544 524 392 53 0 0.610687 0 0 0 0 0 0 0 0 0 0 0 0 0 0 0 0 0 0 0 0 0 0.1875 0 0.1875 0.3125 0.125 0.1875 0 0 0 0 0 0 

544 523 386 53 0 0.611855 0 0 0 0 0 0 0 0 0 0 0 0 0 0 0 0 0 0 0 0 0 0 0.3125 0.125 0.4375 0.0625 0.0625 0 0 0 0 0 0 

544 533 395 53 0 0.600375 0 0 0 0 0 0 0 0 0 0 0 0 0 0 0 0 0 0 0.0625 0 0.0625 0.0625 0.0625 0.1875 0.25 0.125 0.1875 0 0 0 0 0 0 

576 562 408 53 0 0.569395 0 0 0 0 0 0 0 0 0 0 0 0 0 0 0 0 0 0 0 0.0588235 0 0.235294 0.0588235 0.294118 0.117647 0.176471 0 0.0588235 0 0 0 0 0 

608 598 432 53 0 0.535117 0 0 0 0 0 0 0 0 0 0 0 0 0 0 0 0 0 0 0 0.0555556 0.0555556 0.222222 0.111111 0.111111 0.166667 0.277778 0 0 0 0 0 0 0 

544 533 392 53 0 0.600375 0 0 0 0 0 0 0 0 0 0 0 0 0 0 0 0 0 0 0 0 0 0.0625 0.25 0.375 0.125 0.125 0.0625 0 0 0 0 0 0 

544 523 389 53 0 0.611855 0 0 0 0 0 0 0 0 0 0 0 0 0 0 0 0 0 0 0 0.0625 0 0.0625 0.0625 0.25 0.125 0.375 0.0625 0 0 0 0 0 0 

544 528 386 53 0 0.606061 0 0 0 0 0 0 0 0 0 0 0 0 0 0 0 0 0 0 0 0 0.0625 0.0625 0.1875 0.3125 0.125 0.25 0 0 0 0 0 0 0 

576 562 403 53 0 0.569395 0 0 0 0 0 0 0 0 0 0 0 0 0 0 0 0 0 0 0 0 0.117647 0.235294 0.117647 0.176471 0.176471 0.117647 0.0588235 0 0 0 0 0 0 

544 524 382 53 0 0.610687 0 0 0 0 0 0 0 0 0 0 0 0 0 0 0 0 0 0 0 0 0.125 0.125 0.0625 0.125 0.3125 0.25 0 0 0 0 0 0 0 

608 595 429 53 0 0.537815 0 0 0 0 0 0 0 0 0 0 0 0 0 0 0 0 0 0 0 0 0.0555556 0.166667 0.166667 0.333333 0.111111 0.166667 0 0 0 0 0 0 0 

544 523 382 53 0 0.611855 0 0 0 0 0 0 0 0 0 0 0 0 0 0 0 0 0 0 0 0 0 0.0625 0.25 0.25 0.3125 0.125 0 0 0 0 0 0 0 

544 528 379 53 0 0.606061 0 0 0 0 0 0 0 0 0 0 0 0 0 0 0 0 0 0 0.0625 0.0625 0 0.0625 0.375 0.0625 0.1875 0.0625 0.0625 0.0625 0 0 0 0 0 

544 531 393 53 0 0.602637 0 0 0 0 0 0 0 0 0 0 0 0 0 0 0 0 0 0 0.0625 0 0.125 0.0625 0.0625 0.125 0.25 0.125 0 0.1875 0 0 0 0 0 

608 597 438 53 0 0.536013 0 0 0 0 0 0 0 0 0 0 0 0 0 0 0 0 0 0 0 0 0.0555556 0.166667 0.166667 0.277778 0.0555556 0.0555556 0.222222 0 0 0 0 0 0 

576 562 415 53 0 0.569395 0 0 0 0 0 0 0 0 0 0 0 0 0 0 0 0 0 0 0 0 0 0.0588235 0.117647 0.411765 0.294118 0.0588235 0.0588235 0 0 0 0 0 0 

544 523 393 53 0 0.611855 0 0 0 0 0 0 0 0 0 0 0 0 0 0 0 0 0 0 0 0.0625 0 0.0625 0.0625 0.125 0.375 0.0625 0.1875 0.0625 0 0 0 0 0 

544 533 396 53 0 0.600375 0 0 0 0 0 0 0 0 0 0 0 0 0 0 0 0 0 0 0.0625 0 0 0.125 0.0625 0.125 0.3125 0.25 0 0.0625 0 0 0 0 0 

544 533 392 53 0 0.600375 0 0 0 0 0 0 0 0 0 0 0 0 0 0 0 0 0 0 0 0 0 0.125 0.25 0.25 0.125 0.1875 0.0625 0 0 0 0 0 0 

544 527 386 53 0 0.607211 0 0 0 0 0 0 0 0 0 0 0 0 0 0 0 0 0 0 0.0625 0 0.0625 0 0.1875 0.125 0.3125 0.1875 0.0625 0 0 0 0 0 0 

576 562 409 53 0 0.569395 0 0 0 0 0 0 0 0 0 0 0 0 0 0 0 0 0 0 0 0 0.0588235 0.117647 0.176471 0.235294 0.294118 0.0588235 0.0588235 0 0 0 0 0 0 

544 523 392 53 0 0.611855 0 0 0 0 0 0 0 0 0 0 0 0 0 0 0 0 0 0 0 0 0.0625 0.0625 0.125 0.25 0.0625 0.25 0.0625 0.125 0 0 0 0 0 

544 523 394 53 0 0.611855 0 0 0 0 0 0 0 0 0 0 0 0 0 0 0 0 0 0 0 0 0 0 0.25 0.125 0.125 0.4375 0.0625 0 0 0 0 0 0 

480 453 333 53 0 0.706402 0 0 0 0 0 0 0 0 0 0 0 0 0 0 0 0 0 0 0.0714286 0 0.0714286 0 0.142857 0.214286 0.142857 0.142857 0.142857 0.0714286 0 0 0 0 0 

608 597 441 53 0 0.536013 0 0 0 0 0 0 0 0 0 0 0 0 0 0 0 0 0 0 0 0 0.0555556 0.166667 0 0.222222 0.333333 0.166667 0.0555556 0 0 0 0 0 0 

608 589 420 53 0 0.543294 0 0 0 0 0 0 0 0 0 0 0 0 0 0 0 0 0 0 0 0.0555556 0 0.0555556 0.388889 0.333333 0.0555556 0.0555556 0.0555556 0 0 0 0 0 0 

544 523 395 53 0 0.611855 0 0 0 0 0 0 0 0 0 0 0 0 0 0 0 0 0 0 0 0 0 0.1875 0 0.125 0.1875 0.375 0.0625 0.0625 0 0 0 0 0 

544 523 386 53 0 0.611855 0 0 0 0 0 0 0 0 0 0 0 0 0 0 0 0 0 0 0 0 0 0.125 0.25 0.0625 0.25 0.25 0.0625 0 0 0 0 0 0 

544 524 387 53 0 0.610687 0 0 0 0 0 0 0 0 0 0 0 0 0 0 0 0 0 0 0 0 0.0625 0 0.0625 0.375 0.3125 0.1875 0 0 0 0 0 0 0 

576 562 419 53 0 0.569395 0 0 0 0 0 0 0 0 0 0 0 0 0 0 0 0 0 0 0 0 0.0588235 0.176471 0 0.176471 0.235294 0.176471 0.176471 0 0 0 0 0 0 

544 524 389 53 0 0.610687 0 0 0 0 0 0 0 0 0 0 0 0 0 0 0 0 0 0 0 0 0 0 0.25 0.25 0.1875 0.3125 0 0 0 0 0 0 0 

608 598 433 53 0 0.535117 0 0 0 0 0 0 0 0 0 0 0 0 0 0 0 0 0 0 0 0 0.0555556 0.166667 0.166667 0.277778 0.222222 0.0555556 0.0555556 0 0 0 0 0 0 

608 595 433 53 0 0.537815 0 0 0 0 0 0 0 0 0 0 0 0 0 0 0 0 0 0 0 0 0.166667 0.0555556 0.111111 0.222222 0.222222 0.166667 0.0555556 0 0 0 0 0 0 

576 562 410 53 0 0.569395 0 0 0 0 0 0 0 0 0 0 0 0 0 0 0 0 0 0 0 0 0.0588235 0.0588235 0.235294 0.294118 0.117647 0.235294 0 0 0 0 0 0 0 

544 523 392 53 0 0.611855 0 0 0 0 0 0 0 0 0 0 0 0 0 0 0 0 0 0 0 0 0 0 0.1875 0.3125 0.1875 0.125 0.1875 0 0 0 0 0 0 

544 523 384 53 0 0.611855 0 0 0 0 0 0 0 0 0 0 0 0 0 0 0 0 0 0.0625 0 0 0 0 0.25 0.1875 0.1875 0.25 0 0.0625 0 0 0 0 0 

544 524 384 53 0 0.610687 0 0 0 0 0 0 0 0 0 0 0 0 0 0 0 0 0 0 0 0 0 0.125 0 0.5 0.25 0.125 0 0 0 0 0 0 0 

544 527 390 53 0 0.607211 0 0 0 0 0 0 0 0 0 0 0 0 0 0 0 0 0 0 0 0.0625 0.0625 0 0.1875 0.125 0.3125 0.0625 0.125 0.0625 0 0 0 0 0 

608 598 441 53 0 0.535117 0 0 0 0 0 0 0 0 0 0 0 0 0 0 0 0 0.0555556 0 0 0 0 0.0555556 0.111111 0.222222 0.222222 0.333333 0 0 0 0 0 0 0 

544 523 382 53 0 0.611855 0 0 0 0 0 0 0 0 0 0 0 0 0 0 0 0 0 0 0 0 0 0.125 0.125 0.375 0.1875 0.1875 0 0 0 0 0 0 0 

608 589 423 53 0 0.543294 0 0 0 0 0 0 0 0 0 0 0 0 0 0 0 0 0 0 0.0555556 0.111111 0 0.111111 0.166667 0.0555556 0.222222 0.166667 0.111111 0 0 0 0 0 0 

608 598 429 53 0 0.535117 0 0 0 0 0 0 0 0 0 0 0 0 0 0 0 0 0 0 0.0555556 0 0 0.166667 0.222222 0.333333 0.0555556 0.111111 0.0555556 0 0 0 0 0 0 

544 533 389 53 0 0.600375 0 0 0 0 0 0 0 0 0 0 0 0 0 0 0 0 0 0 0 0 0.0625 0.125 0.3125 0.0625 0.25 0.125 0 0.0625 0 0 0 0 0 

672 648 465 53 0 0.493827 0 0 0 0 0 0 0 0 0 0 0 0 0 0 0 0 0 0 0 0.05 0.05 0.15 0.1 0.2 0.3 0.15 0 0 0 0 0 0 0 

544 524 386 53 0 0.610687 0 0 0 0 0 0 0 0 0 0 0 0 0 0 0 0 0 0 0 0 0 0 0.1875 0.375 0.3125 0.125 0 0 0 0 0 0 0 

544 524 380 53 0 0.610687 0 0 0 0 0 0 0 0 0 0 0 0 0 0 0 0 0 0 0.0625 0 0 0.0625 0.0625 0.375 0.375 0.0625 0 0 0 0 0 0 0 

544 523 395 53 0 0.611855 0 0 0 0 0 0 0 0 0 0 0 0 0 0 0 0 0 0 0 0 0 0.0625 0 0.25 0.4375 0.125 0.0625 0.0625 0 0 0 0 0 

544 523 381 53 0 0.611855 0 0 0 0 0 0 0 0 0 0 0 0 0 0 0 0 0 0 0 0.0625 0 0.0625 0.25 0.125 0.3125 0.125 0.0625 0 0 0 0 0 0 

544 523 383 53 0 0.611855 0 0 0 0 0 0 0 0 0 0 0 0 0 0 0 0 0 0 0 0 0 0.1875 0.1875 0.1875 0.1875 0.1875 0 0.0625 0 0 0 0 0 

608 598 435 53 0 0.535117 0 0 0 0 0 0 0 0 0 0 0 0 0 0 0 0 0 0 0 0 0.166667 0 0.166667 0.333333 0.111111 0.166667 0.0555556 0 0 0 0 0 0 

544 531 386 53 0 0.602637 0 0 0 0 0 0 0 0 0 0 0 0 0 0 0 0 0 0 0 0 0.0625 0.1875 0.1875 0.1875 0.125 0.1875 0.0625 0 0 0 0 0 0 

576 562 404 53 0 0.569395 0 0 0 0 0 0 0 0 0 0 0 0 0 0 0 0 0 0 0 0.0588235 0.117647 0.0588235 0.176471 0.235294 0.176471 0.117647 0.0588235 0 0 0 0 0 0 

576 562 415 53 0 0.569395 0 0 0 0 0 0 0 0 0 0 0 0 0 0 0 0 0 0 0 0 0.0588235 0.294118 0 0.117647 0.117647 0.294118 0.0588235 0.0588235 0 0 0 0 0 

544 524 386 53 0 0.610687 0 0 0 0 0 0 0 0 0 0 0 0 0 0 0 0 0 0 0 0 0.0625 0.0625 0.1875 0.1875 0.25 0.1875 0 0.0625 0 0 0 0 0 

608 598 436 53 0 0.535117 0 0 0 0 0 0 0 0 0 0 0 0 0 0 0 0 0 0 0 0 0 0.222222 0.333333 0.0555556 0.111111 0.166667 0.111111 0 0 0 0 0 0 

544 523 387 53 0 0.611855 0 0 0 0 0 0 0 0 0 0 0 0 0 0 0 0 0 0 0 0 0.0625 0.125 0.0625 0.1875 0.25 0.1875 0.125 0 0 0 0 0 0 

576 561 411 53 0 0.57041 0 0 0 0 0 0 0 0 0 0 0 0 0 0 0 0 0 0 0.0588235 0 0 0.117647 0.0588235 0.117647 0.529412 0.117647 0 0 0 0 0 0 0 

544 533 395 53 0 0.600375 0 0 0 0 0 0 0 0 0 0 0 0 0 0 0 0 0 0 0 0 0.0625 0 0.0625 0.5 0.1875 0.125 0.0625 0 0 0 0 0 0 

544 524 383 53 0 0.610687 0 0 0 0 0 0 0 0 0 0 0 0 0 0 0 0 0 0 0 0 0.0625 0.0625 0.3125 0.125 0.1875 0.125 0.125 0 0 0 0 0 0 

608 597 432 53 0 0.536013 0 0 0 0 0 0 0 0 0 0 0 0 0 0 0 0 0 0 0 0 0 0.277778 0.111111 0.333333 0.111111 0.111111 0.0555556 0 0 0 0 0 0 

544 523 377 53 0 0.611855 0 0 0 0 0 0 0 0 0 0 0 0 0 0 0 0 0 0 0.0625 0.0625 0 0.0625 0.125 0.125 0.4375 0.125 0 0 0 0 0 0 0 

608 596 428 53 0 0.536913 0 0 0 0 0 0 0 0 0 0 0 0 0 0 0 0 0 0 0 0.0555556 0.111111 0.0555556 0.166667 0.277778 0.166667 0.166667 0 0 0 0 0 0 0 

576 562 414 53 0 0.569395 0 0 0 0 0 0 0 0 0 0 0 0 0 0 0 0 0 0 0 0 0 0.0588235 0.176471 0.294118 0.352941 0.117647 0 0 0 0 0 0 0 

544 528 384 53 0 0.606061 0 0 0 0 0 0 0 0 0 0 0 0 0 0 0 0 0 0 0 0.0625 0 0.125 0.125 0.3125 0.1875 0.125 0.0625 0 0 0 0 0 0 

544 524 380 53 0 0.610687 0 0 0 0 0 0 0 0 0 0 0 0 0 0 0 0 0 0 0 0 0.0625 0.1875 0.1875 0.1875 0.125 0.1875 0 0.0625 0 0 0 0 0 

608 594 437 53 0 0.538721 0 0 0 0 0 0 0 0 0 0 0 0 0 0 0 0 0 0 0 0.0555556 0 0.166667 0.0555556 0.333333 0.111111 0.111111 0.111111 0.0555556 0 0 0 0 0 

576 562 404 53 0 0.569395 0 0 0 0 0 0 0 0 0 0 0 0 0 0 0 0 0 0 0.0588235 0 0 0.117647 0.352941 0.176471 0.117647 0.117647 0 0.0588235 0 0 0 0 0 

544 533 399 53 0 0.600375 0 0 0 0 0 0 0 0 0 0 0 0 0 0 0 0 0 0 0 0 0 0 0.25 0.25 0.3125 0.0625 0.0625 0.0625 0 0 0 0 0 

544 533 388 53 0 0.600375 0 0 0 0 0 0 0 0 0 0 0 0 0 0 0 0 0 0 0 0 0 0.125 0.25 0.3125 0.25 0 0.0625 0 0 0 0 0 0 

544 531 391 53 0 0.602637 0 0 0 0 0 0 0 0 0 0 0 0 0 0 0 0 0 0 0 0 0.0625 0.125 0.3125 0.0625 0.125 0.125 0.125 0.0625 0 0 0 0 0 

544 523 389 53 0 0.611855 0 0 0 0 0 0 0 0 0 0 0 0 0 0 0 0 0 0 0 0 0 0.0625 0.25 0.125 0.25 0.1875 0.125 0 0 0 0 0 0 

608 597 439 53 0 0.536013 0 0 0 0 0 0 0 0 0 0 0 0 0 0 0 0 0 0 0 0 0.111111 0.111111 0 0.222222 0.388889 0.111111 0.0555556 0 0 0 0 0 0 

608 596 431 53 0 0.536913 0 0 0 0 0 0 0 0 0 0 0 0 0 0 0 0 0 0 0.0555556 0 0.0555556 0.111111 0.0555556 0.333333 0.222222 0.166667 0 0 0 0 0 0 0 

480 453 338 53 0 0.706402 0 0 0 0 0 0 0 0 0 0 0 0 0 0 0 0 0 0 0 0 0 0.142857 0.0714286 0.357143 0.0714286 0.214286 0 0.0714286 0.0714286 0 0 0 0 

576 562 417 53 0 0.569395 0 0 0 0 0 0 0 0 0 0 0 0 0 0 0 0 0 0 0 0 0 0.176471 0.117647 0.176471 0.235294 0.176471 0.117647 0 0 0 0 0 0 

544 523 383 53 0 0.611855 0 0 0 0 0 0 0 0 0 0 0 0 0 0 0 0 0 0 0.0625 0 0 0.125 0.125 0.3125 0.125 0 0.1875 0.0625 0 0 0 0 0 

672 650 463 53 0 0.492308 0 0 0 0 0 0 0 0 0 0 0 0 0 0 0 0 0 0 0 0.05 0.1 0.15 0.1 0.15 0.35 0.1 0 0 0 0 0 0 0 

544 523 390 53 0 0.611855 0 0 0 0 0 0 0 0 0 0 0 0 0 0 0 0 0 0 0 0 0.125 0 0.0625 0.1875 0.375 0.0625 0.125 0.0625 0 0 0 0 0 

544 528 387 53 0 0.606061 0 0 0 0 0 0 0 0 0 0 0 0 0 0 0 0 0 0 0 0 0 0.25 0.0625 0.0625 0.5 0.125 0 0 0 0 0 0 0 

576 562 412 53 0 0.569395 0 0 0 0 0 0 0 0 0 0 0 0 0 0 0 0 0 0 0 0 0 0.0588235 0.294118 0.352941 0.0588235 0.176471 0.0588235 0 0 0 0 0 0 

