576 565 404 53 0 0.566372 0 0 0 0 0 0 0 0 0 0 0 0 0 0 0 0 0 0 0 0 0.0588235 0.117647 0.411765 0.117647 0.235294 0.0588235 0 0 0 0 0 0 0 

576 567 431 53 0 0.564374 0 0 0 0 0 0 0 0 0 0 0 0 0 0 0 0 0 0 0 0 0 0 0.176471 0.235294 0.117647 0.411765 0 0.0588235 0 0 0 0 0 

672 648 476 53 0 0.493827 0 0 0 0 0 0 0 0 0 0 0 0 0 0 0 0 0 0 0 0 0 0.05 0.1 0.45 0.25 0.1 0.05 0 0 0 0 0 0 

576 565 413 53 0 0.566372 0 0 0 0 0 0 0 0 0 0 0 0 0 0 0 0 0 0 0 0 0.0588235 0.0588235 0.235294 0.294118 0.117647 0.235294 0 0 0 0 0 0 0 

576 567 417 53 0 0.564374 0 0 0 0 0 0 0 0 0 0 0 0 0 0 0 0 0 0 0 0.0588235 0.0588235 0.0588235 0.176471 0.117647 0.294118 0.117647 0.117647 0 0 0 0 0 0 

576 567 417 53 0 0.564374 0 0 0 0 0 0 0 0 0 0 0 0 0 0 0 0 0 0 0 0.117647 0.0588235 0 0.0588235 0.235294 0.235294 0.235294 0.0588235 0 0 0 0 0 0 

576 565 423 53 0 0.566372 0 0 0 0 0 0 0 0 0 0 0 0 0 0 0 0 0 0 0 0 0.0588235 0 0.0588235 0.411765 0.176471 0.176471 0.117647 0 0 0 0 0 0 

672 648 465 53 0 0.493827 0 0 0 0 0 0 0 0 0 0 0 0 0 0 0 0 0 0.05 0 0 0.05 0.2 0 0.3 0.15 0.2 0.05 0 0 0 0 0 0 

544 527 387 53 0 0.607211 0 0 0 0 0 0 0 0 0 0 0 0 0 0 0 0 0 0 0 0 0.0625 0.0625 0.1875 0.1875 0.3125 0.125 0.0625 0 0 0 0 0 0 

576 564 408 53 0 0.567376 0 0 0 0 0 0 0 0 0 0 0 0 0 0 0 0 0 0 0 0.0588235 0 0.176471 0.117647 0.235294 0.294118 0.117647 0 0 0 0 0 0 0 

576 565 420 53 0 0.566372 0 0 0 0 0 0 0 0 0 0 0 0 0 0 0 0 0 0 0 0 0 0.0588235 0 0.411765 0.470588 0.0588235 0 0 0 0 0 0 0 

672 648 477 53 0 0.493827 0 0 0 0 0 0 0 0 0 0 0 0 0 0 0 0 0 0 0 0 0 0.1 0.15 0.3 0.2 0.2 0 0.05 0 0 0 0 0 

576 565 408 53 0 0.566372 0 0 0 0 0 0 0 0 0 0 0 0 0 0 0 0 0 0 0 0.0588235 0.0588235 0.117647 0.176471 0.235294 0.176471 0.117647 0.0588235 0 0 0 0 0 0 

544 528 383 53 0 0.606061 0 0 0 0 0 0 0 0 0 0 0 0 0 0 0 0 0 0 0 0 0 0.25 0.1875 0.1875 0.125 0.25 0 0 0 0 0 0 0 

576 565 407 53 0 0.566372 0 0 0 0 0 0 0 0 0 0 0 0 0 0 0 0 0 0 0 0.0588235 0.117647 0.176471 0.0588235 0.176471 0.176471 0.176471 0.0588235 0 0 0 0 0 0 

576 565 407 53 0 0.566372 0 0 0 0 0 0 0 0 0 0 0 0 0 0 0 0 0 0 0 0.0588235 0 0.176471 0.235294 0.117647 0.352941 0 0.0588235 0 0 0 0 0 0 

576 564 405 53 0 0.567376 0 0 0 0 0 0 0 0 0 0 0 0 0 0 0 0 0 0 0 0.0588235 0.0588235 0.0588235 0.352941 0.235294 0.0588235 0.117647 0 0.0588235 0 0 0 0 0 

576 565 423 53 0 0.566372 0 0 0 0 0 0 0 0 0 0 0 0 0 0 0 0 0 0 0 0 0 0 0.117647 0.411765 0.294118 0.0588235 0.117647 0 0 0 0 0 0 

576 565 413 53 0 0.566372 0 0 0 0 0 0 0 0 0 0 0 0 0 0 0 0 0 0 0 0 0.0588235 0.0588235 0 0.529412 0.352941 0 0 0 0 0 0 0 0 

576 565 412 53 0 0.566372 0 0 0 0 0 0 0 0 0 0 0 0 0 0 0 0 0 0 0 0 0 0.235294 0.117647 0.235294 0.294118 0.0588235 0.0588235 0 0 0 0 0 0 

576 565 420 53 0 0.566372 0 0 0 0 0 0 0 0 0 0 0 0 0 0 0 0 0 0 0 0 0 0.117647 0.176471 0.176471 0.294118 0.117647 0.117647 0 0 0 0 0 0 

544 527 385 53 0 0.607211 0 0 0 0 0 0 0 0 0 0 0 0 0 0 0 0 0 0 0 0 0.0625 0.1875 0.125 0.25 0.0625 0.1875 0.125 0 0 0 0 0 0 

576 563 417 53 0 0.568384 0 0 0 0 0 0 0 0 0 0 0 0 0 0 0 0 0 0 0 0.0588235 0 0.0588235 0.117647 0.235294 0.294118 0.117647 0.117647 0 0 0 0 0 0 

544 529 401 53 0 0.604915 0 0 0 0 0 0 0 0 0 0 0 0 0 0 0 0 0 0 0 0 0 0.0625 0.0625 0.3125 0.1875 0.125 0.25 0 0 0 0 0 0 

576 565 412 53 0 0.566372 0 0 0 0 0 0 0 0 0 0 0 0 0 0 0 0 0 0 0 0.0588235 0 0 0.235294 0.411765 0.117647 0.176471 0 0 0 0 0 0 0 

576 563 423 53 0 0.568384 0 0 0 0 0 0 0 0 0 0 0 0 0 0 0 0 0 0 0 0 0 0.176471 0.117647 0.117647 0.176471 0.176471 0.235294 0 0 0 0 0 0 

576 565 423 53 0 0.566372 0 0 0 0 0 0 0 0 0 0 0 0 0 0 0 0 0 0 0 0 0.0588235 0 0.117647 0.176471 0.411765 0.176471 0.0588235 0 0 0 0 0 0 

576 567 414 53 0 0.564374 0 0 0 0 0 0 0 0 0 0 0 0 0 0 0 0 0 0 0 0.0588235 0 0.176471 0.117647 0.117647 0.411765 0.0588235 0.0588235 0 0 0 0 0 0 

576 565 415 53 0 0.566372 0 0 0 0 0 0 0 0 0 0 0 0 0 0 0 0 0 0 0 0 0 0.117647 0.294118 0.235294 0.235294 0 0 0.117647 0 0 0 0 0 

576 565 411 53 0 0.566372 0 0 0 0 0 0 0 0 0 0 0 0 0 0 0 0 0 0 0 0.0588235 0.117647 0.0588235 0.176471 0.117647 0.235294 0.117647 0.117647 0 0 0 0 0 0 

544 530 395 53 0 0.603774 0 0 0 0 0 0 0 0 0 0 0 0 0 0 0 0 0 0 0 0.0625 0 0 0.1875 0.125 0.375 0.125 0.125 0 0 0 0 0 0 

672 648 475 53 0 0.493827 0 0 0 0 0 0 0 0 0 0 0 0 0 0 0 0 0 0 0 0 0.05 0.05 0.25 0.3 0.05 0.15 0.1 0.05 0 0 0 0 0 

576 565 416 53 0 0.566372 0 0 0 0 0 0 0 0 0 0 0 0 0 0 0 0 0 0 0 0.0588235 0.0588235 0.117647 0.0588235 0.176471 0.235294 0.176471 0.117647 0 0 0 0 0 0 

576 567 415 53 0 0.564374 0 0 0 0 0 0 0 0 0 0 0 0 0 0 0 0 0 0 0 0 0.0588235 0.0588235 0.176471 0.294118 0.294118 0.117647 0 0 0 0 0 0 0 

576 567 419 53 0 0.564374 0 0 0 0 0 0 0 0 0 0 0 0 0 0 0 0 0 0 0 0.0588235 0 0.117647 0.0588235 0.235294 0.235294 0.294118 0 0 0 0 0 0 0 

672 652 474 53 0 0.490798 0 0 0 0 0 0 0 0 0 0 0 0 0 0 0 0 0 0 0 0.05 0.05 0.05 0.05 0.35 0.35 0.05 0.05 0 0 0 0 0 0 

544 527 380 53 0 0.607211 0 0 0 0 0 0 0 0 0 0 0 0 0 0 0 0 0 0 0 0 0.125 0.125 0.125 0.25 0.1875 0.1875 0 0 0 0 0 0 0 

576 564 415 53 0 0.567376 0 0 0 0 0 0 0 0 0 0 0 0 0 0 0 0 0 0 0 0 0.0588235 0.117647 0.0588235 0.411765 0 0.352941 0 0 0 0 0 0 0 

576 567 423 53 0 0.564374 0 0 0 0 0 0 0 0 0 0 0 0 0 0 0 0 0 0 0.0588235 0 0 0.117647 0 0.235294 0.235294 0.235294 0.117647 0 0 0 0 0 0 

544 528 390 53 0 0.606061 0 0 0 0 0 0 0 0 0 0 0 0 0 0 0 0 0 0 0 0 0 0.0625 0.1875 0.375 0.1875 0.0625 0.125 0 0 0 0 0 0 

672 648 471 53 0 0.493827 0 0 0 0 0 0 0 0 0 0 0 0 0 0 0 0 0 0 0 0 0.1 0.1 0.1 0.15 0.4 0.1 0.05 0 0 0 0 0 0 

544 530 396 53 0 0.603774 0 0 0 0 0 0 0 0 0 0 0 0 0 0 0 0 0 0 0 0 0.125 0.125 0.0625 0.0625 0.25 0.1875 0.0625 0.125 0 0 0 0 0 

576 565 427 53 0 0.566372 0 0 0 0 0 0 0 0 0 0 0 0 0 0 0 0 0 0 0 0 0 0.117647 0.0588235 0.176471 0.235294 0.294118 0.117647 0 0 0 0 0 0 

544 527 401 53 0 0.607211 0 0 0 0 0 0 0 0 0 0 0 0 0 0 0 0 0 0 0 0 0 0.0625 0.125 0.125 0.1875 0.375 0.0625 0.0625 0 0 0 0 0 

576 563 413 53 0 0.568384 0 0 0 0 0 0 0 0 0 0 0 0 0 0 0 0 0 0 0 0 0 0.117647 0.176471 0.352941 0.235294 0.0588235 0 0.0588235 0 0 0 0 0 

576 565 417 53 0 0.566372 0 0 0 0 0 0 0 0 0 0 0 0 0 0 0 0 0 0 0 0 0.0588235 0.0588235 0.352941 0.117647 0.0588235 0.176471 0.176471 0 0 0 0 0 0 

544 527 390 53 0 0.607211 0 0 0 0 0 0 0 0 0 0 0 0 0 0 0 0 0 0 0 0.125 0 0.0625 0.125 0.1875 0.1875 0.0625 0.1875 0 0.0625 0 0 0 0 

576 565 417 53 0 0.566372 0 0 0 0 0 0 0 0 0 0 0 0 0 0 0 0 0 0 0 0 0 0.117647 0.0588235 0.352941 0.352941 0.117647 0 0 0 0 0 0 0 

672 648 461 53 0 0.493827 0 0 0 0 0 0 0 0 0 0 0 0 0 0 0 0 0 0.05 0 0 0.1 0.15 0.15 0.1 0.2 0.25 0 0 0 0 0 0 0 

576 564 420 53 0 0.567376 0 0 0 0 0 0 0 0 0 0 0 0 0 0 0 0 0 0 0 0 0 0.0588235 0.176471 0.176471 0.411765 0.117647 0.0588235 0 0 0 0 0 0 

576 565 415 53 0 0.566372 0 0 0 0 0 0 0 0 0 0 0 0 0 0 0 0 0 0 0 0.0588235 0 0.0588235 0.294118 0.117647 0.294118 0.0588235 0.0588235 0.0588235 0 0 0 0 0 

576 565 417 53 0 0.566372 0 0 0 0 0 0 0 0 0 0 0 0 0 0 0 0 0 0 0 0.0588235 0 0.0588235 0.0588235 0.294118 0.352941 0.176471 0 0 0 0 0 0 0 

704 678 497 53 0 0.471976 0 0 0 0 0 0 0 0 0 0 0 0 0 0 0 0 0 0 0 0 0.047619 0 0.285714 0.142857 0.333333 0.0952381 0.0952381 0 0 0 0 0 0 

576 565 429 53 0 0.566372 0 0 0 0 0 0 0 0 0 0 0 0 0 0 0 0 0 0 0 0 0.0588235 0 0.117647 0.176471 0.176471 0.352941 0.0588235 0.0588235 0 0 0 0 0 

576 565 421 53 0 0.566372 0 0 0 0 0 0 0 0 0 0 0 0 0 0 0 0 0 0 0 0 0 0.117647 0.117647 0.235294 0.235294 0.235294 0.0588235 0 0 0 0 0 0 

576 565 408 53 0 0.566372 0 0 0 0 0 0 0 0 0 0 0 0 0 0 0 0 0 0 0 0 0.0588235 0.117647 0.176471 0.411765 0.176471 0 0.0588235 0 0 0 0 0 0 

576 565 425 53 0 0.566372 0 0 0 0 0 0 0 0 0 0 0 0 0 0 0 0 0 0 0 0 0 0.0588235 0.117647 0.176471 0.411765 0.117647 0.117647 0 0 0 0 0 0 

576 565 401 53 0 0.566372 0 0 0 0 0 0 0 0 0 0 0 0 0 0 0 0 0.0588235 0 0.0588235 0 0.0588235 0.117647 0.176471 0.117647 0.176471 0.235294 0 0 0 0 0 0 0 

544 527 386 53 0 0.607211 0 0 0 0 0 0 0 0 0 0 0 0 0 0 0 0 0 0 0 0.0625 0 0.125 0.125 0.1875 0.25 0.1875 0.0625 0 0 0 0 0 0 

576 565 420 53 0 0.566372 0 0 0 0 0 0 0 0 0 0 0 0 0 0 0 0 0 0 0 0 0 0.117647 0.176471 0.235294 0.176471 0.176471 0.117647 0 0 0 0 0 0 

544 530 394 53 0 0.603774 0 0 0 0 0 0 0 0 0 0 0 0 0 0 0 0 0 0 0 0 0.0625 0.0625 0.1875 0.125 0.25 0.1875 0.125 0 0 0 0 0 0 

576 565 394 53 0 0.566372 0 0 0 0 0 0 0 0 0 0 0 0 0 0 0 0 0 0.0588235 0 0.0588235 0.117647 0.176471 0.235294 0.117647 0.117647 0.0588235 0 0.0588235 0 0 0 0 0 

576 567 412 53 0 0.564374 0 0 0 0 0 0 0 0 0 0 0 0 0 0 0 0 0 0 0 0 0 0 0.529412 0.235294 0.117647 0.0588235 0.0588235 0 0 0 0 0 0 

544 527 403 53 0 0.607211 0 0 0 0 0 0 0 0 0 0 0 0 0 0 0 0 0 0 0 0 0 0.0625 0 0.25 0.25 0.25 0.125 0.0625 0 0 0 0 0 

576 565 415 53 0 0.566372 0 0 0 0 0 0 0 0 0 0 0 0 0 0 0 0 0 0 0 0 0.0588235 0 0.294118 0.294118 0.117647 0.176471 0.0588235 0 0 0 0 0 0 

576 565 420 53 0 0.566372 0 0 0 0 0 0 0 0 0 0 0 0 0 0 0 0 0 0 0 0 0.0588235 0 0.235294 0.117647 0.352941 0.176471 0.0588235 0 0 0 0 0 0 

576 565 413 53 0 0.566372 0 0 0 0 0 0 0 0 0 0 0 0 0 0 0 0 0 0 0.0588235 0 0 0.0588235 0.294118 0.235294 0.117647 0.117647 0.0588235 0.0588235 0 0 0 0 0 

704 678 491 53 0 0.471976 0 0 0 0 0 0 0 0 0 0 0 0 0 0 0 0 0 0 0 0 0.047619 0.047619 0.285714 0.238095 0.190476 0.142857 0.047619 0 0 0 0 0 0 

576 565 425 53 0 0.566372 0 0 0 0 0 0 0 0 0 0 0 0 0 0 0 0 0 0 0 0 0 0 0.176471 0.235294 0.411765 0 0.176471 0 0 0 0 0 0 

576 564 413 53 0 0.567376 0 0 0 0 0 0 0 0 0 0 0 0 0 0 0 0 0 0 0 0 0.0588235 0.117647 0.117647 0.294118 0.176471 0.235294 0 0 0 0 0 0 0 

576 565 413 53 0 0.566372 0 0 0 0 0 0 0 0 0 0 0 0 0 0 0 0 0 0.0588235 0 0 0.0588235 0 0.176471 0.176471 0.294118 0.235294 0 0 0 0 0 0 0 

544 527 402 53 0 0.607211 0 0 0 0 0 0 0 0 0 0 0 0 0 0 0 0 0 0 0 0 0 0 0.125 0.125 0.3125 0.3125 0.125 0 0 0 0 0 0 

544 528 387 53 0 0.606061 0 0 0 0 0 0 0 0 0 0 0 0 0 0 0 0 0 0 0 0 0 0.1875 0.0625 0.1875 0.5 0.0625 0 0 0 0 0 0 0 

544 528 387 53 0 0.606061 0 0 0 0 0 0 0 0 0 0 0 0 0 0 0 0 0 0 0 0.0625 0.0625 0.1875 0.125 0.0625 0.125 0.1875 0.125 0.0625 0 0 0 0 0 

576 565 408 53 0 0.566372 0 0 0 0 0 0 0 0 0 0 0 0 0 0 0 0 0 0 0 0.0588235 0.0588235 0.235294 0.117647 0.117647 0.117647 0.235294 0.0588235 0 0 0 0 0 0 

544 529 390 53 0 0.604915 0 0 0 0 0 0 0 0 0 0 0 0 0 0 0 0 0 0 0 0 0.0625 0.0625 0.1875 0.25 0.1875 0.1875 0 0.0625 0 0 0 0 0 

576 565 411 53 0 0.566372 0 0 0 0 0 0 0 0 0 0 0 0 0 0 0 0 0 0 0 0.0588235 0 0.117647 0.117647 0.352941 0.235294 0.0588235 0.0588235 0 0 0 0 0 0 

576 565 401 53 0 0.566372 0 0 0 0 0 0 0 0 0 0 0 0 0 0 0 0 0 0.0588235 0 0 0.117647 0.0588235 0.117647 0.411765 0.176471 0.0588235 0 0 0 0 0 0 0 

576 565 422 53 0 0.566372 0 0 0 0 0 0 0 0 0 0 0 0 0 0 0 0 0 0 0 0 0 0.117647 0.176471 0.235294 0.176471 0.176471 0.0588235 0 0.0588235 0 0 0 0 

576 567 418 53 0 0.564374 0 0 0 0 0 0 0 0 0 0 0 0 0 0 0 0 0 0 0 0 0.0588235 0.0588235 0.294118 0.117647 0.176471 0.235294 0.0588235 0 0 0 0 0 0 

576 566 403 53 0 0.565371 0 0 0 0 0 0 0 0 0 0 0 0 0 0 0 0 0 0 0.0588235 0 0.117647 0.176471 0.176471 0.117647 0.176471 0.117647 0.0588235 0 0 0 0 0 0 

576 565 417 53 0 0.566372 0 0 0 0 0 0 0 0 0 0 0 0 0 0 0 0 0 0 0 0.0588235 0 0.0588235 0.176471 0.235294 0.294118 0.0588235 0.0588235 0.0588235 0 0 0 0 0 

576 567 428 53 0 0.564374 0 0 0 0 0 0 0 0 0 0 0 0 0 0 0 0 0 0 0 0 0 0 0.176471 0.117647 0.470588 0.176471 0.0588235 0 0 0 0 0 0 

544 527 393 53 0 0.607211 0 0 0 0 0 0 0 0 0 0 0 0 0 0 0 0 0 0 0 0 0 0.0625 0.125 0.125 0.5 0.1875 0 0 0 0 0 0 0 

576 565 408 53 0 0.566372 0 0 0 0 0 0 0 0 0 0 0 0 0 0 0 0 0 0 0 0 0.0588235 0.176471 0.176471 0.235294 0.235294 0.117647 0 0 0 0 0 0 0 

576 564 418 53 0 0.567376 0 0 0 0 0 0 0 0 0 0 0 0 0 0 0 0 0 0 0 0 0.0588235 0.117647 0.0588235 0.176471 0.411765 0.117647 0 0.0588235 0 0 0 0 0 

576 567 419 53 0 0.564374 0 0 0 0 0 0 0 0 0 0 0 0 0 0 0 0 0 0 0 0 0 0 0.411765 0.176471 0.176471 0.176471 0.0588235 0 0 0 0 0 0 

576 567 431 53 0 0.564374 0 0 0 0 0 0 0 0 0 0 0 0 0 0 0 0 0 0 0 0 0 0.117647 0.0588235 0.176471 0.235294 0.235294 0.117647 0.0588235 0 0 0 0 0 

576 565 411 53 0 0.566372 0 0 0 0 0 0 0 0 0 0 0 0 0 0 0 0 0 0 0 0 0.0588235 0.117647 0.235294 0.176471 0.235294 0.176471 0 0 0 0 0 0 0 

576 565 411 53 0 0.566372 0 0 0 0 0 0 0 0 0 0 0 0 0 0 0 0 0 0 0 0.0588235 0.0588235 0.0588235 0.294118 0.117647 0.117647 0.235294 0.0588235 0 0 0 0 0 0 

576 565 420 53 0 0.566372 0 0 0 0 0 0 0 0 0 0 0 0 0 0 0 0 0 0 0 0 0 0.0588235 0.176471 0.235294 0.294118 0.235294 0 0 0 0 0 0 0 

576 567 424 53 0 0.564374 0 0 0 0 0 0 0 0 0 0 0 0 0 0 0 0 0 0 0 0 0.0588235 0.0588235 0.117647 0.176471 0.294118 0.176471 0.117647 0 0 0 0 0 0 

672 648 465 53 0 0.493827 0 0 0 0 0 0 0 0 0 0 0 0 0 0 0 0 0 0 0 0.1 0.05 0.05 0.05 0.35 0.25 0.15 0 0 0 0 0 0 0 

576 565 420 53 0 0.566372 0 0 0 0 0 0 0 0 0 0 0 0 0 0 0 0 0 0 0 0 0 0 0.294118 0.235294 0.294118 0.0588235 0.117647 0 0 0 0 0 0 

672 652 487 53 0 0.490798 0 0 0 0 0 0 0 0 0 0 0 0 0 0 0 0 0 0 0 0.05 0 0 0.2 0.15 0.25 0.15 0.2 0 0 0 0 0 0 

576 567 414 53 0 0.564374 0 0 0 0 0 0 0 0 0 0 0 0 0 0 0 0 0 0 0.0588235 0.0588235 0 0.117647 0.0588235 0.235294 0.235294 0.117647 0.117647 0 0 0 0 0 0 

576 565 416 53 0 0.566372 0 0 0 0 0 0 0 0 0 0 0 0 0 0 0 0 0 0 0 0 0.0588235 0.0588235 0.117647 0.235294 0.411765 0.117647 0 0 0 0 0 0 0 

544 527 396 53 0 0.607211 0 0 0 0 0 0 0 0 0 0 0 0 0 0 0 0 0 0 0 0 0.0625 0.125 0.0625 0.125 0.1875 0.25 0.125 0.0625 0 0 0 0 0 

576 565 422 53 0 0.566372 0 0 0 0 0 0 0 0 0 0 0 0 0 0 0 0 0 0 0 0 0 0 0.117647 0.294118 0.470588 0.117647 0 0 0 0 0 0 0 

576 565 410 53 0 0.566372 0 0 0 0 0 0 0 0 0 0 0 0 0 0 0 0 0 0 0 0 0.117647 0.117647 0.176471 0.176471 0.235294 0.117647 0.0588235 0 0 0 0 0 0 

