14624 14601 10596 268 0 0.547908 0 0 0 0 0 0 0 0 0 0 0 0 0 0 0 0 0 0.00438596 0.00657895 0.00877193 0.0416667 0.0833333 0.171053 0.236842 0.214912 0.155702 0.0592105 0.0175439 0 0 0 0 0 

15104 15090 10970 268 0 0.530152 0 0 0 0 0 0 0 0 0 0 0 0 0 0 0 0 0 0.00424628 0.00636943 0.0127389 0.0403397 0.0849257 0.169851 0.212314 0.235669 0.142251 0.0636943 0.0276008 0 0 0 0 0 

14816 14790 10722 268 0 0.540906 0 0 0 0 0 0 0 0 0 0 0 0 0 0 0 0 0 0.0021645 0.0108225 0.0108225 0.0324675 0.0757576 0.203463 0.229437 0.209957 0.149351 0.0541126 0.021645 0 0 0 0 0 

14816 14791 10687 268 0 0.540869 0 0 0 0 0 0 0 0 0 0 0 0 0 0 0 0 0 0 0.004329 0.0194805 0.038961 0.0909091 0.168831 0.246753 0.244589 0.12987 0.047619 0.00649351 0.0021645 0 0 0 0 

14624 14598 10617 268 0 0.54802 0 0 0 0 0 0 0 0 0 0 0 0 0 0 0 0 0 0.00219298 0.00438596 0.0153509 0.0219298 0.0855263 0.157895 0.263158 0.221491 0.155702 0.0614035 0.0109649 0 0 0 0 0 

14624 14599 10580 268 0 0.547983 0 0 0 0 0 0 0 0 0 0 0 0 0 0 0 0 0 0.00438596 0.00657895 0.0241228 0.0438596 0.0899123 0.153509 0.210526 0.234649 0.144737 0.0701754 0.0153509 0.00219298 0 0 0 0 

14464 14440 10518 268 0 0.554017 0 0 0 0 0 0 0 0 0 0 0 0 0 0 0 0.00221729 0 0 0.0110865 0.0110865 0.0332594 0.0931264 0.13969 0.241685 0.219512 0.13969 0.0909091 0.0133038 0.00443459 0 0 0 0 

15104 15086 10905 268 0 0.530293 0 0 0 0 0 0 0 0 0 0 0 0 0 0 0 0 0.00212314 0.00424628 0.0127389 0.0191083 0.0424628 0.0849257 0.157113 0.242038 0.210191 0.154989 0.0488323 0.014862 0.00636943 0 0 0 0 

14944 14921 10809 268 0 0.536157 0 0 0 0 0 0 0 0 0 0 0 0 0 0 0 0 0 0 0.00858369 0.0171674 0.0600858 0.0901288 0.150215 0.212446 0.229614 0.150215 0.0622318 0.0150215 0.00429185 0 0 0 0 

14912 14887 10829 268 0 0.537382 0 0 0 0 0 0 0 0 0 0 0 0 0 0 0 0 0 0 0.00215054 0.0172043 0.0430108 0.124731 0.135484 0.2 0.219355 0.156989 0.0752688 0.0215054 0.00430108 0 0 0 0 

