2208 2192 1603 101 0 0.729927 0 0 0 0 0 0 0 0 0 0 0 0 0 0 0 0 0 0 0 0.0147059 0.0588235 0.0735294 0.147059 0.235294 0.191176 0.176471 0.0882353 0.0147059 0 0 0 0 0 

2240 2229 1603 115 0 0.717811 0 0 0 0 0 0 0 0 0 0 0 0 0 0 0 0 0 0 0.0144928 0.0289855 0.0724638 0.101449 0.15942 0.188406 0.231884 0.15942 0.0289855 0.0144928 0 0 0 0 0 

2176 2168 1601 95 0 0.738007 0 0 0 0 0 0 0 0 0 0 0 0 0 0 0 0 0 0 0 0.0149254 0.0298507 0.0597015 0.0895522 0.298507 0.208955 0.208955 0.0746269 0.0149254 0 0 0 0 0 

2176 2173 1600 105 0 0.736309 0 0 0 0 0 0 0 0 0 0 0 0 0 0 0 0 0 0 0 0 0.0149254 0.0895522 0.0746269 0.328358 0.283582 0.134328 0.0597015 0.0149254 0 0 0 0 0 

2208 2197 1603 105 0 0.728266 0 0 0 0 0 0 0 0 0 0 0 0 0 0 0 0 0 0 0.0147059 0 0.0294118 0.102941 0.102941 0.264706 0.264706 0.191176 0.0294118 0 0 0 0 0 0 

2208 2201 1601 105 0 0.726942 0 0 0 0 0 0 0 0 0 0 0 0 0 0 0 0 0 0 0 0 0.117647 0.0294118 0.205882 0.176471 0.205882 0.176471 0.0882353 0 0 0 0 0 0 

2240 2218 1603 104 0 0.721371 0 0 0 0 0 0 0 0 0 0 0 0 0 0 0 0 0 0.0289855 0.0144928 0.0289855 0.0289855 0.101449 0.101449 0.231884 0.217391 0.144928 0.0724638 0.0289855 0 0 0 0 0 

2208 2182 1603 99 0 0.733272 0 0 0 0 0 0 0 0 0 0 0 0 0 0 0 0 0.0147059 0 0 0.0147059 0.0147059 0.0882353 0.161765 0.161765 0.220588 0.205882 0.0735294 0.0441176 0 0 0 0 0 

2240 2224 1603 114 0 0.719424 0 0 0 0 0 0 0 0 0 0 0 0 0 0 0 0 0 0 0.0144928 0.0289855 0.0144928 0.115942 0.188406 0.26087 0.173913 0.144928 0.0434783 0.0144928 0 0 0 0 0 

2208 2188 1603 100 0 0.731261 0 0 0 0 0 0 0 0 0 0 0 0 0 0 0 0 0 0 0 0 0 0.0735294 0.25 0.176471 0.264706 0.191176 0.0294118 0.0147059 0 0 0 0 0 

