1184 1164 843 75 0 0.549828 0 0 0 0 0 0 0 0 0 0 0 0 0 0 0 0 0 0 0 0 0.0555556 0.111111 0.138889 0.305556 0.194444 0.166667 0.0277778 0 0 0 0 0 0 

960 930 683 75 0 0.688172 0 0 0 0 0 0 0 0 0 0 0 0 0 0 0 0 0 0 0 0 0 0.137931 0.103448 0.241379 0.275862 0.137931 0.103448 0 0 0 0 0 0 

1088 1067 776 75 0 0.599813 0 0 0 0 0 0 0 0 0 0 0 0 0 0 0 0 0 0 0 0 0.121212 0.0909091 0.151515 0.151515 0.181818 0.212121 0.0909091 0 0 0 0 0 0 

896 866 641 65 0 0.73903 0 0 0 0 0 0 0 0 0 0 0 0 0 0 0 0 0 0 0 0 0.037037 0 0.185185 0.259259 0.222222 0.185185 0.0740741 0.037037 0 0 0 0 0 

992 974 697 75 0 0.657084 0 0 0 0 0 0 0 0 0 0 0 0 0 0 0 0 0 0 0 0.0666667 0.1 0.0333333 0.133333 0.233333 0.366667 0.0333333 0.0333333 0 0 0 0 0 0 

1056 1037 753 75 0 0.617165 0 0 0 0 0 0 0 0 0 0 0 0 0 0 0 0 0 0 0 0 0.09375 0.125 0.1875 0.09375 0.25 0.1875 0.03125 0.03125 0 0 0 0 0 

896 880 641 65 0 0.727273 0 0 0 0 0 0 0 0 0 0 0 0 0 0 0 0 0 0 0 0 0.111111 0.0740741 0.111111 0.259259 0.222222 0.148148 0.0740741 0 0 0 0 0 0 

1088 1065 778 75 0 0.600939 0 0 0 0 0 0 0 0 0 0 0 0 0 0 0 0 0 0 0 0 0 0.181818 0.181818 0.212121 0.181818 0.0606061 0.181818 0 0 0 0 0 0 

896 885 656 75 0 0.723164 0 0 0 0 0 0 0 0 0 0 0 0 0 0 0 0 0 0 0 0.037037 0 0.0740741 0.222222 0.185185 0.222222 0.0740741 0.0740741 0.111111 0 0 0 0 0 

896 878 641 62 0 0.728929 0 0 0 0 0 0 0 0 0 0 0 0 0 0 0 0 0 0 0 0 0.0740741 0.0740741 0.222222 0.0740741 0.333333 0.185185 0.037037 0 0 0 0 0 0 

