640 618 444 56 0 0.582524 0 0 0 0 0 0 0 0 0 0 0 0 0 0 0 0 0 0 0 0 0.105263 0.105263 0.105263 0.368421 0.210526 0.0526316 0.0526316 0 0 0 0 0 0 

640 618 455 56 0 0.582524 0 0 0 0 0 0 0 0 0 0 0 0 0 0 0 0 0 0 0 0 0 0.0526316 0.105263 0.315789 0.421053 0.105263 0 0 0 0 0 0 0 

640 618 444 56 0 0.582524 0 0 0 0 0 0 0 0 0 0 0 0 0 0 0 0 0 0 0 0 0.105263 0.157895 0.105263 0.210526 0.263158 0.157895 0 0 0 0 0 0 0 

640 617 456 56 0 0.583468 0 0 0 0 0 0 0 0 0 0 0 0 0 0 0 0 0 0 0 0 0 0.157895 0.157895 0.210526 0.157895 0.157895 0.105263 0.0526316 0 0 0 0 0 

640 617 452 56 0 0.583468 0 0 0 0 0 0 0 0 0 0 0 0 0 0 0 0 0 0 0 0 0.0526316 0.105263 0.0526316 0.368421 0.210526 0.105263 0.105263 0 0 0 0 0 0 

640 617 458 56 0 0.583468 0 0 0 0 0 0 0 0 0 0 0 0 0 0 0 0 0 0 0 0 0 0.0526316 0.105263 0.421053 0.210526 0.0526316 0.105263 0.0526316 0 0 0 0 0 

704 679 496 56 0 0.530191 0 0 0 0 0 0 0 0 0 0 0 0 0 0 0 0 0 0 0 0 0.047619 0.190476 0.142857 0.142857 0.190476 0.142857 0.0952381 0.047619 0 0 0 0 0 

640 617 450 56 0 0.583468 0 0 0 0 0 0 0 0 0 0 0 0 0 0 0 0 0 0 0 0 0.105263 0 0.105263 0.368421 0.263158 0.105263 0.0526316 0 0 0 0 0 0 

704 680 472 56 0 0.529412 0 0 0 0 0 0 0 0 0 0 0 0 0 0 0 0 0.047619 0 0 0.047619 0.047619 0.190476 0.190476 0.285714 0.142857 0 0 0.047619 0 0 0 0 0 

640 618 448 56 0 0.582524 0 0 0 0 0 0 0 0 0 0 0 0 0 0 0 0 0 0 0 0 0.0526316 0.105263 0.157895 0.368421 0.105263 0.157895 0.0526316 0 0 0 0 0 0 

