608 586 423 53 0 0.546075 0 0 0 0 0 0 0 0 0 0 0 0 0 0 0 0 0 0 0 0 0.0555556 0.166667 0.0555556 0.333333 0.277778 0.111111 0 0 0 0 0 0 0 

576 549 407 53 0 0.582878 0 0 0 0 0 0 0 0 0 0 0 0 0 0 0 0 0 0 0 0 0 0.117647 0.0588235 0.176471 0.470588 0.117647 0 0.0588235 0 0 0 0 0 

608 587 428 53 0 0.545145 0 0 0 0 0 0 0 0 0 0 0 0 0 0 0 0 0 0 0 0 0 0.111111 0.222222 0.166667 0.444444 0 0.0555556 0 0 0 0 0 0 

608 586 424 53 0 0.546075 0 0 0 0 0 0 0 0 0 0 0 0 0 0 0 0 0 0 0 0 0.0555556 0.166667 0.166667 0.111111 0.388889 0.0555556 0.0555556 0 0 0 0 0 0 

576 548 408 53 0 0.583942 0 0 0 0 0 0 0 0 0 0 0 0 0 0 0 0 0 0 0 0 0 0 0.176471 0.294118 0.235294 0.235294 0 0.0588235 0 0 0 0 0 

576 548 402 53 0 0.583942 0 0 0 0 0 0 0 0 0 0 0 0 0 0 0 0 0 0 0 0 0 0 0.294118 0.176471 0.352941 0.176471 0 0 0 0 0 0 0 

544 520 386 53 0 0.615385 0 0 0 0 0 0 0 0 0 0 0 0 0 0 0 0 0 0 0 0 0.0625 0.0625 0.125 0.125 0.3125 0.25 0 0.0625 0 0 0 0 0 

608 597 429 53 0 0.536013 0 0 0 0 0 0 0 0 0 0 0 0 0 0 0 0 0 0 0 0.0555556 0 0.111111 0.444444 0.111111 0.111111 0.111111 0 0.0555556 0 0 0 0 0 

608 586 421 53 0 0.546075 0 0 0 0 0 0 0 0 0 0 0 0 0 0 0 0 0 0 0 0 0 0.222222 0.166667 0.277778 0.222222 0.111111 0 0 0 0 0 0 0 

608 586 432 53 0 0.546075 0 0 0 0 0 0 0 0 0 0 0 0 0 0 0 0 0 0 0 0.0555556 0 0.166667 0 0.277778 0.111111 0.277778 0.111111 0 0 0 0 0 0 

576 548 401 53 0 0.583942 0 0 0 0 0 0 0 0 0 0 0 0 0 0 0 0 0 0 0 0 0.117647 0.0588235 0.176471 0.117647 0.235294 0.176471 0.0588235 0.0588235 0 0 0 0 0 

608 586 427 53 0 0.546075 0 0 0 0 0 0 0 0 0 0 0 0 0 0 0 0 0 0 0 0 0.0555556 0.0555556 0.166667 0.222222 0.388889 0.111111 0 0 0 0 0 0 0 

608 586 419 53 0 0.546075 0 0 0 0 0 0 0 0 0 0 0 0 0 0 0 0 0 0 0 0.0555556 0 0.222222 0.222222 0.166667 0.111111 0.166667 0.0555556 0 0 0 0 0 0 

480 455 354 53 0 0.703297 0 0 0 0 0 0 0 0 0 0 0 0 0 0 0 0 0 0 0 0 0 0 0.142857 0.0714286 0.142857 0.214286 0.357143 0.0714286 0 0 0 0 0 

608 586 428 53 0 0.546075 0 0 0 0 0 0 0 0 0 0 0 0 0 0 0 0 0 0 0 0 0.166667 0.0555556 0.111111 0.222222 0.222222 0.0555556 0.0555556 0.111111 0 0 0 0 0 

608 587 431 53 0 0.545145 0 0 0 0 0 0 0 0 0 0 0 0 0 0 0 0 0 0 0 0 0.0555556 0.111111 0.166667 0.222222 0.222222 0.0555556 0.111111 0.0555556 0 0 0 0 0 

608 586 437 53 0 0.546075 0 0 0 0 0 0 0 0 0 0 0 0 0 0 0 0 0 0 0 0 0 0 0.333333 0.111111 0.222222 0.222222 0.0555556 0.0555556 0 0 0 0 0 

608 586 423 53 0 0.546075 0 0 0 0 0 0 0 0 0 0 0 0 0 0 0 0 0 0 0 0.111111 0 0.111111 0.166667 0.166667 0.222222 0.111111 0.111111 0 0 0 0 0 0 

608 594 429 53 0 0.538721 0 0 0 0 0 0 0 0 0 0 0 0 0 0 0 0 0 0 0.0555556 0 0.0555556 0.111111 0.111111 0.388889 0.111111 0.0555556 0.0555556 0.0555556 0 0 0 0 0 

608 586 428 53 0 0.546075 0 0 0 0 0 0 0 0 0 0 0 0 0 0 0 0 0 0 0 0.0555556 0 0.111111 0.166667 0.222222 0.166667 0.166667 0.111111 0 0 0 0 0 0 

608 586 414 53 0 0.546075 0 0 0 0 0 0 0 0 0 0 0 0 0 0 0 0 0 0 0 0 0.166667 0.0555556 0.333333 0.111111 0.277778 0.0555556 0 0 0 0 0 0 0 

608 587 423 53 0 0.545145 0 0 0 0 0 0 0 0 0 0 0 0 0 0 0 0 0 0 0 0.0555556 0.0555556 0.0555556 0.222222 0.111111 0.388889 0.111111 0 0 0 0 0 0 0 

608 587 423 53 0 0.545145 0 0 0 0 0 0 0 0 0 0 0 0 0 0 0 0 0 0 0 0.111111 0 0.111111 0.111111 0.222222 0.277778 0.111111 0.0555556 0 0 0 0 0 0 

608 586 437 53 0 0.546075 0 0 0 0 0 0 0 0 0 0 0 0 0 0 0 0 0 0 0 0 0 0 0.166667 0.333333 0.277778 0.111111 0.0555556 0.0555556 0 0 0 0 0 

608 597 422 53 0 0.536013 0 0 0 0 0 0 0 0 0 0 0 0 0 0 0 0 0 0 0 0.111111 0.111111 0.222222 0.0555556 0.111111 0.277778 0.0555556 0.0555556 0 0 0 0 0 0 

640 629 454 53 0 0.508744 0 0 0 0 0 0 0 0 0 0 0 0 0 0 0 0.0526316 0 0 0 0.0526316 0.0526316 0.157895 0 0.210526 0.263158 0.0526316 0.105263 0.0526316 0 0 0 0 0 

576 548 406 53 0 0.583942 0 0 0 0 0 0 0 0 0 0 0 0 0 0 0 0 0 0 0 0 0.0588235 0 0.117647 0.294118 0.235294 0.176471 0.117647 0 0 0 0 0 0 

608 586 432 53 0 0.546075 0 0 0 0 0 0 0 0 0 0 0 0 0 0 0 0 0 0 0 0 0.0555556 0.111111 0.0555556 0.166667 0.388889 0.166667 0.0555556 0 0 0 0 0 0 

608 587 418 53 0 0.545145 0 0 0 0 0 0 0 0 0 0 0 0 0 0 0 0 0 0 0 0.0555556 0 0.111111 0.333333 0.222222 0.166667 0.111111 0 0 0 0 0 0 0 

608 586 430 53 0 0.546075 0 0 0 0 0 0 0 0 0 0 0 0 0 0 0 0 0 0 0 0.0555556 0 0.0555556 0.222222 0.222222 0.222222 0.0555556 0.111111 0.0555556 0 0 0 0 0 

608 597 436 53 0 0.536013 0 0 0 0 0 0 0 0 0 0 0 0 0 0 0 0 0 0 0 0 0.0555556 0.0555556 0.166667 0.277778 0.388889 0.0555556 0 0 0 0 0 0 0 

640 631 460 53 0 0.507132 0 0 0 0 0 0 0 0 0 0 0 0 0 0 0 0 0 0 0 0.0526316 0.0526316 0.157895 0 0.263158 0.263158 0.210526 0 0 0 0 0 0 0 

736 715 518 53 0 0.447552 0 0 0 0 0 0 0 0 0 0 0 0 0 0 0 0 0 0 0 0 0.0454545 0.0909091 0.409091 0.0909091 0.0909091 0.181818 0.0454545 0.0454545 0 0 0 0 0 

544 530 392 53 0 0.603774 0 0 0 0 0 0 0 0 0 0 0 0 0 0 0 0 0 0 0 0 0.0625 0.125 0.1875 0.125 0.125 0.3125 0 0.0625 0 0 0 0 0 

576 548 407 53 0 0.583942 0 0 0 0 0 0 0 0 0 0 0 0 0 0 0 0 0 0 0 0 0 0.117647 0.0588235 0.411765 0.117647 0.117647 0.0588235 0.117647 0 0 0 0 0 

608 594 429 53 0 0.538721 0 0 0 0 0 0 0 0 0 0 0 0 0 0 0 0 0 0 0 0 0.0555556 0.0555556 0.277778 0.277778 0.277778 0.0555556 0 0 0 0 0 0 0 

608 586 428 53 0 0.546075 0 0 0 0 0 0 0 0 0 0 0 0 0 0 0 0 0 0 0 0 0.0555556 0.111111 0.111111 0.388889 0.111111 0.111111 0.0555556 0.0555556 0 0 0 0 0 

576 548 398 53 0 0.583942 0 0 0 0 0 0 0 0 0 0 0 0 0 0 0 0 0 0 0 0 0 0.117647 0.235294 0.235294 0.176471 0.235294 0 0 0 0 0 0 0 

544 527 393 53 0 0.607211 0 0 0 0 0 0 0 0 0 0 0 0 0 0 0 0 0 0 0 0 0 0.25 0.0625 0.125 0.3125 0 0.125 0.125 0 0 0 0 0 

608 586 426 53 0 0.546075 0 0 0 0 0 0 0 0 0 0 0 0 0 0 0 0 0 0 0 0 0 0 0.333333 0.333333 0.222222 0.111111 0 0 0 0 0 0 0 

608 586 413 53 0 0.546075 0 0 0 0 0 0 0 0 0 0 0 0 0 0 0 0 0 0 0.166667 0 0 0.111111 0.111111 0.277778 0.166667 0.111111 0.0555556 0 0 0 0 0 0 

608 587 418 53 0 0.545145 0 0 0 0 0 0 0 0 0 0 0 0 0 0 0 0 0 0.0555556 0 0 0.111111 0.0555556 0.0555556 0.333333 0.333333 0.0555556 0 0 0 0 0 0 0 

608 587 435 53 0 0.545145 0 0 0 0 0 0 0 0 0 0 0 0 0 0 0 0 0 0 0 0 0 0.111111 0.166667 0.166667 0.333333 0.0555556 0.166667 0 0 0 0 0 0 

608 586 438 53 0 0.546075 0 0 0 0 0 0 0 0 0 0 0 0 0 0 0 0 0 0 0 0 0.111111 0.111111 0.111111 0.0555556 0.166667 0.166667 0.166667 0.111111 0 0 0 0 0 

608 599 441 53 0 0.534224 0 0 0 0 0 0 0 0 0 0 0 0 0 0 0 0 0 0 0 0.0555556 0 0.0555556 0.111111 0.388889 0.222222 0.0555556 0.111111 0 0 0 0 0 0 

608 586 435 53 0 0.546075 0 0 0 0 0 0 0 0 0 0 0 0 0 0 0 0 0 0 0 0 0.0555556 0 0.111111 0.277778 0.388889 0.0555556 0.0555556 0.0555556 0 0 0 0 0 

576 548 403 53 0 0.583942 0 0 0 0 0 0 0 0 0 0 0 0 0 0 0 0 0 0 0 0.0588235 0 0.0588235 0.117647 0.294118 0.117647 0.235294 0.117647 0 0 0 0 0 0 

576 550 400 53 0 0.581818 0 0 0 0 0 0 0 0 0 0 0 0 0 0 0 0 0 0 0 0 0.0588235 0 0.294118 0.235294 0.235294 0.117647 0.0588235 0 0 0 0 0 0 

608 586 419 53 0 0.546075 0 0 0 0 0 0 0 0 0 0 0 0 0 0 0 0 0 0 0 0.0555556 0 0.111111 0.166667 0.388889 0.222222 0.0555556 0 0 0 0 0 0 0 

544 530 399 53 0 0.603774 0 0 0 0 0 0 0 0 0 0 0 0 0 0 0 0 0 0 0 0 0 0.0625 0.1875 0.3125 0.125 0.125 0.0625 0.0625 0.0625 0 0 0 0 

576 548 403 53 0 0.583942 0 0 0 0 0 0 0 0 0 0 0 0 0 0 0 0 0 0 0 0 0.0588235 0 0.176471 0.117647 0.470588 0.176471 0 0 0 0 0 0 0 

608 597 429 53 0 0.536013 0 0 0 0 0 0 0 0 0 0 0 0 0 0 0 0 0 0 0.0555556 0 0 0.222222 0.166667 0.222222 0.166667 0.111111 0.0555556 0 0 0 0 0 0 

608 587 418 53 0 0.545145 0 0 0 0 0 0 0 0 0 0 0 0 0 0 0 0 0 0 0 0 0.0555556 0.166667 0.222222 0.388889 0.0555556 0.0555556 0.0555556 0 0 0 0 0 0 

608 586 431 53 0 0.546075 0 0 0 0 0 0 0 0 0 0 0 0 0 0 0 0 0 0 0 0.0555556 0 0.0555556 0.166667 0.222222 0.111111 0.388889 0 0 0 0 0 0 0 

608 586 436 53 0 0.546075 0 0 0 0 0 0 0 0 0 0 0 0 0 0 0 0 0 0 0 0 0 0.0555556 0.222222 0.277778 0 0.333333 0.111111 0 0 0 0 0 0 

608 586 433 53 0 0.546075 0 0 0 0 0 0 0 0 0 0 0 0 0 0 0 0 0 0 0 0.0555556 0.0555556 0 0.166667 0.222222 0.166667 0.166667 0.111111 0.0555556 0 0 0 0 0 

608 586 426 53 0 0.546075 0 0 0 0 0 0 0 0 0 0 0 0 0 0 0 0 0 0 0 0 0 0.277778 0.166667 0.166667 0.0555556 0.222222 0.111111 0 0 0 0 0 0 

608 594 433 53 0 0.538721 0 0 0 0 0 0 0 0 0 0 0 0 0 0 0 0 0 0 0 0 0 0.111111 0.277778 0.166667 0.333333 0.111111 0 0 0 0 0 0 0 

576 548 402 53 0 0.583942 0 0 0 0 0 0 0 0 0 0 0 0 0 0 0 0 0 0 0 0 0 0.235294 0.117647 0.117647 0.235294 0.176471 0.0588235 0.0588235 0 0 0 0 0 

608 586 429 53 0 0.546075 0 0 0 0 0 0 0 0 0 0 0 0 0 0 0 0 0 0 0 0 0 0.111111 0.111111 0.277778 0.388889 0.111111 0 0 0 0 0 0 0 

608 586 424 53 0 0.546075 0 0 0 0 0 0 0 0 0 0 0 0 0 0 0 0 0 0 0 0.0555556 0.0555556 0.0555556 0.111111 0.388889 0.111111 0.166667 0.0555556 0 0 0 0 0 0 

576 548 394 53 0 0.583942 0 0 0 0 0 0 0 0 0 0 0 0 0 0 0 0 0 0 0 0 0.0588235 0.294118 0.176471 0.0588235 0.0588235 0.235294 0.117647 0 0 0 0 0 0 

608 587 420 53 0 0.545145 0 0 0 0 0 0 0 0 0 0 0 0 0 0 0 0 0 0 0 0 0 0.277778 0.222222 0.166667 0.222222 0.0555556 0.0555556 0 0 0 0 0 0 

608 586 427 53 0 0.546075 0 0 0 0 0 0 0 0 0 0 0 0 0 0 0 0 0 0 0 0 0 0.166667 0.222222 0.111111 0.388889 0.0555556 0 0.0555556 0 0 0 0 0 

608 587 427 53 0 0.545145 0 0 0 0 0 0 0 0 0 0 0 0 0 0 0 0 0 0 0 0 0 0.111111 0.222222 0.333333 0.166667 0.111111 0.0555556 0 0 0 0 0 0 

608 591 442 53 0 0.541455 0 0 0 0 0 0 0 0 0 0 0 0 0 0 0 0 0 0 0 0 0.111111 0 0.111111 0.222222 0.111111 0.277778 0.166667 0 0 0 0 0 0 

736 714 514 53 0 0.448179 0 0 0 0 0 0 0 0 0 0 0 0 0 0 0 0 0 0 0.0454545 0 0.0909091 0 0.0909091 0.454545 0.181818 0.0909091 0.0454545 0 0 0 0 0 0 

576 548 405 53 0 0.583942 0 0 0 0 0 0 0 0 0 0 0 0 0 0 0 0 0 0 0 0 0.0588235 0.117647 0.117647 0.117647 0.352941 0 0.176471 0.0588235 0 0 0 0 0 

576 548 399 53 0 0.583942 0 0 0 0 0 0 0 0 0 0 0 0 0 0 0 0 0 0 0 0 0.0588235 0 0.0588235 0.470588 0.352941 0.0588235 0 0 0 0 0 0 0 

576 548 405 53 0 0.583942 0 0 0 0 0 0 0 0 0 0 0 0 0 0 0 0 0 0 0 0.0588235 0 0 0.117647 0.411765 0.0588235 0.294118 0 0 0.0588235 0 0 0 0 

608 597 444 53 0 0.536013 0 0 0 0 0 0 0 0 0 0 0 0 0 0 0 0 0 0 0 0 0 0.166667 0.166667 0.166667 0.111111 0.277778 0.111111 0 0 0 0 0 0 

576 548 408 53 0 0.583942 0 0 0 0 0 0 0 0 0 0 0 0 0 0 0 0 0 0 0 0 0.0588235 0.0588235 0.117647 0.117647 0.294118 0.176471 0.176471 0 0 0 0 0 0 

608 587 426 53 0 0.545145 0 0 0 0 0 0 0 0 0 0 0 0 0 0 0 0 0 0 0 0 0.0555556 0.111111 0.111111 0.277778 0.388889 0 0.0555556 0 0 0 0 0 0 

544 530 392 53 0 0.603774 0 0 0 0 0 0 0 0 0 0 0 0 0 0 0 0 0 0 0 0 0 0 0.3125 0.3125 0.125 0.1875 0.0625 0 0 0 0 0 0 

608 587 427 53 0 0.545145 0 0 0 0 0 0 0 0 0 0 0 0 0 0 0 0 0 0 0 0 0.111111 0.0555556 0.222222 0.111111 0.222222 0.277778 0 0 0 0 0 0 0 

576 548 401 53 0 0.583942 0 0 0 0 0 0 0 0 0 0 0 0 0 0 0 0 0 0 0 0 0.0588235 0.117647 0.117647 0.176471 0.294118 0.117647 0.117647 0 0 0 0 0 0 

608 599 440 53 0 0.534224 0 0 0 0 0 0 0 0 0 0 0 0 0 0 0 0 0 0.0555556 0.0555556 0 0 0 0.166667 0.111111 0.333333 0.222222 0.0555556 0 0 0 0 0 0 

576 548 395 53 0 0.583942 0 0 0 0 0 0 0 0 0 0 0 0 0 0 0 0 0 0 0 0 0.0588235 0.176471 0.176471 0.235294 0.176471 0.0588235 0.0588235 0.0588235 0 0 0 0 0 

608 594 427 53 0 0.538721 0 0 0 0 0 0 0 0 0 0 0 0 0 0 0 0 0 0 0 0 0.0555556 0.0555556 0.333333 0.333333 0.111111 0.111111 0 0 0 0 0 0 0 

608 597 427 53 0 0.536013 0 0 0 0 0 0 0 0 0 0 0 0 0 0 0 0 0 0 0 0.166667 0.166667 0 0.111111 0.166667 0.0555556 0.222222 0.111111 0 0 0 0 0 0 

608 586 423 53 0 0.546075 0 0 0 0 0 0 0 0 0 0 0 0 0 0 0 0 0 0 0 0 0.0555556 0.0555556 0.333333 0.111111 0.333333 0.111111 0 0 0 0 0 0 0 

608 587 425 53 0 0.545145 0 0 0 0 0 0 0 0 0 0 0 0 0 0 0 0 0 0 0 0.0555556 0 0.0555556 0.222222 0.333333 0.222222 0.0555556 0 0.0555556 0 0 0 0 0 

608 586 436 53 0 0.546075 0 0 0 0 0 0 0 0 0 0 0 0 0 0 0 0 0 0 0 0 0 0.0555556 0.166667 0.277778 0.166667 0.277778 0 0.0555556 0 0 0 0 0 

672 655 471 53 0 0.48855 0 0 0 0 0 0 0 0 0 0 0 0 0 0 0 0 0 0 0 0.05 0.05 0.05 0.1 0.5 0.15 0.1 0 0 0 0 0 0 0 

608 586 427 53 0 0.546075 0 0 0 0 0 0 0 0 0 0 0 0 0 0 0 0 0 0 0 0 0.0555556 0.0555556 0.166667 0.444444 0.0555556 0.111111 0.111111 0 0 0 0 0 0 

608 597 432 53 0 0.536013 0 0 0 0 0 0 0 0 0 0 0 0 0 0 0 0 0 0 0 0 0.111111 0.111111 0.166667 0.277778 0.111111 0.222222 0 0 0 0 0 0 0 

576 548 398 53 0 0.583942 0 0 0 0 0 0 0 0 0 0 0 0 0 0 0 0 0 0 0.0588235 0 0 0.0588235 0.294118 0.117647 0.117647 0.294118 0.0588235 0 0 0 0 0 0 

608 586 430 53 0 0.546075 0 0 0 0 0 0 0 0 0 0 0 0 0 0 0 0 0 0 0 0 0.0555556 0.111111 0.0555556 0.388889 0.166667 0.111111 0.0555556 0.0555556 0 0 0 0 0 

576 548 402 53 0 0.583942 0 0 0 0 0 0 0 0 0 0 0 0 0 0 0 0 0 0 0 0 0.0588235 0 0.352941 0.117647 0.176471 0.176471 0.0588235 0.0588235 0 0 0 0 0 

608 586 422 53 0 0.546075 0 0 0 0 0 0 0 0 0 0 0 0 0 0 0 0 0 0 0 0 0.0555556 0.166667 0.166667 0.333333 0.0555556 0.166667 0.0555556 0 0 0 0 0 0 

608 587 430 53 0 0.545145 0 0 0 0 0 0 0 0 0 0 0 0 0 0 0 0 0 0 0 0 0.0555556 0.0555556 0.0555556 0.388889 0.277778 0.166667 0 0 0 0 0 0 0 

608 586 428 53 0 0.546075 0 0 0 0 0 0 0 0 0 0 0 0 0 0 0 0 0 0 0 0.0555556 0.0555556 0.0555556 0.111111 0.166667 0.333333 0.166667 0.0555556 0 0 0 0 0 0 

608 586 438 53 0 0.546075 0 0 0 0 0 0 0 0 0 0 0 0 0 0 0 0 0 0 0 0 0.0555556 0 0.111111 0.277778 0.222222 0.222222 0.0555556 0.0555556 0 0 0 0 0 

576 548 405 53 0 0.583942 0 0 0 0 0 0 0 0 0 0 0 0 0 0 0 0 0 0 0 0 0.0588235 0.0588235 0.0588235 0.235294 0.294118 0.235294 0.0588235 0 0 0 0 0 0 

576 548 405 53 0 0.583942 0 0 0 0 0 0 0 0 0 0 0 0 0 0 0 0 0 0 0 0 0.0588235 0.0588235 0.176471 0.117647 0.294118 0.117647 0.176471 0 0 0 0 0 0 

608 586 432 53 0 0.546075 0 0 0 0 0 0 0 0 0 0 0 0 0 0 0 0 0 0 0 0 0 0.166667 0.166667 0.111111 0.277778 0.166667 0.111111 0 0 0 0 0 0 

608 586 429 53 0 0.546075 0 0 0 0 0 0 0 0 0 0 0 0 0 0 0 0 0 0 0 0 0.0555556 0.166667 0.0555556 0.222222 0.277778 0.111111 0.111111 0 0 0 0 0 0 

576 548 403 53 0 0.583942 0 0 0 0 0 0 0 0 0 0 0 0 0 0 0 0 0 0 0 0 0 0.0588235 0.176471 0.352941 0.294118 0 0.0588235 0 0.0588235 0 0 0 0 

576 548 409 53 0 0.583942 0 0 0 0 0 0 0 0 0 0 0 0 0 0 0 0 0 0 0 0 0.0588235 0 0 0.352941 0.294118 0.235294 0 0.0588235 0 0 0 0 0 

576 548 397 53 0 0.583942 0 0 0 0 0 0 0 0 0 0 0 0 0 0 0 0 0 0 0 0.0588235 0.0588235 0.0588235 0.235294 0.117647 0.235294 0.117647 0.0588235 0.0588235 0 0 0 0 0 

