576 569 420 37 0 0.281195 0 0 0 0 0 0 0 0 0 0 0 0 0 0 0 0 0 0 0 0 0.0588235 0.117647 0.0588235 0.294118 0.352941 0 0.117647 0 0 0 0 0 0 

416 395 292 37 0 0.405063 0 0 0 0 0 0 0 0 0 0 0 0 0 0 0 0 0 0 0 0 0 0.25 0 0.333333 0 0.333333 0.0833333 0 0 0 0 0 0 

416 395 284 37 0 0.405063 0 0 0 0 0 0 0 0 0 0 0 0 0 0 0 0 0 0 0 0 0.0833333 0.25 0.0833333 0.166667 0.25 0.166667 0 0 0 0 0 0 0 

416 395 289 37 0 0.405063 0 0 0 0 0 0 0 0 0 0 0 0 0 0 0 0 0 0 0 0.0833333 0 0.166667 0.0833333 0.25 0.166667 0.0833333 0.0833333 0.0833333 0 0 0 0 0 

416 395 282 37 0 0.405063 0 0 0 0 0 0 0 0 0 0 0 0 0 0 0 0 0 0 0 0 0.0833333 0.0833333 0.333333 0.333333 0 0.166667 0 0 0 0 0 0 0 

416 395 284 37 0 0.405063 0 0 0 0 0 0 0 0 0 0 0 0 0 0 0 0 0 0 0 0.166667 0 0 0.25 0.166667 0.166667 0.25 0 0 0 0 0 0 0 

416 395 289 37 0 0.405063 0 0 0 0 0 0 0 0 0 0 0 0 0 0 0 0 0 0 0 0 0 0 0.333333 0.25 0.333333 0.0833333 0 0 0 0 0 0 0 

416 395 279 37 0 0.405063 0 0 0 0 0 0 0 0 0 0 0 0 0 0 0 0 0 0 0 0.0833333 0 0.0833333 0.25 0.5 0.0833333 0 0 0 0 0 0 0 0 

416 395 283 37 0 0.405063 0 0 0 0 0 0 0 0 0 0 0 0 0 0 0 0 0 0 0 0 0.166667 0 0.333333 0.25 0.0833333 0.0833333 0.0833333 0 0 0 0 0 0 

416 395 286 37 0 0.405063 0 0 0 0 0 0 0 0 0 0 0 0 0 0 0 0 0 0 0.0833333 0 0 0.166667 0.0833333 0.166667 0.25 0.25 0 0 0 0 0 0 0 

416 395 295 37 0 0.405063 0 0 0 0 0 0 0 0 0 0 0 0 0 0 0 0 0 0 0 0 0 0.166667 0.0833333 0.0833333 0.416667 0.0833333 0.166667 0 0 0 0 0 0 

416 395 282 37 0 0.405063 0 0 0 0 0 0 0 0 0 0 0 0 0 0 0 0 0 0 0 0.0833333 0.0833333 0.166667 0 0.333333 0.166667 0.166667 0 0 0 0 0 0 0 

416 395 283 37 0 0.405063 0 0 0 0 0 0 0 0 0 0 0 0 0 0 0 0 0 0 0 0 0.166667 0.0833333 0.0833333 0.416667 0.166667 0 0.0833333 0 0 0 0 0 0 

416 395 288 37 0 0.405063 0 0 0 0 0 0 0 0 0 0 0 0 0 0 0 0 0 0 0 0 0 0.0833333 0.166667 0.416667 0.25 0.0833333 0 0 0 0 0 0 0 

416 395 293 37 0 0.405063 0 0 0 0 0 0 0 0 0 0 0 0 0 0 0 0 0 0 0 0 0 0.0833333 0.166667 0.25 0.166667 0.333333 0 0 0 0 0 0 0 

416 395 294 37 0 0.405063 0 0 0 0 0 0 0 0 0 0 0 0 0 0 0 0 0 0 0 0.0833333 0 0.0833333 0.0833333 0.166667 0.25 0.25 0 0 0.0833333 0 0 0 0 

416 395 292 37 0 0.405063 0 0 0 0 0 0 0 0 0 0 0 0 0 0 0 0 0 0 0 0 0.0833333 0 0.166667 0.25 0.333333 0.0833333 0 0.0833333 0 0 0 0 0 

416 395 290 37 0 0.405063 0 0 0 0 0 0 0 0 0 0 0 0 0 0 0 0 0 0 0 0 0 0.0833333 0.166667 0.333333 0.25 0.166667 0 0 0 0 0 0 0 

416 395 296 37 0 0.405063 0 0 0 0 0 0 0 0 0 0 0 0 0 0 0 0 0 0 0 0.0833333 0 0.0833333 0.0833333 0.166667 0.166667 0.166667 0.166667 0.0833333 0 0 0 0 0 

416 395 280 37 0 0.405063 0 0 0 0 0 0 0 0 0 0 0 0 0 0 0 0 0 0 0 0.0833333 0 0.0833333 0.0833333 0.75 0 0 0 0 0 0 0 0 0 

416 395 293 37 0 0.405063 0 0 0 0 0 0 0 0 0 0 0 0 0 0 0 0 0 0 0 0 0 0 0.166667 0.25 0.5 0.0833333 0 0 0 0 0 0 0 

416 395 299 37 0 0.405063 0 0 0 0 0 0 0 0 0 0 0 0 0 0 0 0 0 0 0 0 0 0 0.166667 0.0833333 0.333333 0.416667 0 0 0 0 0 0 0 

416 395 302 37 0 0.405063 0 0 0 0 0 0 0 0 0 0 0 0 0 0 0 0 0 0 0 0 0 0 0 0.333333 0.25 0.25 0.166667 0 0 0 0 0 0 

416 395 289 37 0 0.405063 0 0 0 0 0 0 0 0 0 0 0 0 0 0 0 0 0 0 0.0833333 0 0.0833333 0 0.25 0.0833333 0.0833333 0.333333 0 0.0833333 0 0 0 0 0 

416 395 289 37 0 0.405063 0 0 0 0 0 0 0 0 0 0 0 0 0 0 0 0 0 0 0 0 0 0.0833333 0.333333 0.166667 0.25 0.0833333 0.0833333 0 0 0 0 0 0 

416 395 292 37 0 0.405063 0 0 0 0 0 0 0 0 0 0 0 0 0 0 0 0 0 0 0.0833333 0 0 0 0 0.416667 0.333333 0.0833333 0 0.0833333 0 0 0 0 0 

416 395 293 37 0 0.405063 0 0 0 0 0 0 0 0 0 0 0 0 0 0 0 0 0 0 0 0 0.166667 0.0833333 0 0.166667 0.333333 0 0.166667 0.0833333 0 0 0 0 0 

416 395 297 37 0 0.405063 0 0 0 0 0 0 0 0 0 0 0 0 0 0 0 0 0 0 0 0 0.0833333 0.0833333 0.0833333 0.166667 0.166667 0.0833333 0.333333 0 0 0 0 0 0 

416 395 299 37 0 0.405063 0 0 0 0 0 0 0 0 0 0 0 0 0 0 0 0 0 0 0 0 0 0 0.25 0 0.416667 0.25 0 0.0833333 0 0 0 0 0 

608 592 430 37 0 0.27027 0 0 0 0 0 0 0 0 0 0 0 0 0 0 0 0 0 0 0 0 0.111111 0 0.111111 0.444444 0.222222 0.111111 0 0 0 0 0 0 0 

416 395 284 37 0 0.405063 0 0 0 0 0 0 0 0 0 0 0 0 0 0 0 0 0 0 0 0 0.0833333 0.0833333 0.333333 0.166667 0.166667 0.166667 0 0 0 0 0 0 0 

416 395 278 37 0 0.405063 0 0 0 0 0 0 0 0 0 0 0 0 0 0 0 0 0 0 0.0833333 0 0.0833333 0.0833333 0.25 0.25 0.166667 0.0833333 0 0 0 0 0 0 0 

608 594 425 37 0 0.26936 0 0 0 0 0 0 0 0 0 0 0 0 0 0 0 0 0 0 0.0555556 0 0 0.111111 0.222222 0.388889 0.111111 0.111111 0 0 0 0 0 0 0 

416 395 283 37 0 0.405063 0 0 0 0 0 0 0 0 0 0 0 0 0 0 0 0 0 0 0 0 0 0.166667 0.333333 0.25 0.166667 0.0833333 0 0 0 0 0 0 0 

416 395 283 37 0 0.405063 0 0 0 0 0 0 0 0 0 0 0 0 0 0 0 0 0 0 0 0.0833333 0.0833333 0 0.0833333 0.5 0.166667 0.0833333 0 0 0 0 0 0 0 

416 395 294 37 0 0.405063 0 0 0 0 0 0 0 0 0 0 0 0 0 0 0 0 0 0 0 0 0 0.166667 0.0833333 0.166667 0.333333 0.166667 0 0.0833333 0 0 0 0 0 

608 598 441 37 0 0.267559 0 0 0 0 0 0 0 0 0 0 0 0 0 0 0 0 0 0 0 0.0555556 0.0555556 0 0.277778 0.111111 0.111111 0.333333 0.0555556 0 0 0 0 0 0 

608 592 419 37 0 0.27027 0 0 0 0 0 0 0 0 0 0 0 0 0 0 0 0 0 0 0 0.111111 0.0555556 0.166667 0.166667 0.166667 0.222222 0.0555556 0.0555556 0 0 0 0 0 0 

416 395 290 37 0 0.405063 0 0 0 0 0 0 0 0 0 0 0 0 0 0 0 0 0 0 0 0.0833333 0.0833333 0.0833333 0 0.166667 0.25 0.25 0.0833333 0 0 0 0 0 0 

416 395 293 37 0 0.405063 0 0 0 0 0 0 0 0 0 0 0 0 0 0 0 0 0 0 0 0 0.0833333 0 0.166667 0.333333 0.0833333 0.25 0 0.0833333 0 0 0 0 0 

416 395 298 37 0 0.405063 0 0 0 0 0 0 0 0 0 0 0 0 0 0 0 0 0 0 0 0 0 0.166667 0 0.25 0.166667 0.25 0.0833333 0.0833333 0 0 0 0 0 

416 395 296 37 0 0.405063 0 0 0 0 0 0 0 0 0 0 0 0 0 0 0 0 0 0 0 0 0 0.0833333 0 0.333333 0.333333 0.166667 0.0833333 0 0 0 0 0 0 

416 395 293 37 0 0.405063 0 0 0 0 0 0 0 0 0 0 0 0 0 0 0 0 0 0 0 0 0 0 0.166667 0.5 0.166667 0 0.166667 0 0 0 0 0 0 

416 395 294 37 0 0.405063 0 0 0 0 0 0 0 0 0 0 0 0 0 0 0 0 0 0 0 0 0 0 0.333333 0.0833333 0.333333 0.166667 0.0833333 0 0 0 0 0 0 

416 395 287 37 0 0.405063 0 0 0 0 0 0 0 0 0 0 0 0 0 0 0 0 0 0 0 0 0.0833333 0.0833333 0.166667 0.25 0.333333 0 0.0833333 0 0 0 0 0 0 

416 395 284 37 0 0.405063 0 0 0 0 0 0 0 0 0 0 0 0 0 0 0 0 0 0 0 0.0833333 0.0833333 0.0833333 0.166667 0.166667 0.166667 0.25 0 0 0 0 0 0 0 

416 395 285 37 0 0.405063 0 0 0 0 0 0 0 0 0 0 0 0 0 0 0 0 0 0 0 0 0.0833333 0.25 0.0833333 0.25 0.166667 0.0833333 0 0.0833333 0 0 0 0 0 

416 395 289 37 0 0.405063 0 0 0 0 0 0 0 0 0 0 0 0 0 0 0 0 0 0 0.0833333 0 0 0 0.333333 0 0.333333 0.166667 0.0833333 0 0 0 0 0 0 

416 395 305 37 0 0.405063 0 0 0 0 0 0 0 0 0 0 0 0 0 0 0 0 0 0 0 0 0 0 0 0.25 0.0833333 0.583333 0.0833333 0 0 0 0 0 0 

416 395 292 37 0 0.405063 0 0 0 0 0 0 0 0 0 0 0 0 0 0 0 0 0 0 0 0 0 0.0833333 0.166667 0.333333 0.25 0.0833333 0 0.0833333 0 0 0 0 0 

416 395 284 37 0 0.405063 0 0 0 0 0 0 0 0 0 0 0 0 0 0 0 0 0 0 0 0 0.0833333 0.25 0.166667 0.0833333 0.25 0.0833333 0.0833333 0 0 0 0 0 0 

512 504 375 37 0 0.31746 0 0 0 0 0 0 0 0 0 0 0 0 0 0 0 0 0 0 0 0 0.0666667 0.0666667 0.266667 0.0666667 0.266667 0.133333 0.0666667 0.0666667 0 0 0 0 0 

512 505 385 37 0 0.316832 0 0 0 0 0 0 0 0 0 0 0 0 0 0 0 0 0 0 0 0 0 0.0666667 0.0666667 0.133333 0.333333 0.333333 0.0666667 0 0 0 0 0 0 

416 395 294 37 0 0.405063 0 0 0 0 0 0 0 0 0 0 0 0 0 0 0 0 0 0 0 0 0 0 0.0833333 0.416667 0.333333 0.166667 0 0 0 0 0 0 0 

416 395 291 37 0 0.405063 0 0 0 0 0 0 0 0 0 0 0 0 0 0 0 0 0 0 0 0.0833333 0 0 0.333333 0.0833333 0.166667 0.25 0 0.0833333 0 0 0 0 0 

512 505 372 37 0 0.316832 0 0 0 0 0 0 0 0 0 0 0 0 0 0 0 0 0 0 0 0 0.0666667 0.133333 0.133333 0.0666667 0.533333 0 0.0666667 0 0 0 0 0 0 

672 662 479 37 0 0.241692 0 0 0 0 0 0 0 0 0 0 0 0 0 0 0 0 0 0 0 0.05 0 0.2 0.2 0.2 0.15 0.1 0.1 0 0 0 0 0 0 

416 395 300 37 0 0.405063 0 0 0 0 0 0 0 0 0 0 0 0 0 0 0 0 0 0 0 0 0 0 0.0833333 0.25 0.333333 0.166667 0.166667 0 0 0 0 0 0 

416 395 283 37 0 0.405063 0 0 0 0 0 0 0 0 0 0 0 0 0 0 0 0 0 0 0 0.0833333 0 0.25 0.166667 0.0833333 0.25 0.0833333 0.0833333 0 0 0 0 0 0 

416 395 289 37 0 0.405063 0 0 0 0 0 0 0 0 0 0 0 0 0 0 0 0 0 0 0 0 0 0 0.25 0.416667 0.25 0.0833333 0 0 0 0 0 0 0 

416 395 295 37 0 0.405063 0 0 0 0 0 0 0 0 0 0 0 0 0 0 0 0 0 0 0 0 0 0 0.166667 0.25 0.416667 0.0833333 0.0833333 0 0 0 0 0 0 

416 395 296 37 0 0.405063 0 0 0 0 0 0 0 0 0 0 0 0 0 0 0 0 0 0 0 0 0.0833333 0 0.0833333 0.25 0.166667 0.333333 0.0833333 0 0 0 0 0 0 

416 395 284 37 0 0.405063 0 0 0 0 0 0 0 0 0 0 0 0 0 0 0 0 0 0 0 0 0 0.166667 0.25 0.25 0.333333 0 0 0 0 0 0 0 0 

416 395 289 37 0 0.405063 0 0 0 0 0 0 0 0 0 0 0 0 0 0 0 0 0 0 0.0833333 0 0.0833333 0 0.0833333 0.25 0.25 0.0833333 0.166667 0 0 0 0 0 0 

416 395 287 37 0 0.405063 0 0 0 0 0 0 0 0 0 0 0 0 0 0 0 0 0 0 0 0 0 0.416667 0.0833333 0.0833333 0.166667 0.0833333 0.0833333 0.0833333 0 0 0 0 0 

416 395 281 37 0 0.405063 0 0 0 0 0 0 0 0 0 0 0 0 0 0 0 0 0 0 0 0 0.166667 0.0833333 0.333333 0.0833333 0.25 0 0.0833333 0 0 0 0 0 0 

416 395 289 37 0 0.405063 0 0 0 0 0 0 0 0 0 0 0 0 0 0 0 0 0 0 0.0833333 0 0 0 0.166667 0.166667 0.416667 0.166667 0 0 0 0 0 0 0 

608 591 438 37 0 0.270728 0 0 0 0 0 0 0 0 0 0 0 0 0 0 0 0 0 0 0 0 0.166667 0.111111 0.111111 0.166667 0 0.111111 0.222222 0.111111 0 0 0 0 0 

416 395 298 37 0 0.405063 0 0 0 0 0 0 0 0 0 0 0 0 0 0 0 0 0 0 0 0 0 0 0.0833333 0.25 0.333333 0.333333 0 0 0 0 0 0 0 

416 395 280 37 0 0.405063 0 0 0 0 0 0 0 0 0 0 0 0 0 0 0 0 0 0 0.0833333 0 0.0833333 0.166667 0.0833333 0.166667 0.333333 0.0833333 0 0 0 0 0 0 0 

416 395 289 37 0 0.405063 0 0 0 0 0 0 0 0 0 0 0 0 0 0 0 0 0 0 0 0 0.25 0 0.0833333 0.0833333 0.166667 0.416667 0 0 0 0 0 0 0 

512 504 367 37 0 0.31746 0 0 0 0 0 0 0 0 0 0 0 0 0 0 0 0 0 0 0 0.0666667 0 0.2 0.133333 0.266667 0.133333 0.133333 0 0.0666667 0 0 0 0 0 

416 395 280 37 0 0.405063 0 0 0 0 0 0 0 0 0 0 0 0 0 0 0 0 0 0 0 0.0833333 0.0833333 0 0.333333 0.25 0.166667 0.0833333 0 0 0 0 0 0 0 

672 659 474 37 0 0.242792 0 0 0 0 0 0 0 0 0 0 0 0 0 0 0 0 0 0 0 0.05 0.05 0.2 0.15 0.15 0.2 0.15 0.05 0 0 0 0 0 0 

416 395 296 37 0 0.405063 0 0 0 0 0 0 0 0 0 0 0 0 0 0 0 0 0 0 0 0 0 0.25 0.0833333 0.0833333 0.25 0.166667 0 0.0833333 0.0833333 0 0 0 0 

672 661 484 37 0 0.242057 0 0 0 0 0 0 0 0 0 0 0 0 0 0 0 0 0 0 0.05 0 0.1 0.1 0.05 0.3 0.15 0.05 0.1 0.1 0 0 0 0 0 

416 395 280 37 0 0.405063 0 0 0 0 0 0 0 0 0 0 0 0 0 0 0 0 0 0 0 0.0833333 0 0.333333 0.166667 0.0833333 0.166667 0.0833333 0.0833333 0 0 0 0 0 0 

416 395 290 37 0 0.405063 0 0 0 0 0 0 0 0 0 0 0 0 0 0 0 0 0 0 0 0 0.0833333 0.0833333 0.166667 0.166667 0.25 0.166667 0.0833333 0 0 0 0 0 0 

416 395 292 37 0 0.405063 0 0 0 0 0 0 0 0 0 0 0 0 0 0 0 0 0 0 0 0 0 0 0.166667 0.416667 0.25 0.166667 0 0 0 0 0 0 0 

608 592 415 37 0 0.27027 0 0 0 0 0 0 0 0 0 0 0 0 0 0 0 0 0 0 0 0.111111 0.0555556 0.166667 0.222222 0.222222 0.111111 0.111111 0 0 0 0 0 0 0 

416 395 286 37 0 0.405063 0 0 0 0 0 0 0 0 0 0 0 0 0 0 0 0 0 0 0 0 0 0.166667 0.25 0.333333 0.0833333 0.0833333 0.0833333 0 0 0 0 0 0 

800 787 570 37 0 0.203304 0 0 0 0 0 0 0 0 0 0 0 0 0 0 0 0 0 0 0 0 0.0416667 0.25 0.0833333 0.125 0.375 0.0833333 0.0416667 0 0 0 0 0 0 

416 395 287 37 0 0.405063 0 0 0 0 0 0 0 0 0 0 0 0 0 0 0 0 0 0 0 0 0 0 0.333333 0.416667 0.166667 0.0833333 0 0 0 0 0 0 0 

416 395 285 37 0 0.405063 0 0 0 0 0 0 0 0 0 0 0 0 0 0 0 0 0 0 0 0 0 0.166667 0.333333 0.166667 0.166667 0.166667 0 0 0 0 0 0 0 

416 395 293 37 0 0.405063 0 0 0 0 0 0 0 0 0 0 0 0 0 0 0 0 0 0 0 0 0.0833333 0.0833333 0.0833333 0.166667 0.166667 0.416667 0 0 0 0 0 0 0 

416 395 292 37 0 0.405063 0 0 0 0 0 0 0 0 0 0 0 0 0 0 0 0 0 0 0 0 0 0.0833333 0.25 0 0.5 0.166667 0 0 0 0 0 0 0 

416 395 288 37 0 0.405063 0 0 0 0 0 0 0 0 0 0 0 0 0 0 0 0 0 0 0 0 0 0.166667 0.25 0.333333 0.0833333 0 0.0833333 0.0833333 0 0 0 0 0 

608 592 426 37 0 0.27027 0 0 0 0 0 0 0 0 0 0 0 0 0 0 0 0 0 0 0 0 0.0555556 0.166667 0.166667 0.222222 0.333333 0.0555556 0 0 0 0 0 0 0 

416 395 293 37 0 0.405063 0 0 0 0 0 0 0 0 0 0 0 0 0 0 0 0 0 0 0 0 0 0.166667 0.0833333 0.25 0.333333 0 0.0833333 0.0833333 0 0 0 0 0 

416 395 284 37 0 0.405063 0 0 0 0 0 0 0 0 0 0 0 0 0 0 0 0 0 0 0 0 0.0833333 0 0.333333 0.416667 0 0.166667 0 0 0 0 0 0 0 

416 395 288 37 0 0.405063 0 0 0 0 0 0 0 0 0 0 0 0 0 0 0 0 0 0 0 0 0 0 0.416667 0.166667 0.333333 0.0833333 0 0 0 0 0 0 0 

416 395 297 37 0 0.405063 0 0 0 0 0 0 0 0 0 0 0 0 0 0 0 0 0 0 0 0 0.0833333 0 0.166667 0.25 0.166667 0 0.25 0.0833333 0 0 0 0 0 

416 395 290 37 0 0.405063 0 0 0 0 0 0 0 0 0 0 0 0 0 0 0 0 0 0 0 0 0.0833333 0 0.25 0.333333 0.166667 0 0.0833333 0.0833333 0 0 0 0 0 

416 395 290 37 0 0.405063 0 0 0 0 0 0 0 0 0 0 0 0 0 0 0 0 0 0 0 0 0.0833333 0 0.166667 0.333333 0.25 0.0833333 0.0833333 0 0 0 0 0 0 

416 395 288 37 0 0.405063 0 0 0 0 0 0 0 0 0 0 0 0 0 0 0 0 0 0 0 0 0.0833333 0.0833333 0.166667 0.333333 0.0833333 0.166667 0.0833333 0 0 0 0 0 0 

608 592 421 37 0 0.27027 0 0 0 0 0 0 0 0 0 0 0 0 0 0 0 0 0 0 0.0555556 0.0555556 0 0.111111 0.222222 0.222222 0.222222 0.111111 0 0 0 0 0 0 0 

416 395 301 37 0 0.405063 0 0 0 0 0 0 0 0 0 0 0 0 0 0 0 0 0 0 0 0 0 0.0833333 0 0.333333 0.25 0.0833333 0.166667 0 0.0833333 0 0 0 0 

416 395 283 37 0 0.405063 0 0 0 0 0 0 0 0 0 0 0 0 0 0 0 0 0 0 0 0 0.25 0.166667 0 0.166667 0.166667 0.166667 0.0833333 0 0 0 0 0 0 

416 395 289 37 0 0.405063 0 0 0 0 0 0 0 0 0 0 0 0 0 0 0 0 0 0 0.0833333 0 0 0 0.25 0.166667 0.333333 0.0833333 0 0.0833333 0 0 0 0 0 

608 592 434 37 0 0.27027 0 0 0 0 0 0 0 0 0 0 0 0 0 0 0 0 0 0 0 0 0.0555556 0.166667 0.111111 0.111111 0.333333 0.166667 0.0555556 0 0 0 0 0 0 

