544 527 394 53 0 0.607211 0 0 0 0 0 0 0 0 0 0 0 0 0 0 0 0 0 0 0 0 0 0.0625 0.125 0.3125 0.1875 0.1875 0.125 0 0 0 0 0 0 

576 560 410 53 0 0.571429 0 0 0 0 0 0 0 0 0 0 0 0 0 0 0 0 0 0 0 0 0.0588235 0.0588235 0.176471 0.352941 0.176471 0.0588235 0.117647 0 0 0 0 0 0 

832 804 572 53 0 0.39801 0 0 0 0 0 0 0 0 0 0 0 0 0 0 0 0 0 0 0 0 0.16 0.04 0.28 0.16 0.2 0.12 0.04 0 0 0 0 0 0 

768 744 548 53 0 0.430108 0 0 0 0 0 0 0 0 0 0 0 0 0 0 0 0 0 0 0 0 0.0434783 0.0869565 0.130435 0.217391 0.304348 0.0869565 0.0869565 0.0434783 0 0 0 0 0 

640 611 454 53 0 0.523732 0 0 0 0 0 0 0 0 0 0 0 0 0 0 0 0 0 0 0 0 0.0526316 0.105263 0.0526316 0.210526 0.263158 0.105263 0.157895 0.0526316 0 0 0 0 0 

640 615 450 53 0 0.520325 0 0 0 0 0 0 0 0 0 0 0 0 0 0 0 0 0 0 0 0 0.105263 0 0.105263 0.368421 0.210526 0.157895 0 0.0526316 0 0 0 0 0 

672 647 463 53 0 0.49459 0 0 0 0 0 0 0 0 0 0 0 0 0 0 0 0 0 0 0.05 0 0.1 0.05 0.2 0.25 0.2 0.1 0 0 0.05 0 0 0 0 

640 623 458 53 0 0.513644 0 0 0 0 0 0 0 0 0 0 0 0 0 0 0 0 0 0 0 0 0 0.157895 0.105263 0.157895 0.473684 0.0526316 0.0526316 0 0 0 0 0 0 

736 712 516 53 0 0.449438 0 0 0 0 0 0 0 0 0 0 0 0 0 0 0 0 0 0 0 0 0 0 0.363636 0.363636 0.136364 0.0909091 0.0454545 0 0 0 0 0 0 

704 679 486 53 0 0.471281 0 0 0 0 0 0 0 0 0 0 0 0 0 0 0 0 0 0 0.047619 0 0.142857 0.0952381 0.142857 0.142857 0.0952381 0.285714 0.047619 0 0 0 0 0 0 

672 649 483 53 0 0.493066 0 0 0 0 0 0 0 0 0 0 0 0 0 0 0 0 0 0 0 0 0 0.05 0.15 0.25 0.2 0.3 0.05 0 0 0 0 0 0 

736 727 541 53 0 0.440165 0 0 0 0 0 0 0 0 0 0 0 0 0 0 0 0 0 0 0 0 0 0.0454545 0.181818 0.272727 0.227273 0.227273 0.0454545 0 0 0 0 0 0 

480 460 321 52 0 0.695652 0 0 0 0 0 0 0 0 0 0 0 0 0 0 0 0 0 0 0 0.0714286 0.142857 0.142857 0.214286 0.285714 0 0.142857 0 0 0 0 0 0 0 

544 525 376 53 0 0.609524 0 0 0 0 0 0 0 0 0 0 0 0 0 0 0 0 0 0 0 0.0625 0.0625 0 0.25 0.375 0.125 0.125 0 0 0 0 0 0 0 

736 710 523 53 0 0.450704 0 0 0 0 0 0 0 0 0 0 0 0 0 0 0 0 0 0 0 0.0454545 0.0454545 0 0.181818 0.181818 0.272727 0.136364 0.0909091 0.0454545 0 0 0 0 0 

640 615 450 53 0 0.520325 0 0 0 0 0 0 0 0 0 0 0 0 0 0 0 0 0 0 0 0.0526316 0 0.157895 0.0526316 0.157895 0.315789 0.210526 0.0526316 0 0 0 0 0 0 

704 688 508 53 0 0.465116 0 0 0 0 0 0 0 0 0 0 0 0 0 0 0 0 0 0 0 0.047619 0.0952381 0 0 0.333333 0.238095 0.190476 0.0952381 0 0 0 0 0 0 

736 708 502 53 0 0.451977 0 0 0 0 0 0 0 0 0 0 0 0 0 0 0 0 0 0 0 0.0909091 0.136364 0.0909091 0.181818 0.0909091 0.0909091 0.272727 0.0454545 0 0 0 0 0 0 

640 620 461 53 0 0.516129 0 0 0 0 0 0 0 0 0 0 0 0 0 0 0 0 0 0 0 0 0.0526316 0.105263 0.157895 0.105263 0.210526 0.157895 0.210526 0 0 0 0 0 0 

704 692 496 53 0 0.462428 0 0 0 0 0 0 0 0 0 0 0 0 0 0 0 0 0 0.047619 0.047619 0 0 0.047619 0.380952 0.190476 0 0.190476 0.0952381 0 0 0 0 0 0 

544 522 380 53 0 0.613027 0 0 0 0 0 0 0 0 0 0 0 0 0 0 0 0 0 0 0 0 0.1875 0.0625 0.0625 0.125 0.3125 0.1875 0.0625 0 0 0 0 0 0 

512 499 365 53 0 0.641283 0 0 0 0 0 0 0 0 0 0 0 0 0 0 0 0 0 0 0 0 0.133333 0.133333 0.133333 0.333333 0 0 0.2 0.0666667 0 0 0 0 0 

608 585 423 53 0 0.547009 0 0 0 0 0 0 0 0 0 0 0 0 0 0 0 0 0 0 0 0 0.111111 0.0555556 0.222222 0.166667 0.277778 0.111111 0.0555556 0 0 0 0 0 0 

640 613 447 53 0 0.522023 0 0 0 0 0 0 0 0 0 0 0 0 0 0 0 0 0 0 0 0 0.105263 0.0526316 0.210526 0.157895 0.0526316 0.421053 0 0 0 0 0 0 0 

576 550 408 53 0 0.581818 0 0 0 0 0 0 0 0 0 0 0 0 0 0 0 0 0 0 0 0 0.0588235 0.0588235 0.235294 0.0588235 0.235294 0.176471 0.117647 0.0588235 0 0 0 0 0 

576 554 398 53 0 0.577617 0 0 0 0 0 0 0 0 0 0 0 0 0 0 0 0 0 0 0 0 0.0588235 0.235294 0.235294 0.0588235 0.176471 0.176471 0.0588235 0 0 0 0 0 0 

576 550 395 53 0 0.581818 0 0 0 0 0 0 0 0 0 0 0 0 0 0 0 0 0 0 0 0 0.0588235 0.176471 0.176471 0.235294 0.176471 0.117647 0.0588235 0 0 0 0 0 0 

544 518 376 53 0 0.617761 0 0 0 0 0 0 0 0 0 0 0 0 0 0 0 0 0 0 0 0 0.0625 0 0.375 0.125 0.25 0.125 0.0625 0 0 0 0 0 0 

608 586 439 53 0 0.546075 0 0 0 0 0 0 0 0 0 0 0 0 0 0 0 0 0 0 0 0 0 0 0.166667 0.222222 0.277778 0.277778 0.0555556 0 0 0 0 0 0 

608 586 437 53 0 0.546075 0 0 0 0 0 0 0 0 0 0 0 0 0 0 0 0 0 0 0 0 0 0.111111 0.0555556 0.333333 0.166667 0.222222 0.0555556 0.0555556 0 0 0 0 0 

640 615 455 53 0 0.520325 0 0 0 0 0 0 0 0 0 0 0 0 0 0 0 0 0 0 0 0 0 0 0.210526 0.210526 0.368421 0.210526 0 0 0 0 0 0 0 

704 682 487 53 0 0.469208 0 0 0 0 0 0 0 0 0 0 0 0 0 0 0 0 0 0 0 0.047619 0.047619 0.190476 0.190476 0.190476 0.142857 0.0952381 0.0952381 0 0 0 0 0 0 

608 590 431 53 0 0.542373 0 0 0 0 0 0 0 0 0 0 0 0 0 0 0 0 0 0 0 0 0.166667 0.0555556 0.0555556 0.111111 0.388889 0.222222 0 0 0 0 0 0 0 

576 559 414 53 0 0.572451 0 0 0 0 0 0 0 0 0 0 0 0 0 0 0 0 0 0 0.0588235 0 0 0.0588235 0.176471 0.294118 0.0588235 0.117647 0.176471 0.0588235 0 0 0 0 0 

608 588 428 53 0 0.544218 0 0 0 0 0 0 0 0 0 0 0 0 0 0 0 0 0 0 0 0 0.0555556 0.111111 0.166667 0.333333 0.0555556 0.222222 0.0555556 0 0 0 0 0 0 

576 551 400 53 0 0.580762 0 0 0 0 0 0 0 0 0 0 0 0 0 0 0 0 0 0 0 0 0 0.117647 0.235294 0.235294 0.235294 0.176471 0 0 0 0 0 0 0 

576 560 410 53 0 0.571429 0 0 0 0 0 0 0 0 0 0 0 0 0 0 0 0 0 0 0 0.0588235 0.0588235 0.176471 0.0588235 0.176471 0.176471 0.117647 0.117647 0.0588235 0 0 0 0 0 

512 497 373 53 0 0.643863 0 0 0 0 0 0 0 0 0 0 0 0 0 0 0 0 0 0 0 0 0 0.133333 0.0666667 0.133333 0.333333 0.266667 0.0666667 0 0 0 0 0 0 

544 519 372 53 0 0.61657 0 0 0 0 0 0 0 0 0 0 0 0 0 0 0 0 0 0 0 0.0625 0.0625 0.0625 0.1875 0.3125 0.125 0.125 0.0625 0 0 0 0 0 0 

608 583 403 53 0 0.548885 0 0 0 0 0 0 0 0 0 0 0 0 0 0 0 0 0 0.0555556 0 0 0.111111 0.166667 0.166667 0.388889 0.0555556 0.0555556 0 0 0 0 0 0 0 

608 589 444 53 0 0.543294 0 0 0 0 0 0 0 0 0 0 0 0 0 0 0 0 0 0 0 0.0555556 0 0 0.166667 0.0555556 0.333333 0.277778 0.0555556 0 0.0555556 0 0 0 0 

640 621 458 53 0 0.515298 0 0 0 0 0 0 0 0 0 0 0 0 0 0 0 0 0 0 0 0 0 0.105263 0.157895 0.263158 0.210526 0.210526 0.0526316 0 0 0 0 0 0 

672 650 475 53 0 0.492308 0 0 0 0 0 0 0 0 0 0 0 0 0 0 0 0 0 0 0 0 0.05 0.15 0.1 0.35 0.1 0.1 0.1 0.05 0 0 0 0 0 

704 682 481 53 0 0.469208 0 0 0 0 0 0 0 0 0 0 0 0 0 0 0 0 0 0 0.047619 0.047619 0.0952381 0.190476 0.142857 0.0952381 0.142857 0.190476 0.047619 0 0 0 0 0 0 

672 649 471 53 0 0.493066 0 0 0 0 0 0 0 0 0 0 0 0 0 0 0 0 0.05 0 0 0 0.05 0.1 0.15 0.2 0.15 0.1 0.2 0 0 0 0 0 0 

672 650 475 53 0 0.492308 0 0 0 0 0 0 0 0 0 0 0 0 0 0 0 0 0 0 0 0.05 0 0.1 0.15 0.2 0.2 0.3 0 0 0 0 0 0 0 

608 587 414 53 0 0.545145 0 0 0 0 0 0 0 0 0 0 0 0 0 0 0 0 0 0 0.0555556 0 0.222222 0.111111 0.0555556 0.166667 0.222222 0.111111 0.0555556 0 0 0 0 0 0 

512 503 387 53 0 0.636183 0 0 0 0 0 0 0 0 0 0 0 0 0 0 0 0 0 0 0 0 0 0 0.0666667 0.133333 0.333333 0.4 0.0666667 0 0 0 0 0 0 

512 489 350 53 0 0.654397 0 0 0 0 0 0 0 0 0 0 0 0 0 0 0 0 0 0 0 0.0666667 0 0.2 0.133333 0.333333 0.133333 0.0666667 0 0.0666667 0 0 0 0 0 

512 495 356 53 0 0.646465 0 0 0 0 0 0 0 0 0 0 0 0 0 0 0 0 0 0 0 0 0.0666667 0.2 0.2 0.2 0.133333 0.2 0 0 0 0 0 0 0 

544 518 375 53 0 0.617761 0 0 0 0 0 0 0 0 0 0 0 0 0 0 0 0 0 0 0 0 0.0625 0.25 0.0625 0.0625 0.375 0.125 0.0625 0 0 0 0 0 0 

544 516 374 53 0 0.620155 0 0 0 0 0 0 0 0 0 0 0 0 0 0 0 0 0 0 0 0 0.125 0.0625 0.125 0.25 0.1875 0.1875 0.0625 0 0 0 0 0 0 

640 612 439 53 0 0.522876 0 0 0 0 0 0 0 0 0 0 0 0 0 0 0 0 0 0 0.105263 0 0.0526316 0.157895 0.105263 0.0526316 0.315789 0.0526316 0.0526316 0.105263 0 0 0 0 0 

608 583 415 53 0 0.548885 0 0 0 0 0 0 0 0 0 0 0 0 0 0 0 0 0 0 0.0555556 0 0 0.166667 0.277778 0.222222 0.0555556 0.166667 0.0555556 0 0 0 0 0 0 

640 611 440 53 0 0.523732 0 0 0 0 0 0 0 0 0 0 0 0 0 0 0 0 0 0 0 0 0 0.0526316 0.315789 0.315789 0.210526 0.105263 0 0 0 0 0 0 0 

608 585 423 53 0 0.547009 0 0 0 0 0 0 0 0 0 0 0 0 0 0 0 0 0 0 0 0.111111 0.111111 0 0.222222 0.0555556 0.277778 0.0555556 0.111111 0 0.0555556 0 0 0 0 

448 434 321 40 0 0.737327 0 0 0 0 0 0 0 0 0 0 0 0 0 0 0 0 0 0 0 0 0 0 0.307692 0.384615 0.0769231 0.153846 0.0769231 0 0 0 0 0 0 

480 452 320 37 0 0.707965 0 0 0 0 0 0 0 0 0 0 0 0 0 0 0 0 0 0 0.0714286 0 0.0714286 0.0714286 0.214286 0.142857 0.357143 0.0714286 0 0 0 0 0 0 0 

672 648 476 53 0 0.493827 0 0 0 0 0 0 0 0 0 0 0 0 0 0 0 0 0 0 0 0 0 0.15 0.1 0.15 0.45 0.1 0.05 0 0 0 0 0 0 

544 527 382 53 0 0.607211 0 0 0 0 0 0 0 0 0 0 0 0 0 0 0 0 0 0 0 0 0.125 0.0625 0.0625 0.3125 0.375 0.0625 0 0 0 0 0 0 0 

512 489 352 53 0 0.654397 0 0 0 0 0 0 0 0 0 0 0 0 0 0 0 0 0 0 0 0.0666667 0 0.0666667 0.133333 0.4 0.266667 0.0666667 0 0 0 0 0 0 0 

448 431 321 48 0 0.742459 0 0 0 0 0 0 0 0 0 0 0 0 0 0 0 0 0 0 0 0 0 0.0769231 0.153846 0.307692 0.153846 0.230769 0.0769231 0 0 0 0 0 0 

576 562 414 53 0 0.569395 0 0 0 0 0 0 0 0 0 0 0 0 0 0 0 0 0 0 0 0 0.0588235 0.0588235 0.176471 0.235294 0.235294 0.176471 0.0588235 0 0 0 0 0 0 

544 534 395 53 0 0.599251 0 0 0 0 0 0 0 0 0 0 0 0 0 0 0 0 0 0 0 0 0.0625 0.1875 0.0625 0.125 0.1875 0.375 0 0 0 0 0 0 0 

448 428 320 34 0 0.747664 0 0 0 0 0 0 0 0 0 0 0 0 0 0 0 0 0 0 0 0 0 0.0769231 0.153846 0.0769231 0.461538 0.153846 0.0769231 0 0 0 0 0 0 

448 431 321 42 0 0.742459 0 0 0 0 0 0 0 0 0 0 0 0 0 0 0 0 0 0 0 0 0 0 0 0.538462 0.384615 0.0769231 0 0 0 0 0 0 0 

448 426 321 40 0 0.751174 0 0 0 0 0 0 0 0 0 0 0 0 0 0 0 0 0 0 0 0 0 0 0.153846 0.307692 0.153846 0.230769 0.153846 0 0 0 0 0 0 

480 451 320 29 0 0.709534 0 0 0 0 0 0 0 0 0 0 0 0 0 0 0 0 0 0 0 0.0714286 0.0714286 0 0.357143 0.285714 0.0714286 0.0714286 0 0.0714286 0 0 0 0 0 

448 429 320 37 0 0.745921 0 0 0 0 0 0 0 0 0 0 0 0 0 0 0 0 0 0 0 0 0.0769231 0.0769231 0 0.230769 0.384615 0.0769231 0.153846 0 0 0 0 0 0 

448 435 320 38 0 0.735632 0 0 0 0 0 0 0 0 0 0 0 0 0 0 0 0 0 0 0 0 0 0.230769 0.230769 0 0.230769 0.307692 0 0 0 0 0 0 0 

448 434 320 27 0 0.737327 0 0 0 0 0 0 0 0 0 0 0 0 0 0 0 0 0 0 0 0 0 0.230769 0.153846 0.0769231 0.307692 0.153846 0.0769231 0 0 0 0 0 0 

448 423 320 32 0 0.756501 0 0 0 0 0 0 0 0 0 0 0 0 0 0 0 0 0 0 0 0 0 0.0769231 0 0.153846 0.461538 0.153846 0.153846 0 0 0 0 0 0 

448 427 321 53 0 0.749415 0 0 0 0 0 0 0 0 0 0 0 0 0 0 0 0 0 0 0 0 0 0.0769231 0.0769231 0.230769 0.307692 0.153846 0.153846 0 0 0 0 0 0 

448 439 321 44 0 0.728929 0 0 0 0 0 0 0 0 0 0 0 0 0 0 0 0 0 0 0.0769231 0 0.0769231 0.0769231 0.153846 0.153846 0.307692 0 0.0769231 0.0769231 0 0 0 0 0 

448 439 321 45 0 0.728929 0 0 0 0 0 0 0 0 0 0 0 0 0 0 0 0 0 0 0 0 0.0769231 0.153846 0.230769 0.153846 0.230769 0 0.153846 0 0 0 0 0 0 

512 488 357 53 0 0.655738 0 0 0 0 0 0 0 0 0 0 0 0 0 0 0 0 0 0 0 0 0 0.0666667 0.2 0.4 0.2 0 0.133333 0 0 0 0 0 0 

448 437 320 38 0 0.732265 0 0 0 0 0 0 0 0 0 0 0 0 0 0 0 0 0 0 0 0.0769231 0.0769231 0.307692 0 0.0769231 0.153846 0.0769231 0.0769231 0.153846 0 0 0 0 0 

448 437 320 35 0 0.732265 0 0 0 0 0 0 0 0 0 0 0 0 0 0 0 0 0 0 0 0.153846 0 0 0.230769 0.153846 0.153846 0.230769 0.0769231 0 0 0 0 0 0 

448 430 320 36 0 0.744186 0 0 0 0 0 0 0 0 0 0 0 0 0 0 0 0 0 0 0 0 0.0769231 0.0769231 0.0769231 0.153846 0.307692 0.230769 0.0769231 0 0 0 0 0 0 

480 451 320 38 0 0.709534 0 0 0 0 0 0 0 0 0 0 0 0 0 0 0 0 0 0 0 0 0.0714286 0.142857 0.214286 0.285714 0.214286 0.0714286 0 0 0 0 0 0 0 

480 453 338 53 0 0.706402 0 0 0 0 0 0 0 0 0 0 0 0 0 0 0 0 0 0 0 0.0714286 0 0.0714286 0 0.214286 0.285714 0.142857 0.214286 0 0 0 0 0 0 

480 460 324 53 0 0.695652 0 0 0 0 0 0 0 0 0 0 0 0 0 0 0 0 0 0 0 0 0.142857 0.285714 0.142857 0.142857 0.142857 0.142857 0 0 0 0 0 0 0 

544 515 367 53 0 0.621359 0 0 0 0 0 0 0 0 0 0 0 0 0 0 0 0 0 0 0 0.0625 0.125 0 0.1875 0.1875 0.375 0 0.0625 0 0 0 0 0 0 

512 497 365 53 0 0.643863 0 0 0 0 0 0 0 0 0 0 0 0 0 0 0 0 0 0 0 0 0 0.2 0 0.466667 0.133333 0.133333 0.0666667 0 0 0 0 0 0 

544 523 389 53 0 0.611855 0 0 0 0 0 0 0 0 0 0 0 0 0 0 0 0 0 0 0 0 0 0.125 0.0625 0.375 0.125 0.1875 0.0625 0.0625 0 0 0 0 0 

576 552 405 53 0 0.57971 0 0 0 0 0 0 0 0 0 0 0 0 0 0 0 0 0 0 0 0 0 0 0.176471 0.470588 0.176471 0.176471 0 0 0 0 0 0 0 

448 439 321 49 0 0.728929 0 0 0 0 0 0 0 0 0 0 0 0 0 0 0 0 0 0 0 0 0.0769231 0 0.230769 0.384615 0.230769 0.0769231 0 0 0 0 0 0 0 

480 453 327 51 0 0.706402 0 0 0 0 0 0 0 0 0 0 0 0 0 0 0 0 0 0 0.0714286 0.0714286 0 0.0714286 0.0714286 0.214286 0.285714 0.142857 0 0.0714286 0 0 0 0 0 

672 643 471 53 0 0.497667 0 0 0 0 0 0 0 0 0 0 0 0 0 0 0 0 0 0 0 0.05 0 0.05 0.05 0.4 0.2 0.2 0.05 0 0 0 0 0 0 

672 645 468 53 0 0.496124 0 0 0 0 0 0 0 0 0 0 0 0 0 0 0 0 0 0 0 0 0.1 0.05 0.25 0.1 0.3 0.1 0.1 0 0 0 0 0 0 

640 615 440 53 0 0.520325 0 0 0 0 0 0 0 0 0 0 0 0 0 0 0 0 0 0 0 0.0526316 0.0526316 0.157895 0.157895 0.157895 0.315789 0 0.105263 0 0 0 0 0 0 

672 646 475 53 0 0.495356 0 0 0 0 0 0 0 0 0 0 0 0 0 0 0 0 0 0 0 0.05 0 0.2 0 0.2 0.2 0.2 0.15 0 0 0 0 0 0 

544 514 378 53 0 0.622568 0 0 0 0 0 0 0 0 0 0 0 0 0 0 0 0 0 0 0 0 0.0625 0.1875 0.0625 0.0625 0.1875 0.375 0.0625 0 0 0 0 0 0 

544 519 376 53 0 0.61657 0 0 0 0 0 0 0 0 0 0 0 0 0 0 0 0 0 0 0.0625 0.0625 0 0.125 0.0625 0.125 0.3125 0.125 0.125 0 0 0 0 0 0 

576 549 395 53 0 0.582878 0 0 0 0 0 0 0 0 0 0 0 0 0 0 0 0 0 0 0 0 0.117647 0.0588235 0.117647 0.352941 0.235294 0.0588235 0.0588235 0 0 0 0 0 0 

544 519 376 53 0 0.61657 0 0 0 0 0 0 0 0 0 0 0 0 0 0 0 0 0 0 0 0 0.125 0.0625 0.125 0.3125 0.0625 0.3125 0 0 0 0 0 0 0 

544 515 385 53 0 0.621359 0 0 0 0 0 0 0 0 0 0 0 0 0 0 0 0 0 0 0 0 0 0.0625 0.125 0.25 0.1875 0.25 0.0625 0.0625 0 0 0 0 0 

544 515 383 53 0 0.621359 0 0 0 0 0 0 0 0 0 0 0 0 0 0 0 0 0 0 0 0 0.0625 0.0625 0.125 0.0625 0.375 0.1875 0.0625 0.0625 0 0 0 0 0 

576 547 409 53 0 0.585009 0 0 0 0 0 0 0 0 0 0 0 0 0 0 0 0 0 0 0 0 0 0 0.117647 0.294118 0.294118 0.235294 0 0.0588235 0 0 0 0 0 

608 582 428 53 0 0.549828 0 0 0 0 0 0 0 0 0 0 0 0 0 0 0 0 0 0 0 0 0.0555556 0 0.222222 0.277778 0.222222 0.111111 0.0555556 0.0555556 0 0 0 0 0 

