576 565 417 53 0 0.566372 0 0 0 0 0 0 0 0 0 0 0 0 0 0 0 0 0 0 0 0 0.0588235 0 0.235294 0.294118 0.117647 0.294118 0 0 0 0 0 0 0 

576 565 415 53 0 0.566372 0 0 0 0 0 0 0 0 0 0 0 0 0 0 0 0 0 0 0 0 0.0588235 0.176471 0.0588235 0.176471 0.352941 0.117647 0.0588235 0 0 0 0 0 0 

672 648 463 53 0 0.493827 0 0 0 0 0 0 0 0 0 0 0 0 0 0 0 0 0 0 0 0 0.05 0.1 0.35 0.15 0.25 0.1 0 0 0 0 0 0 0 

672 648 473 53 0 0.493827 0 0 0 0 0 0 0 0 0 0 0 0 0 0 0 0 0 0 0 0 0.05 0.05 0.25 0.2 0.2 0.2 0.05 0 0 0 0 0 0 

576 565 422 53 0 0.566372 0 0 0 0 0 0 0 0 0 0 0 0 0 0 0 0 0 0 0 0.0588235 0 0.0588235 0.0588235 0.235294 0.235294 0.294118 0.0588235 0 0 0 0 0 0 

544 528 396 53 0 0.606061 0 0 0 0 0 0 0 0 0 0 0 0 0 0 0 0 0 0 0 0 0 0.0625 0.1875 0.125 0.3125 0.1875 0.125 0 0 0 0 0 0 

672 652 465 53 0 0.490798 0 0 0 0 0 0 0 0 0 0 0 0 0 0 0 0 0 0 0 0.1 0.15 0.1 0.15 0.1 0.15 0.05 0.2 0 0 0 0 0 0 

544 529 397 53 0 0.604915 0 0 0 0 0 0 0 0 0 0 0 0 0 0 0 0 0 0 0 0.0625 0 0 0.125 0.1875 0.3125 0.125 0.1875 0 0 0 0 0 0 

672 648 471 53 0 0.493827 0 0 0 0 0 0 0 0 0 0 0 0 0 0 0 0 0 0 0 0.05 0.05 0.05 0.1 0.25 0.3 0.2 0 0 0 0 0 0 0 

544 528 384 53 0 0.606061 0 0 0 0 0 0 0 0 0 0 0 0 0 0 0 0 0 0 0.0625 0 0.0625 0.0625 0.25 0.125 0.25 0.0625 0 0.125 0 0 0 0 0 

