1248 1219 889 84 0 0.656276 0 0 0 0 0 0 0 0 0 0 0 0 0 0 0 0 0 0 0.0263158 0 0 0.0526316 0.184211 0.263158 0.289474 0.105263 0.0789474 0 0 0 0 0 0 

1280 1262 920 84 0 0.633914 0 0 0 0 0 0 0 0 0 0 0 0 0 0 0 0 0 0 0 0.0512821 0.0769231 0.102564 0.102564 0.205128 0.128205 0.205128 0.0769231 0.0512821 0 0 0 0 0 

1280 1257 905 84 0 0.636436 0 0 0 0 0 0 0 0 0 0 0 0 0 0 0 0 0 0 0 0.0512821 0.0512821 0.128205 0.205128 0.128205 0.153846 0.205128 0.0769231 0 0 0 0 0 0 

1312 1287 917 84 0 0.621601 0 0 0 0 0 0 0 0 0 0 0 0 0 0 0 0 0 0 0 0 0.025 0.15 0.3 0.2 0.225 0.1 0 0 0 0 0 0 0 

1376 1348 990 84 0 0.593472 0 0 0 0 0 0 0 0 0 0 0 0 0 0 0 0 0 0 0.0238095 0 0.0238095 0.0714286 0.0952381 0.238095 0.285714 0.166667 0.0952381 0 0 0 0 0 0 

1408 1387 1011 84 0 0.576784 0 0 0 0 0 0 0 0 0 0 0 0 0 0 0 0 0 0 0 0 0.0232558 0.0697674 0.186047 0.232558 0.325581 0.162791 0 0 0 0 0 0 0 

1408 1383 1003 84 0 0.578453 0 0 0 0 0 0 0 0 0 0 0 0 0 0 0 0 0 0 0 0 0.0232558 0.0930233 0.186047 0.348837 0.116279 0.209302 0.0232558 0 0 0 0 0 0 

1408 1378 1010 84 0 0.580552 0 0 0 0 0 0 0 0 0 0 0 0 0 0 0 0 0 0 0 0.0232558 0.0232558 0.0697674 0.162791 0.186047 0.255814 0.186047 0.0930233 0 0 0 0 0 0 

1120 1109 801 68 0 0.721371 0 0 0 0 0 0 0 0 0 0 0 0 0 0 0 0 0 0 0 0.0588235 0.0294118 0.176471 0.0882353 0.205882 0.205882 0.205882 0.0294118 0 0 0 0 0 0 

1120 1111 801 69 0 0.720072 0 0 0 0 0 0 0 0 0 0 0 0 0 0 0 0 0 0 0 0.0294118 0.0882353 0.0588235 0.205882 0.294118 0.147059 0.0882353 0.0588235 0.0294118 0 0 0 0 0 

