512 500 372 53 0 0.64 0 0 0 0 0 0 0 0 0 0 0 0 0 0 0 0 0 0 0 0 0.0666667 0 0.133333 0.333333 0.133333 0.333333 0 0 0 0 0 0 0 

544 520 375 53 0 0.615385 0 0 0 0 0 0 0 0 0 0 0 0 0 0 0 0 0 0 0 0 0.0625 0.0625 0.375 0.0625 0.25 0.1875 0 0 0 0 0 0 0 

544 515 375 53 0 0.621359 0 0 0 0 0 0 0 0 0 0 0 0 0 0 0 0 0 0.0625 0 0 0 0.125 0.0625 0.125 0.375 0.1875 0.0625 0 0 0 0 0 0 

576 556 407 53 0 0.57554 0 0 0 0 0 0 0 0 0 0 0 0 0 0 0 0 0 0 0 0.0588235 0 0.117647 0.294118 0.117647 0.0588235 0.117647 0.235294 0 0 0 0 0 0 

608 594 435 53 0 0.538721 0 0 0 0 0 0 0 0 0 0 0 0 0 0 0 0 0 0.0555556 0 0 0 0.277778 0.0555556 0.0555556 0.166667 0.222222 0.166667 0 0 0 0 0 0 

544 521 385 53 0 0.614203 0 0 0 0 0 0 0 0 0 0 0 0 0 0 0 0 0 0 0 0 0 0.1875 0.1875 0.125 0.0625 0.3125 0.125 0 0 0 0 0 0 

448 431 328 53 0 0.742459 0 0 0 0 0 0 0 0 0 0 0 0 0 0 0 0 0 0 0 0 0.0769231 0 0.153846 0.230769 0.0769231 0.153846 0.153846 0.153846 0 0 0 0 0 

512 495 364 53 0 0.646465 0 0 0 0 0 0 0 0 0 0 0 0 0 0 0 0 0 0 0 0 0.133333 0.0666667 0.133333 0.2 0.133333 0.2 0.133333 0 0 0 0 0 0 

672 650 456 53 0 0.492308 0 0 0 0 0 0 0 0 0 0 0 0 0 0 0 0 0 0 0 0.05 0.1 0.25 0.15 0.25 0.05 0.05 0.1 0 0 0 0 0 0 

512 499 361 53 0 0.641283 0 0 0 0 0 0 0 0 0 0 0 0 0 0 0 0 0 0 0 0 0 0.2 0.2 0.333333 0.133333 0.133333 0 0 0 0 0 0 0 

480 456 339 53 0 0.701754 0 0 0 0 0 0 0 0 0 0 0 0 0 0 0 0 0 0 0 0 0 0 0.142857 0.357143 0.285714 0.142857 0.0714286 0 0 0 0 0 0 

544 533 397 53 0 0.600375 0 0 0 0 0 0 0 0 0 0 0 0 0 0 0 0 0 0 0 0 0.0625 0 0.1875 0.375 0 0.25 0.125 0 0 0 0 0 0 

512 503 365 53 0 0.636183 0 0 0 0 0 0 0 0 0 0 0 0 0 0 0 0 0 0 0 0 0 0.133333 0.333333 0.266667 0.133333 0.133333 0 0 0 0 0 0 0 

576 556 408 53 0 0.57554 0 0 0 0 0 0 0 0 0 0 0 0 0 0 0 0 0 0 0 0 0 0.294118 0.0588235 0.235294 0.117647 0.176471 0 0.117647 0 0 0 0 0 

544 532 392 53 0 0.601504 0 0 0 0 0 0 0 0 0 0 0 0 0 0 0 0 0 0 0 0.0625 0 0.0625 0.125 0.3125 0.25 0.0625 0.125 0 0 0 0 0 0 

544 526 389 53 0 0.608365 0 0 0 0 0 0 0 0 0 0 0 0 0 0 0 0 0 0 0 0 0 0.1875 0.125 0.1875 0.1875 0.25 0 0.0625 0 0 0 0 0 

608 589 433 53 0 0.543294 0 0 0 0 0 0 0 0 0 0 0 0 0 0 0 0 0 0 0 0 0.0555556 0.0555556 0.222222 0.222222 0.222222 0.0555556 0.166667 0 0 0 0 0 0 

608 586 425 53 0 0.546075 0 0 0 0 0 0 0 0 0 0 0 0 0 0 0 0 0 0 0 0 0 0.111111 0.277778 0.166667 0.333333 0.111111 0 0 0 0 0 0 0 

576 563 411 53 0 0.568384 0 0 0 0 0 0 0 0 0 0 0 0 0 0 0 0 0 0 0 0.0588235 0.0588235 0.0588235 0 0.470588 0.176471 0.117647 0.0588235 0 0 0 0 0 0 

544 521 384 53 0 0.614203 0 0 0 0 0 0 0 0 0 0 0 0 0 0 0 0 0 0 0 0 0 0.1875 0.0625 0.25 0.1875 0.25 0.0625 0 0 0 0 0 0 

480 466 348 53 0 0.686695 0 0 0 0 0 0 0 0 0 0 0 0 0 0 0 0 0 0 0 0 0.0714286 0 0.0714286 0.285714 0.428571 0.0714286 0 0.0714286 0 0 0 0 0 

608 587 426 53 0 0.545145 0 0 0 0 0 0 0 0 0 0 0 0 0 0 0 0 0 0 0 0 0.0555556 0.0555556 0.111111 0.444444 0.222222 0.111111 0 0 0 0 0 0 0 

544 527 394 53 0 0.607211 0 0 0 0 0 0 0 0 0 0 0 0 0 0 0 0 0 0 0 0 0 0.0625 0.1875 0.1875 0.25 0.25 0 0.0625 0 0 0 0 0 

576 556 404 53 0 0.57554 0 0 0 0 0 0 0 0 0 0 0 0 0 0 0 0 0 0 0 0 0 0.117647 0.352941 0.176471 0.235294 0 0.0588235 0.0588235 0 0 0 0 0 

544 522 385 53 0 0.613027 0 0 0 0 0 0 0 0 0 0 0 0 0 0 0 0 0 0 0 0 0.0625 0.125 0.1875 0.125 0.1875 0.125 0.125 0.0625 0 0 0 0 0 

512 493 368 53 0 0.649087 0 0 0 0 0 0 0 0 0 0 0 0 0 0 0 0 0 0 0 0.0666667 0 0 0.133333 0.266667 0.133333 0.333333 0 0.0666667 0 0 0 0 0 

544 530 385 53 0 0.603774 0 0 0 0 0 0 0 0 0 0 0 0 0 0 0 0 0 0 0 0 0.125 0 0.25 0.3125 0.0625 0.25 0 0 0 0 0 0 0 

544 527 382 53 0 0.607211 0 0 0 0 0 0 0 0 0 0 0 0 0 0 0 0 0 0 0 0.0625 0.0625 0.125 0.25 0 0.25 0.1875 0 0.0625 0 0 0 0 0 

544 528 376 53 0 0.606061 0 0 0 0 0 0 0 0 0 0 0 0 0 0 0 0 0 0 0 0.125 0 0 0.3125 0.3125 0.1875 0.0625 0 0 0 0 0 0 0 

640 618 462 53 0 0.517799 0 0 0 0 0 0 0 0 0 0 0 0 0 0 0 0 0 0 0 0 0 0.0526316 0.105263 0.263158 0.263158 0.263158 0 0.0526316 0 0 0 0 0 

512 489 349 53 0 0.654397 0 0 0 0 0 0 0 0 0 0 0 0 0 0 0 0 0 0 0 0.0666667 0.133333 0.0666667 0.133333 0.133333 0.333333 0.133333 0 0 0 0 0 0 0 

544 535 400 53 0 0.598131 0 0 0 0 0 0 0 0 0 0 0 0 0 0 0 0 0 0 0 0 0 0 0.25 0.25 0.3125 0.0625 0.125 0 0 0 0 0 0 

576 550 379 53 0 0.581818 0 0 0 0 0 0 0 0 0 0 0 0 0 0 0 0 0.0588235 0 0 0.0588235 0.176471 0 0.176471 0.294118 0.176471 0.0588235 0 0 0 0 0 0 0 

608 591 436 53 0 0.541455 0 0 0 0 0 0 0 0 0 0 0 0 0 0 0 0 0 0 0 0 0.111111 0.0555556 0.222222 0.0555556 0.222222 0.166667 0.166667 0 0 0 0 0 0 

512 499 373 53 0 0.641283 0 0 0 0 0 0 0 0 0 0 0 0 0 0 0 0 0 0 0 0 0.133333 0 0.0666667 0.2 0.133333 0.466667 0 0 0 0 0 0 0 

448 439 331 53 0 0.728929 0 0 0 0 0 0 0 0 0 0 0 0 0 0 0 0 0 0 0 0 0 0 0.153846 0.230769 0.538462 0 0 0.0769231 0 0 0 0 0 

640 621 461 53 0 0.515298 0 0 0 0 0 0 0 0 0 0 0 0 0 0 0 0 0 0 0 0.0526316 0.105263 0 0.105263 0.105263 0.210526 0.263158 0.157895 0 0 0 0 0 0 

608 590 432 53 0 0.542373 0 0 0 0 0 0 0 0 0 0 0 0 0 0 0 0 0 0 0 0 0.0555556 0.111111 0.111111 0.166667 0.388889 0.166667 0 0 0 0 0 0 0 

544 516 368 53 0 0.620155 0 0 0 0 0 0 0 0 0 0 0 0 0 0 0 0 0 0 0 0 0.125 0.0625 0.25 0.25 0.125 0.1875 0 0 0 0 0 0 0 

576 562 401 53 0 0.569395 0 0 0 0 0 0 0 0 0 0 0 0 0 0 0 0 0 0 0.0588235 0 0.0588235 0 0.411765 0.176471 0.235294 0 0.0588235 0 0 0 0 0 0 

512 492 366 53 0 0.650406 0 0 0 0 0 0 0 0 0 0 0 0 0 0 0 0 0 0 0 0 0.0666667 0.133333 0 0.266667 0.266667 0.0666667 0.133333 0.0666667 0 0 0 0 0 

544 536 399 53 0 0.597015 0 0 0 0 0 0 0 0 0 0 0 0 0 0 0 0 0 0 0 0 0.0625 0.125 0 0.375 0.125 0.1875 0.125 0 0 0 0 0 0 

704 689 498 53 0 0.464441 0 0 0 0 0 0 0 0 0 0 0 0 0 0 0 0 0 0 0 0.0952381 0.047619 0.0952381 0.0952381 0.285714 0.190476 0.142857 0 0 0.047619 0 0 0 0 

640 621 431 53 0 0.515298 0 0 0 0 0 0 0 0 0 0 0 0 0 0 0 0 0 0.157895 0 0 0.105263 0.105263 0.0526316 0.263158 0.157895 0.105263 0.0526316 0 0 0 0 0 0 

576 553 396 53 0 0.578662 0 0 0 0 0 0 0 0 0 0 0 0 0 0 0 0 0 0 0 0.0588235 0 0.294118 0.117647 0.117647 0.176471 0.176471 0.0588235 0 0 0 0 0 0 

512 491 356 53 0 0.651731 0 0 0 0 0 0 0 0 0 0 0 0 0 0 0 0 0 0.0666667 0 0 0 0.133333 0.0666667 0.2 0.333333 0.2 0 0 0 0 0 0 0 

576 555 398 53 0 0.576577 0 0 0 0 0 0 0 0 0 0 0 0 0 0 0 0 0 0 0 0.0588235 0.0588235 0.176471 0.117647 0.235294 0.117647 0.176471 0.0588235 0 0 0 0 0 0 

544 516 371 53 0 0.620155 0 0 0 0 0 0 0 0 0 0 0 0 0 0 0 0 0 0 0 0.0625 0 0.1875 0.1875 0.25 0.0625 0.0625 0.1875 0 0 0 0 0 0 

608 591 437 53 0 0.541455 0 0 0 0 0 0 0 0 0 0 0 0 0 0 0 0 0 0 0 0 0.0555556 0 0.222222 0.222222 0.277778 0.111111 0.111111 0 0 0 0 0 0 

480 464 349 53 0 0.689655 0 0 0 0 0 0 0 0 0 0 0 0 0 0 0 0 0 0 0 0 0 0.0714286 0.214286 0.214286 0.0714286 0.285714 0.0714286 0.0714286 0 0 0 0 0 

544 533 388 53 0 0.600375 0 0 0 0 0 0 0 0 0 0 0 0 0 0 0 0 0 0 0 0 0.0625 0.25 0.0625 0.1875 0.25 0.125 0.0625 0 0 0 0 0 0 

448 439 331 53 0 0.728929 0 0 0 0 0 0 0 0 0 0 0 0 0 0 0 0 0 0 0 0 0 0 0.307692 0.153846 0.153846 0.307692 0.0769231 0 0 0 0 0 0 

544 526 399 53 0 0.608365 0 0 0 0 0 0 0 0 0 0 0 0 0 0 0 0 0 0 0 0 0 0.0625 0.125 0.0625 0.375 0.1875 0.1875 0 0 0 0 0 0 

512 502 369 53 0 0.63745 0 0 0 0 0 0 0 0 0 0 0 0 0 0 0 0 0 0 0 0 0 0.0666667 0.133333 0.533333 0.2 0 0.0666667 0 0 0 0 0 0 

544 525 373 53 0 0.609524 0 0 0 0 0 0 0 0 0 0 0 0 0 0 0 0 0 0 0.0625 0.125 0.0625 0 0.125 0.25 0.1875 0.125 0.0625 0 0 0 0 0 0 

512 492 373 53 0 0.650406 0 0 0 0 0 0 0 0 0 0 0 0 0 0 0 0 0 0 0 0 0 0.0666667 0.0666667 0.133333 0.333333 0.266667 0.133333 0 0 0 0 0 0 

480 454 329 53 0 0.704846 0 0 0 0 0 0 0 0 0 0 0 0 0 0 0 0 0 0 0 0 0.142857 0 0.285714 0.142857 0.142857 0.214286 0.0714286 0 0 0 0 0 0 

544 520 377 53 0 0.615385 0 0 0 0 0 0 0 0 0 0 0 0 0 0 0 0 0 0 0 0 0.0625 0.125 0.25 0.1875 0.125 0.1875 0 0.0625 0 0 0 0 0 

512 494 354 53 0 0.647773 0 0 0 0 0 0 0 0 0 0 0 0 0 0 0 0 0 0 0 0 0.0666667 0.133333 0.266667 0.266667 0.133333 0.133333 0 0 0 0 0 0 0 

576 563 386 53 0 0.568384 0 0 0 0 0 0 0 0 0 0 0 0 0 0 0 0 0 0 0 0.0588235 0.176471 0.235294 0.294118 0.117647 0.117647 0 0 0 0 0 0 0 0 

512 496 362 53 0 0.645161 0 0 0 0 0 0 0 0 0 0 0 0 0 0 0 0 0 0 0 0 0.0666667 0.133333 0.2 0.133333 0.266667 0.133333 0.0666667 0 0 0 0 0 0 

544 522 378 53 0 0.613027 0 0 0 0 0 0 0 0 0 0 0 0 0 0 0 0 0 0 0 0 0.0625 0 0.1875 0.4375 0.25 0.0625 0 0 0 0 0 0 0 

608 586 440 53 0 0.546075 0 0 0 0 0 0 0 0 0 0 0 0 0 0 0 0 0 0 0 0.0555556 0.0555556 0 0.111111 0.0555556 0.277778 0.277778 0.111111 0.0555556 0 0 0 0 0 

512 488 364 53 0 0.655738 0 0 0 0 0 0 0 0 0 0 0 0 0 0 0 0 0 0 0 0 0 0.0666667 0.2 0.2 0.2 0.266667 0 0 0.0666667 0 0 0 0 

480 468 353 53 0 0.683761 0 0 0 0 0 0 0 0 0 0 0 0 0 0 0 0 0 0 0 0.0714286 0 0 0.0714286 0.285714 0.142857 0.285714 0.142857 0 0 0 0 0 0 

544 524 383 53 0 0.610687 0 0 0 0 0 0 0 0 0 0 0 0 0 0 0 0 0 0 0.0625 0 0 0.0625 0.1875 0.3125 0.0625 0.1875 0.125 0 0 0 0 0 0 

512 503 349 53 0 0.636183 0 0 0 0 0 0 0 0 0 0 0 0 0 0 0 0 0 0 0 0 0.266667 0.2 0.133333 0.333333 0.0666667 0 0 0 0 0 0 0 0 

640 618 448 53 0 0.517799 0 0 0 0 0 0 0 0 0 0 0 0 0 0 0 0 0 0 0 0 0.105263 0.105263 0.210526 0.105263 0.210526 0.210526 0.0526316 0 0 0 0 0 0 

576 562 412 53 0 0.569395 0 0 0 0 0 0 0 0 0 0 0 0 0 0 0 0 0 0 0 0 0.0588235 0.117647 0.235294 0.0588235 0.235294 0.294118 0 0 0 0 0 0 0 

608 589 440 53 0 0.543294 0 0 0 0 0 0 0 0 0 0 0 0 0 0 0 0 0 0 0 0 0 0 0.166667 0.222222 0.444444 0.111111 0 0.0555556 0 0 0 0 0 

512 495 369 53 0 0.646465 0 0 0 0 0 0 0 0 0 0 0 0 0 0 0 0 0 0 0 0 0 0.2 0 0.266667 0.2 0.2 0.133333 0 0 0 0 0 0 

640 619 445 53 0 0.516963 0 0 0 0 0 0 0 0 0 0 0 0 0 0 0 0 0 0 0 0.0526316 0.157895 0.105263 0.0526316 0.210526 0.210526 0.105263 0.0526316 0.0526316 0 0 0 0 0 

512 492 355 53 0 0.650406 0 0 0 0 0 0 0 0 0 0 0 0 0 0 0 0 0 0 0 0 0 0.133333 0.333333 0.266667 0.133333 0.0666667 0.0666667 0 0 0 0 0 0 

608 599 441 53 0 0.534224 0 0 0 0 0 0 0 0 0 0 0 0 0 0 0 0 0 0 0 0.0555556 0.0555556 0.0555556 0.111111 0.222222 0.222222 0.222222 0.0555556 0 0 0 0 0 0 

480 462 344 53 0 0.692641 0 0 0 0 0 0 0 0 0 0 0 0 0 0 0 0 0 0 0 0 0.0714286 0.0714286 0.0714286 0.214286 0.285714 0.142857 0.142857 0 0 0 0 0 0 

544 527 396 53 0 0.607211 0 0 0 0 0 0 0 0 0 0 0 0 0 0 0 0 0 0 0 0 0.0625 0 0.125 0.0625 0.5 0.125 0.125 0 0 0 0 0 0 

512 503 378 53 0 0.636183 0 0 0 0 0 0 0 0 0 0 0 0 0 0 0 0 0 0 0 0 0 0.0666667 0.266667 0.0666667 0.266667 0.2 0.133333 0 0 0 0 0 0 

608 591 431 53 0 0.541455 0 0 0 0 0 0 0 0 0 0 0 0 0 0 0 0 0 0 0 0 0 0.277778 0.111111 0.222222 0.166667 0.111111 0.0555556 0.0555556 0 0 0 0 0 

512 489 352 53 0 0.654397 0 0 0 0 0 0 0 0 0 0 0 0 0 0 0 0 0 0 0 0 0.0666667 0.133333 0.2 0.266667 0.2 0.0666667 0.0666667 0 0 0 0 0 0 

544 524 386 53 0 0.610687 0 0 0 0 0 0 0 0 0 0 0 0 0 0 0 0 0 0 0 0 0 0.125 0.125 0.3125 0.1875 0.1875 0.0625 0 0 0 0 0 0 

512 491 365 53 0 0.651731 0 0 0 0 0 0 0 0 0 0 0 0 0 0 0 0 0 0 0 0 0 0.0666667 0.133333 0.266667 0.333333 0.133333 0 0.0666667 0 0 0 0 0 

576 550 391 53 0 0.581818 0 0 0 0 0 0 0 0 0 0 0 0 0 0 0 0 0 0 0 0 0.117647 0.0588235 0.235294 0.294118 0.235294 0.0588235 0 0 0 0 0 0 0 

576 554 403 53 0 0.577617 0 0 0 0 0 0 0 0 0 0 0 0 0 0 0 0 0 0 0 0 0.0588235 0.176471 0.0588235 0.235294 0.235294 0.235294 0 0 0 0 0 0 0 

544 518 388 53 0 0.617761 0 0 0 0 0 0 0 0 0 0 0 0 0 0 0 0 0 0 0 0 0 0 0.125 0.25 0.375 0.1875 0 0.0625 0 0 0 0 0 

544 528 401 53 0 0.606061 0 0 0 0 0 0 0 0 0 0 0 0 0 0 0 0 0 0 0 0 0.0625 0 0.125 0.0625 0.1875 0.5 0.0625 0 0 0 0 0 0 

576 561 407 53 0 0.57041 0 0 0 0 0 0 0 0 0 0 0 0 0 0 0 0 0 0 0 0.0588235 0 0 0.294118 0.294118 0.294118 0 0.0588235 0 0 0 0 0 0 

576 553 407 53 0 0.578662 0 0 0 0 0 0 0 0 0 0 0 0 0 0 0 0 0 0 0 0 0 0.176471 0.117647 0.235294 0.235294 0.117647 0.0588235 0.0588235 0 0 0 0 0 

544 526 381 53 0 0.608365 0 0 0 0 0 0 0 0 0 0 0 0 0 0 0 0 0 0 0 0 0 0.1875 0.1875 0.1875 0.375 0.0625 0 0 0 0 0 0 0 

544 534 386 53 0 0.599251 0 0 0 0 0 0 0 0 0 0 0 0 0 0 0 0 0 0 0 0.0625 0.0625 0 0.25 0.25 0.3125 0.0625 0 0 0 0 0 0 0 

480 459 338 53 0 0.697168 0 0 0 0 0 0 0 0 0 0 0 0 0 0 0 0 0 0 0 0 0.0714286 0.0714286 0.0714286 0.357143 0.214286 0.0714286 0.142857 0 0 0 0 0 0 

608 593 437 53 0 0.539629 0 0 0 0 0 0 0 0 0 0 0 0 0 0 0 0 0 0 0 0 0 0.111111 0.0555556 0.333333 0.388889 0.111111 0 0 0 0 0 0 0 

544 529 392 53 0 0.604915 0 0 0 0 0 0 0 0 0 0 0 0 0 0 0 0 0 0 0 0 0 0.1875 0.1875 0.0625 0.3125 0.0625 0.1875 0 0 0 0 0 0 

576 553 412 53 0 0.578662 0 0 0 0 0 0 0 0 0 0 0 0 0 0 0 0 0 0 0 0 0 0.117647 0.176471 0.235294 0.176471 0.0588235 0.117647 0.117647 0 0 0 0 0 

512 485 359 53 0 0.659794 0 0 0 0 0 0 0 0 0 0 0 0 0 0 0 0 0 0 0 0 0 0.0666667 0.2 0.333333 0.133333 0.0666667 0.133333 0.0666667 0 0 0 0 0 

640 623 451 53 0 0.513644 0 0 0 0 0 0 0 0 0 0 0 0 0 0 0 0 0 0 0 0 0.105263 0.157895 0.0526316 0.210526 0.315789 0.157895 0 0 0 0 0 0 0 

448 437 321 50 0 0.732265 0 0 0 0 0 0 0 0 0 0 0 0 0 0 0 0 0 0 0 0.0769231 0.0769231 0 0.153846 0.307692 0.0769231 0.230769 0.0769231 0 0 0 0 0 0 

608 582 416 53 0 0.549828 0 0 0 0 0 0 0 0 0 0 0 0 0 0 0 0 0 0 0 0.0555556 0.0555556 0.166667 0.0555556 0.388889 0.0555556 0.166667 0.0555556 0 0 0 0 0 0 

576 559 414 53 0 0.572451 0 0 0 0 0 0 0 0 0 0 0 0 0 0 0 0 0 0 0 0 0.0588235 0 0.176471 0.0588235 0.588235 0.117647 0 0 0 0 0 0 0 

544 517 371 53 0 0.618955 0 0 0 0 0 0 0 0 0 0 0 0 0 0 0 0 0 0 0 0.0625 0.0625 0.0625 0.25 0.1875 0.1875 0.0625 0.125 0 0 0 0 0 0 

608 579 428 53 0 0.552677 0 0 0 0 0 0 0 0 0 0 0 0 0 0 0 0 0 0 0 0 0 0.0555556 0.277778 0.111111 0.277778 0.111111 0.166667 0 0 0 0 0 0 

