1216 1196 871 75 0 0.535117 0 0 0 0 0 0 0 0 0 0 0 0 0 0 0 0 0 0 0 0.027027 0.027027 0.0810811 0.162162 0.243243 0.243243 0.162162 0.0540541 0 0 0 0 0 0 

1024 1001 743 75 0 0.639361 0 0 0 0 0 0 0 0 0 0 0 0 0 0 0 0 0 0 0 0 0 0.0322581 0.225806 0.193548 0.258065 0.225806 0.0322581 0 0.0322581 0 0 0 0 

1120 1106 801 75 0 0.578662 0 0 0 0 0 0 0 0 0 0 0 0 0 0 0 0 0 0 0 0.0294118 0.0882353 0.0882353 0.147059 0.235294 0.205882 0.117647 0.0588235 0.0294118 0 0 0 0 0 

960 938 675 75 0 0.682303 0 0 0 0 0 0 0 0 0 0 0 0 0 0 0 0 0 0 0 0.0344828 0 0.137931 0.172414 0.275862 0.275862 0.0689655 0.0344828 0 0 0 0 0 0 

928 910 642 74 0 0.703297 0 0 0 0 0 0 0 0 0 0 0 0 0 0 0 0 0 0 0 0.107143 0.0357143 0.214286 0.107143 0.178571 0.285714 0.0357143 0 0.0357143 0 0 0 0 0 

896 880 642 70 0 0.727273 0 0 0 0 0 0 0 0 0 0 0 0 0 0 0 0 0 0 0 0 0.0740741 0.111111 0.111111 0.333333 0.148148 0.111111 0.0740741 0.037037 0 0 0 0 0 

896 869 642 74 0 0.736479 0 0 0 0 0 0 0 0 0 0 0 0 0 0 0 0 0 0 0 0.037037 0 0 0.185185 0.185185 0.37037 0.148148 0.037037 0.037037 0 0 0 0 0 

1024 1009 724 75 0 0.634291 0 0 0 0 0 0 0 0 0 0 0 0 0 0 0 0 0 0 0 0.0645161 0.0645161 0.0645161 0.225806 0.258065 0.0967742 0.193548 0 0.0322581 0 0 0 0 0 

896 885 642 72 0 0.723164 0 0 0 0 0 0 0 0 0 0 0 0 0 0 0 0 0 0 0 0.0740741 0.0740741 0.037037 0.111111 0.259259 0.259259 0.111111 0.0740741 0 0 0 0 0 0 

960 938 672 75 0 0.682303 0 0 0 0 0 0 0 0 0 0 0 0 0 0 0 0 0 0 0.0344828 0 0.0344828 0.103448 0.310345 0.172414 0.137931 0.137931 0.0689655 0 0 0 0 0 0 

896 876 642 74 0 0.730594 0 0 0 0 0 0 0 0 0 0 0 0 0 0 0 0 0 0 0 0 0 0.111111 0.222222 0.111111 0.333333 0.222222 0 0 0 0 0 0 0 

1056 1044 758 75 0 0.613027 0 0 0 0 0 0 0 0 0 0 0 0 0 0 0 0 0 0 0 0 0 0.1875 0.25 0.1875 0.125 0.1875 0.0625 0 0 0 0 0 0 

928 903 645 75 0 0.708749 0 0 0 0 0 0 0 0 0 0 0 0 0 0 0 0 0 0 0.0714286 0 0.0357143 0.0714286 0.214286 0.25 0.214286 0.0357143 0.107143 0 0 0 0 0 0 

896 871 642 69 0 0.734788 0 0 0 0 0 0 0 0 0 0 0 0 0 0 0 0 0 0 0 0 0.0740741 0.111111 0.0740741 0.148148 0.222222 0.296296 0.0740741 0 0 0 0 0 0 

896 877 642 75 0 0.729761 0 0 0 0 0 0 0 0 0 0 0 0 0 0 0 0 0 0 0 0 0 0.0740741 0.185185 0.333333 0.222222 0.148148 0.037037 0 0 0 0 0 0 

1184 1162 842 75 0 0.550775 0 0 0 0 0 0 0 0 0 0 0 0 0 0 0 0 0 0 0 0 0.0277778 0.138889 0.194444 0.305556 0.0833333 0.194444 0.0277778 0.0277778 0 0 0 0 0 

928 900 650 75 0 0.711111 0 0 0 0 0 0 0 0 0 0 0 0 0 0 0 0 0 0 0 0 0 0.142857 0.285714 0.178571 0.178571 0.178571 0.0357143 0 0 0 0 0 0 

1088 1062 777 75 0 0.602637 0 0 0 0 0 0 0 0 0 0 0 0 0 0 0 0 0 0 0 0 0.0606061 0.0606061 0.212121 0.181818 0.181818 0.212121 0.0909091 0 0 0 0 0 0 

896 881 650 75 0 0.726447 0 0 0 0 0 0 0 0 0 0 0 0 0 0 0 0 0 0 0 0.037037 0 0.0740741 0.111111 0.259259 0.222222 0.259259 0.037037 0 0 0 0 0 0 

896 872 641 64 0 0.733945 0 0 0 0 0 0 0 0 0 0 0 0 0 0 0 0 0 0 0 0 0.037037 0.111111 0.111111 0.111111 0.407407 0.185185 0.037037 0 0 0 0 0 0 

992 975 707 75 0 0.65641 0 0 0 0 0 0 0 0 0 0 0 0 0 0 0 0 0 0 0 0.0666667 0.0333333 0.0666667 0.166667 0.2 0.3 0.133333 0 0 0.0333333 0 0 0 0 

1056 1031 747 75 0 0.620757 0 0 0 0 0 0 0 0 0 0 0 0 0 0 0 0 0 0 0 0 0.03125 0.0625 0.3125 0.21875 0.15625 0.15625 0.0625 0 0 0 0 0 0 

992 973 722 75 0 0.657759 0 0 0 0 0 0 0 0 0 0 0 0 0 0 0 0 0 0 0 0 0.1 0 0.1 0.233333 0.2 0.266667 0.1 0 0 0 0 0 0 

896 878 641 57 0 0.728929 0 0 0 0 0 0 0 0 0 0 0 0 0 0 0 0 0 0 0 0 0.0740741 0.111111 0.148148 0.222222 0.148148 0.222222 0.0740741 0 0 0 0 0 0 

960 939 702 75 0 0.681576 0 0 0 0 0 0 0 0 0 0 0 0 0 0 0 0 0 0 0 0 0 0.0344828 0.137931 0.241379 0.206897 0.310345 0.0689655 0 0 0 0 0 0 

992 981 736 75 0 0.652395 0 0 0 0 0 0 0 0 0 0 0 0 0 0 0 0 0 0 0 0 0.0666667 0.1 0.0333333 0.166667 0.233333 0.2 0.166667 0.0333333 0 0 0 0 0 

896 888 642 73 0 0.720721 0 0 0 0 0 0 0 0 0 0 0 0 0 0 0 0 0 0 0 0 0.0740741 0.185185 0.259259 0.0740741 0.185185 0.111111 0.111111 0 0 0 0 0 0 

960 942 688 75 0 0.679406 0 0 0 0 0 0 0 0 0 0 0 0 0 0 0 0 0 0 0 0.0344828 0.0689655 0.0689655 0.172414 0.137931 0.206897 0.241379 0.0689655 0 0 0 0 0 0 

960 932 671 75 0 0.686695 0 0 0 0 0 0 0 0 0 0 0 0 0 0 0 0 0 0 0 0.0344828 0.0344828 0.103448 0.172414 0.172414 0.37931 0.0689655 0.0344828 0 0 0 0 0 0 

1152 1130 807 75 0 0.566372 0 0 0 0 0 0 0 0 0 0 0 0 0 0 0 0 0 0 0 0 0.142857 0.114286 0.114286 0.314286 0.142857 0.114286 0.0571429 0 0 0 0 0 0 

928 901 680 75 0 0.710322 0 0 0 0 0 0 0 0 0 0 0 0 0 0 0 0 0 0 0 0 0 0.0357143 0.0714286 0.178571 0.357143 0.25 0.0357143 0.0714286 0 0 0 0 0 

928 921 666 75 0 0.694897 0 0 0 0 0 0 0 0 0 0 0 0 0 0 0 0 0 0.0357143 0 0 0 0.107143 0.214286 0.214286 0.321429 0.107143 0 0 0 0 0 0 0 

