1056 1047 766 75 0 0.61127 0 0 0 0 0 0 0 0 0 0 0 0 0 0 0 0 0 0 0.03125 0.03125 0.125 0.03125 0.09375 0.09375 0.3125 0.15625 0.09375 0.03125 0 0 0 0 0 

928 916 686 75 0 0.69869 0 0 0 0 0 0 0 0 0 0 0 0 0 0 0 0 0 0 0 0 0 0.0357143 0.0714286 0.392857 0.142857 0.285714 0.0714286 0 0 0 0 0 0 

896 868 642 69 0 0.737327 0 0 0 0 0 0 0 0 0 0 0 0 0 0 0 0 0 0 0 0.037037 0 0.037037 0.111111 0.259259 0.259259 0.185185 0.111111 0 0 0 0 0 0 

960 930 658 75 0 0.688172 0 0 0 0 0 0 0 0 0 0 0 0 0 0 0 0 0.0344828 0 0.0344828 0 0.0689655 0.0689655 0.206897 0.206897 0.206897 0.137931 0.0344828 0 0 0 0 0 0 

960 938 677 75 0 0.682303 0 0 0 0 0 0 0 0 0 0 0 0 0 0 0 0 0 0 0 0 0.0344828 0.0689655 0.37931 0.172414 0.172414 0.0689655 0.103448 0 0 0 0 0 0 

1024 996 725 75 0 0.64257 0 0 0 0 0 0 0 0 0 0 0 0 0 0 0 0 0 0 0 0 0.0322581 0.0645161 0.193548 0.290323 0.225806 0.129032 0.0645161 0 0 0 0 0 0 

896 883 641 60 0 0.724802 0 0 0 0 0 0 0 0 0 0 0 0 0 0 0 0 0 0 0 0.037037 0.111111 0.037037 0.222222 0.111111 0.259259 0.111111 0.111111 0 0 0 0 0 0 

1024 1006 735 75 0 0.636183 0 0 0 0 0 0 0 0 0 0 0 0 0 0 0 0 0 0 0 0 0.0322581 0.0967742 0.129032 0.290323 0.290323 0.0967742 0.0645161 0 0 0 0 0 0 

1024 999 728 75 0 0.640641 0 0 0 0 0 0 0 0 0 0 0 0 0 0 0 0 0 0 0 0.0322581 0.0322581 0.0322581 0.129032 0.354839 0.225806 0.16129 0 0.0322581 0 0 0 0 0 

960 942 681 75 0 0.679406 0 0 0 0 0 0 0 0 0 0 0 0 0 0 0 0 0 0 0 0.0689655 0 0.206897 0.0344828 0.241379 0.275862 0.0689655 0.103448 0 0 0 0 0 0 

896 881 643 75 0 0.726447 0 0 0 0 0 0 0 0 0 0 0 0 0 0 0 0 0 0 0 0 0.037037 0.037037 0.259259 0.259259 0.259259 0.0740741 0.0740741 0 0 0 0 0 0 

896 867 641 62 0 0.738178 0 0 0 0 0 0 0 0 0 0 0 0 0 0 0 0 0 0 0 0 0.111111 0 0.037037 0.259259 0.333333 0.148148 0.0740741 0.037037 0 0 0 0 0 

1024 1016 737 75 0 0.629921 0 0 0 0 0 0 0 0 0 0 0 0 0 0 0 0 0 0 0.0322581 0 0.0322581 0.0645161 0.193548 0.290323 0.225806 0.129032 0.0322581 0 0 0 0 0 0 

1024 995 718 75 0 0.643216 0 0 0 0 0 0 0 0 0 0 0 0 0 0 0 0 0 0 0.0322581 0.0322581 0 0.129032 0.129032 0.225806 0.225806 0.193548 0 0.0322581 0 0 0 0 0 

896 887 642 72 0 0.721533 0 0 0 0 0 0 0 0 0 0 0 0 0 0 0 0 0 0 0 0 0 0.0740741 0.296296 0.333333 0.222222 0.0740741 0 0 0 0 0 0 0 

1056 1028 747 75 0 0.622568 0 0 0 0 0 0 0 0 0 0 0 0 0 0 0 0 0 0 0 0.03125 0.0625 0.09375 0.0625 0.3125 0.25 0.0625 0.09375 0.03125 0 0 0 0 0 

896 879 645 75 0 0.7281 0 0 0 0 0 0 0 0 0 0 0 0 0 0 0 0 0 0 0 0 0.037037 0 0.296296 0.259259 0.148148 0.222222 0 0.037037 0 0 0 0 0 

992 965 721 75 0 0.663212 0 0 0 0 0 0 0 0 0 0 0 0 0 0 0 0 0 0 0 0 0 0.0666667 0.1 0.266667 0.266667 0.133333 0.1 0.0666667 0 0 0 0 0 

928 899 642 70 0 0.711902 0 0 0 0 0 0 0 0 0 0 0 0 0 0 0 0 0 0 0 0.0357143 0.0357143 0.142857 0.178571 0.25 0.178571 0.178571 0 0 0 0 0 0 0 

928 918 673 75 0 0.697168 0 0 0 0 0 0 0 0 0 0 0 0 0 0 0 0 0 0 0 0 0.0357143 0.107143 0.214286 0.178571 0.25 0.142857 0.0357143 0.0357143 0 0 0 0 0 

928 899 642 72 0 0.711902 0 0 0 0 0 0 0 0 0 0 0 0 0 0 0 0 0 0 0.0357143 0.0714286 0.0357143 0.107143 0.107143 0.214286 0.25 0.142857 0 0 0.0357143 0 0 0 0 

992 979 712 75 0 0.653728 0 0 0 0 0 0 0 0 0 0 0 0 0 0 0 0 0 0 0.0333333 0 0.0333333 0.1 0.2 0.133333 0.3 0.133333 0.0666667 0 0 0 0 0 0 

928 908 651 75 0 0.704846 0 0 0 0 0 0 0 0 0 0 0 0 0 0 0 0 0 0 0.0357143 0.0357143 0.0714286 0.0714286 0.0357143 0.357143 0.285714 0.0714286 0.0357143 0 0 0 0 0 0 

1024 1000 720 75 0 0.64 0 0 0 0 0 0 0 0 0 0 0 0 0 0 0 0 0 0 0 0 0.0322581 0.0967742 0.225806 0.258065 0.290323 0.0967742 0 0 0 0 0 0 0 

896 884 642 67 0 0.723982 0 0 0 0 0 0 0 0 0 0 0 0 0 0 0 0 0 0 0 0.0740741 0.037037 0.148148 0.0740741 0.185185 0.259259 0.148148 0.037037 0.037037 0 0 0 0 0 

928 919 664 75 0 0.696409 0 0 0 0 0 0 0 0 0 0 0 0 0 0 0 0 0 0.0357143 0 0 0.0714286 0.0357143 0.178571 0.25 0.285714 0.142857 0 0 0 0 0 0 0 

928 915 673 75 0 0.699454 0 0 0 0 0 0 0 0 0 0 0 0 0 0 0 0 0 0 0 0 0.0357143 0.107143 0.0714286 0.357143 0.142857 0.25 0.0357143 0 0 0 0 0 0 

1120 1092 778 75 0 0.586081 0 0 0 0 0 0 0 0 0 0 0 0 0 0 0 0 0 0 0.0294118 0 0.117647 0.0882353 0.264706 0.117647 0.117647 0.205882 0.0588235 0 0 0 0 0 0 

960 945 683 75 0 0.677249 0 0 0 0 0 0 0 0 0 0 0 0 0 0 0 0 0 0 0 0 0.0344828 0.172414 0.241379 0.103448 0.241379 0.206897 0 0 0 0 0 0 0 

928 897 654 75 0 0.713489 0 0 0 0 0 0 0 0 0 0 0 0 0 0 0 0 0 0 0 0.0357143 0 0.107143 0.214286 0.214286 0.178571 0.0714286 0.142857 0.0357143 0 0 0 0 0 

1088 1070 775 75 0 0.598131 0 0 0 0 0 0 0 0 0 0 0 0 0 0 0 0 0 0 0 0 0.121212 0.030303 0.212121 0.181818 0.272727 0.151515 0 0.030303 0 0 0 0 0 

896 877 641 65 0 0.729761 0 0 0 0 0 0 0 0 0 0 0 0 0 0 0 0 0 0 0 0.037037 0 0.037037 0.148148 0.37037 0.222222 0.148148 0.037037 0 0 0 0 0 0 

928 904 654 75 0 0.707965 0 0 0 0 0 0 0 0 0 0 0 0 0 0 0 0 0 0 0 0 0.0714286 0.178571 0.142857 0.142857 0.25 0.107143 0.107143 0 0 0 0 0 0 

896 879 642 74 0 0.7281 0 0 0 0 0 0 0 0 0 0 0 0 0 0 0 0 0 0 0 0.037037 0.0740741 0 0.259259 0.222222 0.148148 0.148148 0.037037 0.0740741 0 0 0 0 0 

928 901 670 75 0 0.710322 0 0 0 0 0 0 0 0 0 0 0 0 0 0 0 0 0 0 0 0 0.0357143 0.0357143 0.214286 0.107143 0.285714 0.142857 0.142857 0.0357143 0 0 0 0 0 

960 941 697 75 0 0.680128 0 0 0 0 0 0 0 0 0 0 0 0 0 0 0 0 0 0 0 0 0.0344828 0.103448 0.172414 0.172414 0.172414 0.206897 0.0689655 0.0689655 0 0 0 0 0 

1056 1037 753 75 0 0.617165 0 0 0 0 0 0 0 0 0 0 0 0 0 0 0 0 0 0 0 0 0.09375 0.1875 0.0625 0.15625 0.25 0.15625 0.09375 0 0 0 0 0 0 

960 948 698 75 0 0.675106 0 0 0 0 0 0 0 0 0 0 0 0 0 0 0 0 0 0 0 0 0 0.137931 0.206897 0.241379 0.172414 0.137931 0.0344828 0.0344828 0.0344828 0 0 0 0 

960 936 688 75 0 0.683761 0 0 0 0 0 0 0 0 0 0 0 0 0 0 0 0 0 0 0 0.0344828 0.0344828 0.0689655 0.172414 0.172414 0.241379 0.103448 0.137931 0.0344828 0 0 0 0 0 

896 870 642 67 0 0.735632 0 0 0 0 0 0 0 0 0 0 0 0 0 0 0 0 0 0 0 0.037037 0.037037 0.111111 0.111111 0.148148 0.185185 0.222222 0.111111 0 0.037037 0 0 0 0 

896 879 650 75 0 0.7281 0 0 0 0 0 0 0 0 0 0 0 0 0 0 0 0 0 0 0 0.037037 0 0.037037 0.222222 0.185185 0.185185 0.259259 0.037037 0.037037 0 0 0 0 0 

896 881 642 70 0 0.726447 0 0 0 0 0 0 0 0 0 0 0 0 0 0 0 0 0 0 0 0 0.0740741 0.0740741 0.222222 0.0740741 0.407407 0.111111 0.037037 0 0 0 0 0 0 

1024 1000 731 75 0 0.64 0 0 0 0 0 0 0 0 0 0 0 0 0 0 0 0 0 0 0 0 0 0.16129 0.129032 0.258065 0.225806 0.129032 0.0967742 0 0 0 0 0 0 

928 916 666 75 0 0.69869 0 0 0 0 0 0 0 0 0 0 0 0 0 0 0 0 0 0 0 0 0.0714286 0.0357143 0.214286 0.25 0.285714 0.142857 0 0 0 0 0 0 0 

896 867 642 68 0 0.738178 0 0 0 0 0 0 0 0 0 0 0 0 0 0 0 0 0 0 0 0.037037 0.037037 0 0.037037 0.407407 0.148148 0.185185 0.148148 0 0 0 0 0 0 

928 909 664 75 0 0.70407 0 0 0 0 0 0 0 0 0 0 0 0 0 0 0 0 0 0 0 0.0357143 0.0357143 0.107143 0.142857 0.178571 0.285714 0.107143 0.0714286 0.0357143 0 0 0 0 0 

896 868 642 72 0 0.737327 0 0 0 0 0 0 0 0 0 0 0 0 0 0 0 0 0 0 0 0 0.037037 0.111111 0.0740741 0.259259 0.222222 0.111111 0.148148 0.037037 0 0 0 0 0 

928 899 657 75 0 0.711902 0 0 0 0 0 0 0 0 0 0 0 0 0 0 0 0 0 0 0.0357143 0 0 0.107143 0.178571 0.214286 0.142857 0.178571 0.142857 0 0 0 0 0 0 

992 974 714 75 0 0.657084 0 0 0 0 0 0 0 0 0 0 0 0 0 0 0 0 0 0 0 0.0333333 0.0333333 0.1 0.133333 0.133333 0.3 0.2 0.0666667 0 0 0 0 0 0 

992 966 703 75 0 0.662526 0 0 0 0 0 0 0 0 0 0 0 0 0 0 0 0 0 0 0 0.0333333 0.1 0.0666667 0.0666667 0.233333 0.266667 0.133333 0.0666667 0.0333333 0 0 0 0 0 

960 936 690 75 0 0.683761 0 0 0 0 0 0 0 0 0 0 0 0 0 0 0 0 0 0 0.0344828 0 0.0689655 0.0344828 0.172414 0.172414 0.137931 0.172414 0.172414 0.0344828 0 0 0 0 0 

1024 1000 736 75 0 0.64 0 0 0 0 0 0 0 0 0 0 0 0 0 0 0 0 0 0 0 0 0 0.193548 0.193548 0.16129 0.129032 0.0645161 0.225806 0.0322581 0 0 0 0 0 

1120 1093 792 75 0 0.585544 0 0 0 0 0 0 0 0 0 0 0 0 0 0 0 0 0 0 0 0.0294118 0.0588235 0.0588235 0.147059 0.264706 0.235294 0.147059 0.0588235 0 0 0 0 0 0 

1024 995 736 75 0 0.643216 0 0 0 0 0 0 0 0 0 0 0 0 0 0 0 0 0 0 0 0 0.0322581 0.0967742 0.0645161 0.225806 0.258065 0.225806 0.0967742 0 0 0 0 0 0 

896 881 642 72 0 0.726447 0 0 0 0 0 0 0 0 0 0 0 0 0 0 0 0 0 0 0.037037 0.037037 0.037037 0.037037 0.111111 0.333333 0.111111 0.222222 0.0740741 0 0 0 0 0 0 

896 877 643 75 0 0.729761 0 0 0 0 0 0 0 0 0 0 0 0 0 0 0 0 0 0 0.037037 0 0.037037 0 0.333333 0.037037 0.222222 0.259259 0.0740741 0 0 0 0 0 0 

960 934 679 75 0 0.685225 0 0 0 0 0 0 0 0 0 0 0 0 0 0 0 0 0 0 0 0 0.103448 0 0.206897 0.241379 0.241379 0.137931 0.0689655 0 0 0 0 0 0 

960 932 681 75 0 0.686695 0 0 0 0 0 0 0 0 0 0 0 0 0 0 0 0 0 0 0 0.0689655 0.0344828 0.0344828 0.137931 0.172414 0.241379 0.241379 0.0689655 0 0 0 0 0 0 

1120 1109 806 75 0 0.577096 0 0 0 0 0 0 0 0 0 0 0 0 0 0 0 0 0 0 0.0294118 0 0.0588235 0.147059 0.0882353 0.205882 0.235294 0.147059 0.0882353 0 0 0 0 0 0 

864 855 642 74 0 0.748538 0 0 0 0 0 0 0 0 0 0 0 0 0 0 0 0 0 0 0 0 0 0.0769231 0.153846 0.192308 0.230769 0.192308 0.115385 0.0384615 0 0 0 0 0 

1088 1069 780 75 0 0.59869 0 0 0 0 0 0 0 0 0 0 0 0 0 0 0 0 0 0 0 0.030303 0.030303 0.0909091 0.151515 0.242424 0.181818 0.212121 0.0606061 0 0 0 0 0 0 

896 886 647 75 0 0.722348 0 0 0 0 0 0 0 0 0 0 0 0 0 0 0 0 0 0 0 0 0 0.148148 0.222222 0.185185 0.259259 0.148148 0.037037 0 0 0 0 0 0 

992 971 700 75 0 0.659114 0 0 0 0 0 0 0 0 0 0 0 0 0 0 0 0 0 0 0 0.0333333 0 0.1 0.266667 0.266667 0.2 0.0333333 0.1 0 0 0 0 0 0 

864 849 642 73 0 0.753828 0 0 0 0 0 0 0 0 0 0 0 0 0 0 0 0 0 0 0 0 0.0384615 0.0384615 0.0769231 0.153846 0.230769 0.346154 0.0769231 0.0384615 0 0 0 0 0 

896 869 642 68 0 0.736479 0 0 0 0 0 0 0 0 0 0 0 0 0 0 0 0 0 0 0 0 0 0.0740741 0.185185 0.111111 0.407407 0.148148 0.0740741 0 0 0 0 0 0 

928 906 648 75 0 0.706402 0 0 0 0 0 0 0 0 0 0 0 0 0 0 0 0 0 0 0 0.0357143 0.0714286 0.142857 0.214286 0.214286 0.142857 0.0357143 0.142857 0 0 0 0 0 0 

928 903 681 75 0 0.708749 0 0 0 0 0 0 0 0 0 0 0 0 0 0 0 0 0 0 0 0 0.0714286 0 0.107143 0.178571 0.142857 0.25 0.25 0 0 0 0 0 0 

896 876 641 57 0 0.730594 0 0 0 0 0 0 0 0 0 0 0 0 0 0 0 0 0 0 0 0.037037 0.037037 0.037037 0.148148 0.296296 0.259259 0.0740741 0.0740741 0.037037 0 0 0 0 0 

992 965 702 75 0 0.663212 0 0 0 0 0 0 0 0 0 0 0 0 0 0 0 0 0 0 0 0 0.0333333 0.0666667 0.166667 0.3 0.266667 0.133333 0.0333333 0 0 0 0 0 0 

928 913 681 75 0 0.700986 0 0 0 0 0 0 0 0 0 0 0 0 0 0 0 0 0 0 0 0 0 0.0714286 0.107143 0.25 0.285714 0.178571 0.107143 0 0 0 0 0 0 

1024 1004 738 75 0 0.63745 0 0 0 0 0 0 0 0 0 0 0 0 0 0 0 0 0 0 0 0.0322581 0.0322581 0.0645161 0.16129 0.16129 0.354839 0.0967742 0.0322581 0.0322581 0.0322581 0 0 0 0 

928 899 642 70 0 0.711902 0 0 0 0 0 0 0 0 0 0 0 0 0 0 0 0 0 0 0 0 0.0357143 0.25 0.214286 0.178571 0.107143 0.142857 0.0357143 0.0357143 0 0 0 0 0 

896 872 641 61 0 0.733945 0 0 0 0 0 0 0 0 0 0 0 0 0 0 0 0 0 0 0 0 0.0740741 0.037037 0.148148 0.185185 0.259259 0.259259 0.037037 0 0 0 0 0 0 

1088 1070 789 75 0 0.598131 0 0 0 0 0 0 0 0 0 0 0 0 0 0 0 0 0 0 0 0 0.030303 0.121212 0.181818 0.151515 0.151515 0.242424 0.121212 0 0 0 0 0 0 

1056 1032 752 75 0 0.620155 0 0 0 0 0 0 0 0 0 0 0 0 0 0 0 0 0 0 0.03125 0 0.03125 0.03125 0.21875 0.3125 0.1875 0.03125 0.125 0 0.03125 0 0 0 0 

1024 1010 752 75 0 0.633663 0 0 0 0 0 0 0 0 0 0 0 0 0 0 0 0 0 0 0 0 0 0.0322581 0.258065 0.193548 0.16129 0.258065 0.0645161 0.0322581 0 0 0 0 0 

896 891 642 72 0 0.718294 0 0 0 0 0 0 0 0 0 0 0 0 0 0 0 0 0 0 0.037037 0.037037 0 0.148148 0.148148 0.259259 0.185185 0.185185 0 0 0 0 0 0 0 

992 976 701 75 0 0.655738 0 0 0 0 0 0 0 0 0 0 0 0 0 0 0 0 0 0 0 0.0666667 0.1 0.1 0.133333 0.166667 0.233333 0.1 0.1 0 0 0 0 0 0 

896 872 641 57 0 0.733945 0 0 0 0 0 0 0 0 0 0 0 0 0 0 0 0 0 0 0.037037 0 0 0.0740741 0.111111 0.296296 0.222222 0.111111 0.148148 0 0 0 0 0 0 

1024 1004 735 75 0 0.63745 0 0 0 0 0 0 0 0 0 0 0 0 0 0 0 0 0 0 0 0.0322581 0.0967742 0 0.16129 0.258065 0.16129 0.16129 0.0967742 0.0322581 0 0 0 0 0 

928 903 657 75 0 0.708749 0 0 0 0 0 0 0 0 0 0 0 0 0 0 0 0 0 0 0 0 0.0714286 0.107143 0.142857 0.321429 0.142857 0.0357143 0.142857 0.0357143 0 0 0 0 0 

1088 1075 763 75 0 0.595349 0 0 0 0 0 0 0 0 0 0 0 0 0 0 0 0 0 0 0.030303 0.030303 0.030303 0.151515 0.30303 0.151515 0.212121 0.030303 0 0.0606061 0 0 0 0 0 

928 898 648 75 0 0.712695 0 0 0 0 0 0 0 0 0 0 0 0 0 0 0 0 0 0 0 0 0.0714286 0.107143 0.142857 0.285714 0.214286 0.107143 0.0714286 0 0 0 0 0 0 

896 875 641 62 0 0.731429 0 0 0 0 0 0 0 0 0 0 0 0 0 0 0 0 0 0 0 0.0740741 0 0 0.111111 0.296296 0.37037 0.0740741 0.0740741 0 0 0 0 0 0 

1056 1039 746 75 0 0.615977 0 0 0 0 0 0 0 0 0 0 0 0 0 0 0 0.03125 0 0 0 0 0.0625 0.0625 0.25 0.1875 0.25 0.09375 0.03125 0.03125 0 0 0 0 0 

928 916 673 75 0 0.69869 0 0 0 0 0 0 0 0 0 0 0 0 0 0 0 0 0 0 0.0357143 0.0357143 0 0.0714286 0.107143 0.25 0.214286 0.178571 0.107143 0 0 0 0 0 0 

960 941 687 75 0 0.680128 0 0 0 0 0 0 0 0 0 0 0 0 0 0 0 0 0 0 0 0 0 0.103448 0.206897 0.310345 0.172414 0.172414 0 0.0344828 0 0 0 0 0 

928 903 656 75 0 0.708749 0 0 0 0 0 0 0 0 0 0 0 0 0 0 0 0 0 0 0 0 0.0714286 0.0714286 0.25 0.178571 0.178571 0.142857 0.107143 0 0 0 0 0 0 

992 963 708 75 0 0.66459 0 0 0 0 0 0 0 0 0 0 0 0 0 0 0 0 0 0 0 0 0.0666667 0.1 0.0333333 0.233333 0.333333 0.1 0.133333 0 0 0 0 0 0 

1056 1039 740 75 0 0.615977 0 0 0 0 0 0 0 0 0 0 0 0 0 0 0 0 0 0 0.03125 0.03125 0.03125 0.15625 0.21875 0.1875 0.1875 0.125 0 0.03125 0 0 0 0 0 

992 970 712 75 0 0.659794 0 0 0 0 0 0 0 0 0 0 0 0 0 0 0 0 0 0 0 0 0 0.166667 0.0666667 0.233333 0.333333 0.133333 0.0666667 0 0 0 0 0 0 

928 911 669 75 0 0.702525 0 0 0 0 0 0 0 0 0 0 0 0 0 0 0 0 0 0 0.0357143 0 0.0357143 0.142857 0.142857 0.107143 0.178571 0.214286 0.107143 0.0357143 0 0 0 0 0 

1088 1064 757 75 0 0.601504 0 0 0 0 0 0 0 0 0 0 0 0 0 0 0 0 0 0 0 0 0.0606061 0.0909091 0.333333 0.181818 0.272727 0.0606061 0 0 0 0 0 0 0 

960 931 660 75 0 0.687433 0 0 0 0 0 0 0 0 0 0 0 0 0 0 0 0 0 0 0 0.103448 0.0689655 0.103448 0.172414 0.241379 0.137931 0.0344828 0.103448 0.0344828 0 0 0 0 0 

896 870 650 75 0 0.735632 0 0 0 0 0 0 0 0 0 0 0 0 0 0 0 0 0 0 0.037037 0 0.037037 0.037037 0.111111 0.037037 0.333333 0.259259 0.111111 0.037037 0 0 0 0 0 

928 912 661 75 0 0.701754 0 0 0 0 0 0 0 0 0 0 0 0 0 0 0 0 0 0.0357143 0 0.0714286 0 0.0357143 0.107143 0.285714 0.25 0.178571 0.0357143 0 0 0 0 0 0 

896 874 642 73 0 0.732265 0 0 0 0 0 0 0 0 0 0 0 0 0 0 0 0 0 0 0 0 0.037037 0.148148 0.111111 0.148148 0.333333 0.111111 0.0740741 0.037037 0 0 0 0 0 

992 964 697 75 0 0.6639 0 0 0 0 0 0 0 0 0 0 0 0 0 0 0 0 0 0 0 0 0.0666667 0.1 0.2 0.166667 0.266667 0.166667 0.0333333 0 0 0 0 0 0 

960 945 688 75 0 0.677249 0 0 0 0 0 0 0 0 0 0 0 0 0 0 0 0 0 0 0 0 0.0689655 0.103448 0.241379 0.103448 0.241379 0.172414 0.0689655 0 0 0 0 0 0 

1088 1061 769 75 0 0.603205 0 0 0 0 0 0 0 0 0 0 0 0 0 0 0 0 0 0 0 0 0.0606061 0.151515 0.121212 0.212121 0.272727 0.121212 0 0.0606061 0 0 0 0 0 

