704 679 494 53 0 0.471281 0 0 0 0 0 0 0 0 0 0 0 0 0 0 0 0 0 0 0.047619 0.047619 0 0 0.190476 0.190476 0.333333 0.0952381 0.0952381 0 0 0 0 0 0 

704 679 499 53 0 0.471281 0 0 0 0 0 0 0 0 0 0 0 0 0 0 0 0 0 0 0 0 0 0.0952381 0.238095 0.142857 0.285714 0.190476 0 0.047619 0 0 0 0 0 

672 655 476 53 0 0.48855 0 0 0 0 0 0 0 0 0 0 0 0 0 0 0 0 0 0 0 0.05 0 0.1 0.1 0.35 0.25 0.15 0 0 0 0 0 0 0 

672 655 482 53 0 0.48855 0 0 0 0 0 0 0 0 0 0 0 0 0 0 0 0 0 0 0 0.1 0 0 0.1 0.25 0.25 0.3 0 0 0 0 0 0 0 

672 655 461 53 0 0.48855 0 0 0 0 0 0 0 0 0 0 0 0 0 0 0 0 0 0.05 0 0.05 0.15 0.1 0.15 0.25 0 0.15 0.1 0 0 0 0 0 0 

672 655 483 53 0 0.48855 0 0 0 0 0 0 0 0 0 0 0 0 0 0 0 0 0 0 0 0 0.05 0.05 0.2 0.2 0.25 0.15 0.1 0 0 0 0 0 0 

672 655 477 53 0 0.48855 0 0 0 0 0 0 0 0 0 0 0 0 0 0 0 0 0 0 0 0.05 0 0.05 0.3 0.05 0.45 0.05 0.05 0 0 0 0 0 0 

672 655 478 53 0 0.48855 0 0 0 0 0 0 0 0 0 0 0 0 0 0 0 0 0 0 0.05 0 0.05 0.05 0.2 0.2 0.2 0.15 0.05 0.05 0 0 0 0 0 

672 657 482 53 0 0.487062 0 0 0 0 0 0 0 0 0 0 0 0 0 0 0 0 0 0 0 0 0.1 0.1 0.15 0.05 0.35 0.2 0.05 0 0 0 0 0 0 

672 655 476 53 0 0.48855 0 0 0 0 0 0 0 0 0 0 0 0 0 0 0 0 0 0 0.05 0 0 0.1 0.15 0.25 0.3 0.1 0.05 0 0 0 0 0 0 

704 678 490 53 0 0.471976 0 0 0 0 0 0 0 0 0 0 0 0 0 0 0 0 0 0 0 0 0.047619 0.190476 0.190476 0.142857 0.142857 0.238095 0.047619 0 0 0 0 0 0 

704 678 493 53 0 0.471976 0 0 0 0 0 0 0 0 0 0 0 0 0 0 0 0 0 0 0 0 0.047619 0.238095 0.047619 0.285714 0.0952381 0.0952381 0.190476 0 0 0 0 0 0 

704 679 494 53 0 0.471281 0 0 0 0 0 0 0 0 0 0 0 0 0 0 0 0 0 0 0 0 0.142857 0.047619 0.0952381 0.285714 0.0952381 0.285714 0.047619 0 0 0 0 0 0 

672 655 478 53 0 0.48855 0 0 0 0 0 0 0 0 0 0 0 0 0 0 0 0 0 0 0 0.05 0 0.05 0.15 0.3 0.35 0.05 0.05 0 0 0 0 0 0 

672 655 468 53 0 0.48855 0 0 0 0 0 0 0 0 0 0 0 0 0 0 0 0 0 0 0 0.05 0.15 0.1 0.15 0.15 0.2 0.15 0.05 0 0 0 0 0 0 

672 657 491 53 0 0.487062 0 0 0 0 0 0 0 0 0 0 0 0 0 0 0 0 0 0 0 0 0 0.1 0.05 0.3 0.35 0.05 0.1 0.05 0 0 0 0 0 

672 655 495 53 0 0.48855 0 0 0 0 0 0 0 0 0 0 0 0 0 0 0 0 0 0 0 0 0 0.05 0.1 0.15 0.4 0.1 0.2 0 0 0 0 0 0 

672 655 474 53 0 0.48855 0 0 0 0 0 0 0 0 0 0 0 0 0 0 0 0 0 0 0.1 0 0.05 0.1 0.1 0.15 0.3 0.05 0.1 0.05 0 0 0 0 0 

672 655 481 53 0 0.48855 0 0 0 0 0 0 0 0 0 0 0 0 0 0 0 0 0 0 0 0 0.05 0.05 0.3 0.15 0.2 0.1 0.15 0 0 0 0 0 0 

672 655 468 53 0 0.48855 0 0 0 0 0 0 0 0 0 0 0 0 0 0 0 0 0 0 0 0.05 0.05 0.05 0.3 0.2 0.3 0.05 0 0 0 0 0 0 0 

704 679 497 53 0 0.471281 0 0 0 0 0 0 0 0 0 0 0 0 0 0 0 0 0 0 0 0 0.0952381 0.142857 0.047619 0.285714 0.0952381 0.190476 0.0952381 0.047619 0 0 0 0 0 

672 655 474 53 0 0.48855 0 0 0 0 0 0 0 0 0 0 0 0 0 0 0 0 0 0 0 0 0 0.2 0.3 0.15 0.1 0.2 0.05 0 0 0 0 0 0 

672 656 491 53 0 0.487805 0 0 0 0 0 0 0 0 0 0 0 0 0 0 0 0 0 0 0 0 0.1 0 0.15 0.2 0.1 0.25 0.2 0 0 0 0 0 0 

672 656 491 53 0 0.487805 0 0 0 0 0 0 0 0 0 0 0 0 0 0 0 0 0 0 0 0 0 0.1 0.05 0.2 0.35 0.25 0.05 0 0 0 0 0 0 

672 657 494 53 0 0.487062 0 0 0 0 0 0 0 0 0 0 0 0 0 0 0 0 0 0 0 0 0.05 0 0.1 0.25 0.25 0.25 0.05 0.05 0 0 0 0 0 

672 655 468 53 0 0.48855 0 0 0 0 0 0 0 0 0 0 0 0 0 0 0 0 0 0 0 0.05 0.1 0.05 0.25 0.25 0.15 0.1 0.05 0 0 0 0 0 0 

672 655 478 53 0 0.48855 0 0 0 0 0 0 0 0 0 0 0 0 0 0 0 0 0 0 0 0 0.05 0.1 0.15 0.2 0.35 0.15 0 0 0 0 0 0 0 

672 655 472 53 0 0.48855 0 0 0 0 0 0 0 0 0 0 0 0 0 0 0 0 0 0 0 0.05 0.15 0.1 0.1 0.2 0.15 0.1 0.15 0 0 0 0 0 0 

672 655 479 53 0 0.48855 0 0 0 0 0 0 0 0 0 0 0 0 0 0 0 0 0 0 0 0.05 0 0.1 0.25 0.1 0.2 0.25 0.05 0 0 0 0 0 0 

672 655 477 53 0 0.48855 0 0 0 0 0 0 0 0 0 0 0 0 0 0 0 0 0 0 0 0 0 0.2 0.3 0.2 0 0.15 0.1 0.05 0 0 0 0 0 

672 655 491 53 0 0.48855 0 0 0 0 0 0 0 0 0 0 0 0 0 0 0 0 0 0 0 0 0 0 0.15 0.3 0.25 0.2 0.1 0 0 0 0 0 0 

704 679 488 53 0 0.471281 0 0 0 0 0 0 0 0 0 0 0 0 0 0 0 0 0 0 0 0.0952381 0 0.047619 0.238095 0.238095 0.142857 0.238095 0 0 0 0 0 0 0 

672 655 491 53 0 0.48855 0 0 0 0 0 0 0 0 0 0 0 0 0 0 0 0 0 0 0 0 0 0.1 0.1 0.25 0.25 0.1 0.15 0.05 0 0 0 0 0 

704 678 484 53 0 0.471976 0 0 0 0 0 0 0 0 0 0 0 0 0 0 0 0 0 0 0 0.0952381 0.047619 0.0952381 0.285714 0.0952381 0.142857 0.142857 0.047619 0.047619 0 0 0 0 0 

672 655 485 53 0 0.48855 0 0 0 0 0 0 0 0 0 0 0 0 0 0 0 0 0 0 0 0 0 0.1 0.15 0.2 0.35 0.1 0.1 0 0 0 0 0 0 

672 657 483 53 0 0.487062 0 0 0 0 0 0 0 0 0 0 0 0 0 0 0 0 0 0 0 0 0.1 0 0.2 0.25 0.15 0.25 0.05 0 0 0 0 0 0 

672 655 476 53 0 0.48855 0 0 0 0 0 0 0 0 0 0 0 0 0 0 0 0 0 0 0 0 0 0.15 0.3 0.2 0.15 0.1 0.1 0 0 0 0 0 0 

672 655 478 53 0 0.48855 0 0 0 0 0 0 0 0 0 0 0 0 0 0 0 0 0 0 0 0.05 0 0.1 0.15 0.35 0.1 0.15 0.1 0 0 0 0 0 0 

672 655 485 53 0 0.48855 0 0 0 0 0 0 0 0 0 0 0 0 0 0 0 0 0 0 0 0 0 0.1 0.15 0.1 0.45 0.2 0 0 0 0 0 0 0 

704 679 498 53 0 0.471281 0 0 0 0 0 0 0 0 0 0 0 0 0 0 0 0 0 0 0 0 0.047619 0.047619 0.142857 0.285714 0.285714 0.0952381 0.0952381 0 0 0 0 0 0 

672 657 470 53 0 0.487062 0 0 0 0 0 0 0 0 0 0 0 0 0 0 0 0 0 0.05 0 0 0 0.2 0.1 0.3 0.25 0.1 0 0 0 0 0 0 0 

672 656 486 53 0 0.487805 0 0 0 0 0 0 0 0 0 0 0 0 0 0 0 0 0 0 0 0 0 0.05 0.25 0.25 0.2 0.15 0.05 0.05 0 0 0 0 0 

672 655 480 53 0 0.48855 0 0 0 0 0 0 0 0 0 0 0 0 0 0 0 0 0 0 0 0 0 0.2 0.2 0.1 0.25 0.15 0.1 0 0 0 0 0 0 

704 682 512 53 0 0.469208 0 0 0 0 0 0 0 0 0 0 0 0 0 0 0 0 0.047619 0 0 0 0 0 0.190476 0.142857 0.047619 0.380952 0.142857 0.047619 0 0 0 0 0 

672 656 483 53 0 0.487805 0 0 0 0 0 0 0 0 0 0 0 0 0 0 0 0 0 0 0 0 0 0.05 0.15 0.3 0.4 0.1 0 0 0 0 0 0 0 

704 679 497 53 0 0.471281 0 0 0 0 0 0 0 0 0 0 0 0 0 0 0 0 0 0 0.047619 0 0 0.047619 0.190476 0.238095 0.238095 0.0952381 0.142857 0 0 0 0 0 0 

672 655 480 53 0 0.48855 0 0 0 0 0 0 0 0 0 0 0 0 0 0 0 0 0 0 0 0 0.05 0.1 0.1 0.35 0.1 0.3 0 0 0 0 0 0 0 

672 655 491 53 0 0.48855 0 0 0 0 0 0 0 0 0 0 0 0 0 0 0 0 0 0 0 0.05 0 0.05 0 0.25 0.35 0.2 0.05 0.05 0 0 0 0 0 

704 679 502 53 0 0.471281 0 0 0 0 0 0 0 0 0 0 0 0 0 0 0 0 0 0 0 0 0.047619 0.0952381 0.142857 0.142857 0.190476 0.285714 0.0952381 0 0 0 0 0 0 

672 655 496 53 0 0.48855 0 0 0 0 0 0 0 0 0 0 0 0 0 0 0 0 0 0 0 0 0 0.05 0.2 0.2 0.2 0.05 0.2 0.05 0.05 0 0 0 0 

704 679 479 53 0 0.471281 0 0 0 0 0 0 0 0 0 0 0 0 0 0 0 0 0 0 0.047619 0.047619 0.047619 0.142857 0.238095 0.142857 0.142857 0.142857 0.047619 0 0 0 0 0 0 

704 679 494 53 0 0.471281 0 0 0 0 0 0 0 0 0 0 0 0 0 0 0 0 0 0 0.047619 0 0 0.0952381 0.142857 0.238095 0.285714 0.0952381 0.0952381 0 0 0 0 0 0 

704 679 498 53 0 0.471281 0 0 0 0 0 0 0 0 0 0 0 0 0 0 0 0 0 0 0 0.047619 0.047619 0.0952381 0.190476 0.0952381 0.238095 0.0952381 0.142857 0 0.047619 0 0 0 0 

704 679 485 53 0 0.471281 0 0 0 0 0 0 0 0 0 0 0 0 0 0 0 0 0 0 0 0 0 0.142857 0.285714 0.333333 0.190476 0 0.047619 0 0 0 0 0 0 

672 655 483 53 0 0.48855 0 0 0 0 0 0 0 0 0 0 0 0 0 0 0 0 0 0 0 0 0.1 0.05 0.2 0.05 0.25 0.3 0.05 0 0 0 0 0 0 

672 655 483 53 0 0.48855 0 0 0 0 0 0 0 0 0 0 0 0 0 0 0 0 0 0 0 0 0.15 0.05 0.05 0.2 0.25 0.15 0.15 0 0 0 0 0 0 

704 679 504 53 0 0.471281 0 0 0 0 0 0 0 0 0 0 0 0 0 0 0 0 0 0 0 0 0.047619 0.142857 0.047619 0.142857 0.285714 0.190476 0.0952381 0.047619 0 0 0 0 0 

704 680 496 53 0 0.470588 0 0 0 0 0 0 0 0 0 0 0 0 0 0 0 0 0 0 0 0 0.0952381 0.142857 0.0952381 0.238095 0.0952381 0.238095 0.047619 0.047619 0 0 0 0 0 

704 678 485 53 0 0.471976 0 0 0 0 0 0 0 0 0 0 0 0 0 0 0 0 0 0 0 0 0 0.285714 0.142857 0.333333 0 0.190476 0.047619 0 0 0 0 0 0 

672 655 470 53 0 0.48855 0 0 0 0 0 0 0 0 0 0 0 0 0 0 0 0 0 0 0 0.05 0.05 0.25 0 0.35 0.15 0 0.15 0 0 0 0 0 0 

704 680 497 53 0 0.470588 0 0 0 0 0 0 0 0 0 0 0 0 0 0 0 0 0 0 0 0 0 0.142857 0.0952381 0.285714 0.333333 0.0952381 0.047619 0 0 0 0 0 0 

672 657 486 53 0 0.487062 0 0 0 0 0 0 0 0 0 0 0 0 0 0 0 0 0 0 0 0 0.05 0 0.2 0.25 0.3 0.1 0.1 0 0 0 0 0 0 

704 679 496 53 0 0.471281 0 0 0 0 0 0 0 0 0 0 0 0 0 0 0 0 0 0 0 0 0 0.0952381 0.190476 0.238095 0.285714 0.190476 0 0 0 0 0 0 0 

672 655 472 53 0 0.48855 0 0 0 0 0 0 0 0 0 0 0 0 0 0 0 0 0 0 0 0 0 0.2 0.2 0.35 0.15 0 0.1 0 0 0 0 0 0 

672 655 487 53 0 0.48855 0 0 0 0 0 0 0 0 0 0 0 0 0 0 0 0 0 0 0 0 0.05 0.05 0.1 0.3 0.15 0.25 0.1 0 0 0 0 0 0 

704 680 499 53 0 0.470588 0 0 0 0 0 0 0 0 0 0 0 0 0 0 0 0 0 0 0 0 0.047619 0.0952381 0.0952381 0.190476 0.380952 0.142857 0.047619 0 0 0 0 0 0 

704 680 503 53 0 0.470588 0 0 0 0 0 0 0 0 0 0 0 0 0 0 0 0 0 0 0 0 0.047619 0.0952381 0.142857 0.047619 0.333333 0.285714 0.047619 0 0 0 0 0 0 

672 655 484 53 0 0.48855 0 0 0 0 0 0 0 0 0 0 0 0 0 0 0 0 0 0 0 0 0 0.1 0.1 0.35 0.2 0.2 0.05 0 0 0 0 0 0 

768 741 519 53 0 0.431849 0 0 0 0 0 0 0 0 0 0 0 0 0 0 0 0 0 0 0.0434783 0.0869565 0.0869565 0.0434783 0.173913 0.26087 0.173913 0.130435 0 0 0 0 0 0 0 

672 657 484 53 0 0.487062 0 0 0 0 0 0 0 0 0 0 0 0 0 0 0 0 0 0 0 0 0 0.1 0.2 0.15 0.35 0.2 0 0 0 0 0 0 0 

672 657 487 53 0 0.487062 0 0 0 0 0 0 0 0 0 0 0 0 0 0 0 0 0 0 0.05 0 0.05 0.05 0.05 0.2 0.25 0.25 0.1 0 0 0 0 0 0 

672 657 485 53 0 0.487062 0 0 0 0 0 0 0 0 0 0 0 0 0 0 0 0 0 0 0 0 0.05 0.1 0 0.35 0.3 0.15 0.05 0 0 0 0 0 0 

672 657 490 53 0 0.487062 0 0 0 0 0 0 0 0 0 0 0 0 0 0 0 0 0 0 0 0 0 0.05 0.15 0.25 0.25 0.25 0.05 0 0 0 0 0 0 

704 680 487 53 0 0.470588 0 0 0 0 0 0 0 0 0 0 0 0 0 0 0 0 0 0 0 0.0952381 0.0952381 0.0952381 0.047619 0.190476 0.333333 0.0952381 0 0.047619 0 0 0 0 0 

704 679 491 53 0 0.471281 0 0 0 0 0 0 0 0 0 0 0 0 0 0 0 0 0 0.047619 0 0 0.047619 0.142857 0.190476 0.0952381 0.190476 0.0952381 0.190476 0 0 0 0 0 0 

672 655 474 53 0 0.48855 0 0 0 0 0 0 0 0 0 0 0 0 0 0 0 0 0 0 0 0 0 0.2 0.15 0.25 0.35 0 0.05 0 0 0 0 0 0 

704 679 502 53 0 0.471281 0 0 0 0 0 0 0 0 0 0 0 0 0 0 0 0 0 0 0 0 0 0.047619 0.190476 0.190476 0.333333 0.190476 0.047619 0 0 0 0 0 0 

672 657 487 53 0 0.487062 0 0 0 0 0 0 0 0 0 0 0 0 0 0 0 0 0 0 0 0 0 0.1 0.2 0.15 0.35 0.1 0.05 0.05 0 0 0 0 0 

672 655 483 53 0 0.48855 0 0 0 0 0 0 0 0 0 0 0 0 0 0 0 0 0 0 0 0 0 0.1 0.15 0.35 0.15 0.15 0.1 0 0 0 0 0 0 

672 655 483 53 0 0.48855 0 0 0 0 0 0 0 0 0 0 0 0 0 0 0 0 0 0 0 0 0.05 0.15 0.1 0.2 0.25 0.1 0.1 0.05 0 0 0 0 0 

672 655 479 53 0 0.48855 0 0 0 0 0 0 0 0 0 0 0 0 0 0 0 0 0 0 0 0 0 0.15 0.15 0.4 0.1 0.05 0.15 0 0 0 0 0 0 

672 655 485 53 0 0.48855 0 0 0 0 0 0 0 0 0 0 0 0 0 0 0 0 0 0 0 0 0 0 0.2 0.35 0.25 0.15 0.05 0 0 0 0 0 0 

672 656 474 53 0 0.487805 0 0 0 0 0 0 0 0 0 0 0 0 0 0 0 0 0 0 0 0.05 0.1 0.05 0.25 0.15 0.2 0.05 0.15 0 0 0 0 0 0 

672 656 482 53 0 0.487805 0 0 0 0 0 0 0 0 0 0 0 0 0 0 0 0 0 0 0 0.05 0 0.15 0.1 0.25 0.2 0.1 0.1 0.05 0 0 0 0 0 

672 656 471 53 0 0.487805 0 0 0 0 0 0 0 0 0 0 0 0 0 0 0 0 0 0 0 0 0.1 0.2 0.1 0.15 0.35 0.1 0 0 0 0 0 0 0 

704 679 500 53 0 0.471281 0 0 0 0 0 0 0 0 0 0 0 0 0 0 0 0 0 0 0 0 0.047619 0.047619 0.142857 0.238095 0.285714 0.190476 0 0.047619 0 0 0 0 0 

704 679 492 53 0 0.471281 0 0 0 0 0 0 0 0 0 0 0 0 0 0 0 0 0 0 0.047619 0 0.0952381 0 0.0952381 0.285714 0.333333 0.047619 0.0952381 0 0 0 0 0 0 

672 655 474 53 0 0.48855 0 0 0 0 0 0 0 0 0 0 0 0 0 0 0 0 0 0 0 0 0 0.2 0.25 0.15 0.25 0.1 0.05 0 0 0 0 0 0 

704 680 486 53 0 0.470588 0 0 0 0 0 0 0 0 0 0 0 0 0 0 0 0 0 0 0 0.0952381 0 0.047619 0.333333 0.190476 0.190476 0.047619 0.0952381 0 0 0 0 0 0 

672 656 489 53 0 0.487805 0 0 0 0 0 0 0 0 0 0 0 0 0 0 0 0 0 0 0 0 0 0.1 0.15 0.15 0.3 0.2 0.1 0 0 0 0 0 0 

704 679 503 53 0 0.471281 0 0 0 0 0 0 0 0 0 0 0 0 0 0 0 0 0 0 0 0 0.0952381 0 0.190476 0.142857 0.190476 0.285714 0.047619 0.047619 0 0 0 0 0 

672 655 477 53 0 0.48855 0 0 0 0 0 0 0 0 0 0 0 0 0 0 0 0 0 0 0 0 0.15 0.05 0.1 0.25 0.2 0.2 0.05 0 0 0 0 0 0 

704 679 487 53 0 0.471281 0 0 0 0 0 0 0 0 0 0 0 0 0 0 0 0 0 0 0 0 0.047619 0.0952381 0.190476 0.428571 0.0952381 0.142857 0 0 0 0 0 0 0 

704 679 479 53 0 0.471281 0 0 0 0 0 0 0 0 0 0 0 0 0 0 0 0 0 0 0 0.047619 0.047619 0.285714 0.047619 0.285714 0.190476 0.047619 0.047619 0 0 0 0 0 0 

672 655 481 53 0 0.48855 0 0 0 0 0 0 0 0 0 0 0 0 0 0 0 0 0 0 0 0.05 0 0.05 0.1 0.4 0.15 0.2 0.05 0 0 0 0 0 0 

672 655 477 53 0 0.48855 0 0 0 0 0 0 0 0 0 0 0 0 0 0 0 0 0 0 0.05 0 0.05 0 0.2 0.3 0.2 0.1 0.1 0 0 0 0 0 0 

672 655 480 53 0 0.48855 0 0 0 0 0 0 0 0 0 0 0 0 0 0 0 0 0 0 0 0.05 0 0.1 0.15 0.3 0.1 0.2 0.1 0 0 0 0 0 0 

672 655 484 53 0 0.48855 0 0 0 0 0 0 0 0 0 0 0 0 0 0 0 0 0 0 0 0.05 0 0 0.1 0.3 0.45 0.05 0 0.05 0 0 0 0 0 

672 655 482 53 0 0.48855 0 0 0 0 0 0 0 0 0 0 0 0 0 0 0 0 0 0 0 0 0.05 0.1 0.15 0.25 0.15 0.2 0.1 0 0 0 0 0 0 

672 655 480 53 0 0.48855 0 0 0 0 0 0 0 0 0 0 0 0 0 0 0 0 0 0 0 0 0 0.1 0.35 0.15 0.15 0.15 0.05 0.05 0 0 0 0 0 

