1024 1013 749 75 0 0.631787 0 0 0 0 0 0 0 0 0 0 0 0 0 0 0 0 0 0 0 0.0322581 0.0645161 0.129032 0.0967742 0.16129 0.129032 0.129032 0.258065 0 0 0 0 0 0 

1024 1006 733 75 0 0.636183 0 0 0 0 0 0 0 0 0 0 0 0 0 0 0 0 0 0 0 0 0.0322581 0.129032 0.16129 0.225806 0.225806 0.193548 0.0322581 0 0 0 0 0 0 

1024 1006 733 75 0 0.636183 0 0 0 0 0 0 0 0 0 0 0 0 0 0 0 0 0 0 0 0.0322581 0.0645161 0.0645161 0.290323 0.0967742 0.16129 0.129032 0.129032 0.0322581 0 0 0 0 0 

1024 1008 714 75 0 0.634921 0 0 0 0 0 0 0 0 0 0 0 0 0 0 0 0 0.0322581 0 0 0.0322581 0 0.193548 0.193548 0.16129 0.322581 0.0645161 0 0 0 0 0 0 0 

1024 1008 728 75 0 0.634921 0 0 0 0 0 0 0 0 0 0 0 0 0 0 0 0 0 0 0 0 0.16129 0.0645161 0.0967742 0.258065 0.225806 0.129032 0.0645161 0 0 0 0 0 0 

1024 1008 731 75 0 0.634921 0 0 0 0 0 0 0 0 0 0 0 0 0 0 0 0 0 0 0 0.0322581 0.0645161 0.0967742 0.0967742 0.290323 0.193548 0.193548 0.0322581 0 0 0 0 0 0 

1024 1008 734 75 0 0.634921 0 0 0 0 0 0 0 0 0 0 0 0 0 0 0 0 0 0 0 0 0.0322581 0.16129 0.258065 0.0645161 0.290323 0.0645161 0.0967742 0.0322581 0 0 0 0 0 

1024 1008 742 75 0 0.634921 0 0 0 0 0 0 0 0 0 0 0 0 0 0 0 0 0 0 0 0 0.0322581 0.0645161 0.16129 0.322581 0.193548 0.129032 0.0645161 0 0.0322581 0 0 0 0 

1024 1009 743 75 0 0.634291 0 0 0 0 0 0 0 0 0 0 0 0 0 0 0 0 0 0 0 0 0 0.129032 0.16129 0.225806 0.193548 0.225806 0.0645161 0 0 0 0 0 0 

1024 1007 759 75 0 0.635551 0 0 0 0 0 0 0 0 0 0 0 0 0 0 0 0 0 0 0 0 0 0.0645161 0.193548 0.0967742 0.16129 0.322581 0.129032 0.0322581 0 0 0 0 0 

1024 1008 722 75 0 0.634921 0 0 0 0 0 0 0 0 0 0 0 0 0 0 0 0 0 0 0.0322581 0.0645161 0.0967742 0.0645161 0.0967742 0.258065 0.16129 0.129032 0.0967742 0 0 0 0 0 0 

1024 1001 718 75 0 0.639361 0 0 0 0 0 0 0 0 0 0 0 0 0 0 0 0 0 0 0 0 0.0967742 0.0645161 0.16129 0.354839 0.225806 0.0645161 0.0322581 0 0 0 0 0 0 

1024 1010 745 75 0 0.633663 0 0 0 0 0 0 0 0 0 0 0 0 0 0 0 0 0 0 0 0 0.0967742 0.0322581 0.0967742 0.290323 0.16129 0.258065 0.0322581 0.0322581 0 0 0 0 0 

1024 1008 754 75 0 0.634921 0 0 0 0 0 0 0 0 0 0 0 0 0 0 0 0 0 0 0 0 0 0.0322581 0.225806 0.129032 0.290323 0.193548 0.0967742 0.0322581 0 0 0 0 0 

1024 1008 732 75 0 0.634921 0 0 0 0 0 0 0 0 0 0 0 0 0 0 0 0 0 0 0 0.0322581 0.0322581 0.0645161 0.258065 0.225806 0.193548 0.0645161 0.129032 0 0 0 0 0 0 

1024 1008 733 75 0 0.634921 0 0 0 0 0 0 0 0 0 0 0 0 0 0 0 0 0 0 0 0 0.0967742 0.129032 0.0967742 0.225806 0.225806 0.16129 0.0322581 0.0322581 0 0 0 0 0 

1056 1031 751 75 0 0.620757 0 0 0 0 0 0 0 0 0 0 0 0 0 0 0 0 0.03125 0 0 0.03125 0.0625 0.09375 0.0625 0.09375 0.3125 0.21875 0.09375 0 0 0 0 0 0 

992 967 725 75 0 0.661841 0 0 0 0 0 0 0 0 0 0 0 0 0 0 0 0 0 0 0 0 0 0.0333333 0.133333 0.233333 0.266667 0.166667 0.133333 0.0333333 0 0 0 0 0 

1024 1008 731 75 0 0.634921 0 0 0 0 0 0 0 0 0 0 0 0 0 0 0 0 0 0 0 0.0322581 0.0645161 0.0967742 0.16129 0.193548 0.225806 0.16129 0.0645161 0 0 0 0 0 0 

1024 1008 734 75 0 0.634921 0 0 0 0 0 0 0 0 0 0 0 0 0 0 0 0 0 0 0 0 0 0.0645161 0.258065 0.258065 0.290323 0.129032 0 0 0 0 0 0 0 

1024 1008 743 75 0 0.634921 0 0 0 0 0 0 0 0 0 0 0 0 0 0 0 0 0 0 0 0.0322581 0.0322581 0.0645161 0.129032 0.193548 0.225806 0.258065 0.0645161 0 0 0 0 0 0 

