576 567 407 53 0 0.564374 0 0 0 0 0 0 0 0 0 0 0 0 0 0 0 0 0 0 0.0588235 0 0.0588235 0.117647 0.294118 0.117647 0.117647 0.235294 0 0 0 0 0 0 0 

576 565 416 53 0 0.566372 0 0 0 0 0 0 0 0 0 0 0 0 0 0 0 0 0 0 0 0.0588235 0 0.0588235 0.235294 0.117647 0.352941 0.0588235 0.117647 0 0 0 0 0 0 

544 528 388 53 0 0.606061 0 0 0 0 0 0 0 0 0 0 0 0 0 0 0 0 0 0 0 0 0.0625 0 0.25 0.3125 0.1875 0.125 0 0.0625 0 0 0 0 0 

576 565 418 53 0 0.566372 0 0 0 0 0 0 0 0 0 0 0 0 0 0 0 0 0 0 0 0 0.117647 0.0588235 0.0588235 0.294118 0.117647 0.294118 0.0588235 0 0 0 0 0 0 

576 565 419 53 0 0.566372 0 0 0 0 0 0 0 0 0 0 0 0 0 0 0 0 0 0 0 0 0 0.0588235 0.352941 0.117647 0.117647 0.294118 0.0588235 0 0 0 0 0 0 

672 652 471 53 0 0.490798 0 0 0 0 0 0 0 0 0 0 0 0 0 0 0 0 0 0 0 0 0.2 0 0.15 0.3 0.15 0.1 0.05 0.05 0 0 0 0 0 

544 527 397 53 0 0.607211 0 0 0 0 0 0 0 0 0 0 0 0 0 0 0 0 0 0 0 0.0625 0 0 0.125 0.25 0.1875 0.125 0.1875 0.0625 0 0 0 0 0 

544 530 402 53 0 0.603774 0 0 0 0 0 0 0 0 0 0 0 0 0 0 0 0 0 0 0 0 0 0 0.125 0.25 0.375 0.125 0 0.125 0 0 0 0 0 

576 565 424 53 0 0.566372 0 0 0 0 0 0 0 0 0 0 0 0 0 0 0 0 0 0 0 0.0588235 0 0.0588235 0.117647 0.117647 0.294118 0.176471 0.176471 0 0 0 0 0 0 

576 565 419 53 0 0.566372 0 0 0 0 0 0 0 0 0 0 0 0 0 0 0 0 0 0 0 0 0 0.0588235 0.294118 0.235294 0.117647 0.176471 0.117647 0 0 0 0 0 0 

576 565 409 53 0 0.566372 0 0 0 0 0 0 0 0 0 0 0 0 0 0 0 0 0 0 0 0 0.0588235 0.176471 0.176471 0.235294 0.235294 0.0588235 0.0588235 0 0 0 0 0 0 

576 565 414 53 0 0.566372 0 0 0 0 0 0 0 0 0 0 0 0 0 0 0 0 0 0 0 0 0.0588235 0.117647 0.117647 0.352941 0.117647 0.176471 0.0588235 0 0 0 0 0 0 

576 565 413 53 0 0.566372 0 0 0 0 0 0 0 0 0 0 0 0 0 0 0 0 0 0 0 0 0 0.117647 0.235294 0.294118 0.176471 0.176471 0 0 0 0 0 0 0 

544 527 401 53 0 0.607211 0 0 0 0 0 0 0 0 0 0 0 0 0 0 0 0 0 0 0 0 0 0.0625 0.0625 0.0625 0.375 0.375 0.0625 0 0 0 0 0 0 

576 565 420 53 0 0.566372 0 0 0 0 0 0 0 0 0 0 0 0 0 0 0 0 0 0 0 0 0 0 0.117647 0.411765 0.352941 0.117647 0 0 0 0 0 0 0 

576 565 421 53 0 0.566372 0 0 0 0 0 0 0 0 0 0 0 0 0 0 0 0 0 0 0 0.0588235 0.0588235 0 0.0588235 0.235294 0.235294 0.294118 0.0588235 0 0 0 0 0 0 

672 648 467 53 0 0.493827 0 0 0 0 0 0 0 0 0 0 0 0 0 0 0 0 0 0 0 0.05 0.1 0.05 0.1 0.2 0.4 0.05 0.05 0 0 0 0 0 0 

576 567 418 53 0 0.564374 0 0 0 0 0 0 0 0 0 0 0 0 0 0 0 0 0 0 0 0 0 0.0588235 0.294118 0.235294 0.176471 0.235294 0 0 0 0 0 0 0 

672 648 458 53 0 0.493827 0 0 0 0 0 0 0 0 0 0 0 0 0 0 0 0 0 0 0 0 0.1 0.1 0.45 0.1 0.1 0.1 0.05 0 0 0 0 0 0 

672 648 467 53 0 0.493827 0 0 0 0 0 0 0 0 0 0 0 0 0 0 0 0 0 0 0.05 0.05 0 0.1 0.1 0.3 0.2 0.1 0.1 0 0 0 0 0 0 

672 652 467 53 0 0.490798 0 0 0 0 0 0 0 0 0 0 0 0 0 0 0 0 0 0.05 0.05 0 0.1 0.1 0.15 0.1 0.1 0.2 0.15 0 0 0 0 0 0 

544 527 404 53 0 0.607211 0 0 0 0 0 0 0 0 0 0 0 0 0 0 0 0 0 0 0 0 0 0 0.125 0.0625 0.375 0.25 0.1875 0 0 0 0 0 0 

576 565 426 53 0 0.566372 0 0 0 0 0 0 0 0 0 0 0 0 0 0 0 0 0 0 0 0 0 0 0.235294 0.235294 0.176471 0.235294 0.0588235 0.0588235 0 0 0 0 0 

576 567 416 53 0 0.564374 0 0 0 0 0 0 0 0 0 0 0 0 0 0 0 0 0 0 0 0 0.117647 0.0588235 0.176471 0.0588235 0.411765 0.176471 0 0 0 0 0 0 0 

672 648 454 53 0 0.493827 0 0 0 0 0 0 0 0 0 0 0 0 0 0 0 0 0 0.05 0 0.05 0.1 0.05 0.25 0.15 0.25 0.1 0 0 0 0 0 0 0 

576 567 420 53 0 0.564374 0 0 0 0 0 0 0 0 0 0 0 0 0 0 0 0 0 0 0 0 0.0588235 0 0.235294 0.235294 0.176471 0.294118 0 0 0 0 0 0 0 

576 565 404 53 0 0.566372 0 0 0 0 0 0 0 0 0 0 0 0 0 0 0 0 0 0 0 0.117647 0.0588235 0.235294 0 0.176471 0.235294 0.117647 0.0588235 0 0 0 0 0 0 

576 565 399 53 0 0.566372 0 0 0 0 0 0 0 0 0 0 0 0 0 0 0 0 0 0 0 0.0588235 0.0588235 0.294118 0.176471 0.117647 0.176471 0.117647 0 0 0 0 0 0 0 

576 565 414 53 0 0.566372 0 0 0 0 0 0 0 0 0 0 0 0 0 0 0 0 0 0 0 0 0.0588235 0.235294 0.117647 0.117647 0.294118 0.0588235 0 0.117647 0 0 0 0 0 

576 565 413 53 0 0.566372 0 0 0 0 0 0 0 0 0 0 0 0 0 0 0 0 0 0 0 0.0588235 0 0 0.235294 0.235294 0.411765 0.0588235 0 0 0 0 0 0 0 

544 527 395 53 0 0.607211 0 0 0 0 0 0 0 0 0 0 0 0 0 0 0 0 0 0 0 0 0.0625 0.0625 0.0625 0.125 0.3125 0.3125 0.0625 0 0 0 0 0 0 

576 567 412 53 0 0.564374 0 0 0 0 0 0 0 0 0 0 0 0 0 0 0 0 0 0 0 0 0.0588235 0.0588235 0.176471 0.352941 0.352941 0 0 0 0 0 0 0 0 

576 567 422 53 0 0.564374 0 0 0 0 0 0 0 0 0 0 0 0 0 0 0 0 0 0 0 0 0 0.117647 0.176471 0.294118 0.117647 0.176471 0.0588235 0.0588235 0 0 0 0 0 

576 565 419 53 0 0.566372 0 0 0 0 0 0 0 0 0 0 0 0 0 0 0 0 0 0 0 0 0 0.0588235 0.176471 0.352941 0.117647 0.294118 0 0 0 0 0 0 0 

576 565 419 53 0 0.566372 0 0 0 0 0 0 0 0 0 0 0 0 0 0 0 0 0 0 0 0 0.0588235 0 0.235294 0.117647 0.411765 0.117647 0.0588235 0 0 0 0 0 0 

576 565 412 53 0 0.566372 0 0 0 0 0 0 0 0 0 0 0 0 0 0 0 0 0 0 0 0.0588235 0 0.0588235 0.235294 0.235294 0.235294 0.176471 0 0 0 0 0 0 0 

544 527 386 53 0 0.607211 0 0 0 0 0 0 0 0 0 0 0 0 0 0 0 0 0 0 0 0.0625 0.125 0 0.25 0.0625 0.1875 0.1875 0.0625 0 0.0625 0 0 0 0 

672 648 474 53 0 0.493827 0 0 0 0 0 0 0 0 0 0 0 0 0 0 0 0 0 0 0 0 0.05 0.05 0.1 0.45 0.05 0.3 0 0 0 0 0 0 0 

576 563 412 53 0 0.568384 0 0 0 0 0 0 0 0 0 0 0 0 0 0 0 0 0 0 0 0 0.0588235 0.176471 0.176471 0.0588235 0.235294 0.294118 0 0 0 0 0 0 0 

544 527 391 53 0 0.607211 0 0 0 0 0 0 0 0 0 0 0 0 0 0 0 0 0 0 0 0 0 0 0.3125 0.25 0.1875 0.125 0.125 0 0 0 0 0 0 

672 648 470 53 0 0.493827 0 0 0 0 0 0 0 0 0 0 0 0 0 0 0 0 0 0 0 0 0.1 0.15 0.1 0.25 0.15 0.1 0.15 0 0 0 0 0 0 

576 567 415 53 0 0.564374 0 0 0 0 0 0 0 0 0 0 0 0 0 0 0 0 0 0 0 0 0 0.117647 0.235294 0.176471 0.411765 0.0588235 0 0 0 0 0 0 0 

672 648 465 53 0 0.493827 0 0 0 0 0 0 0 0 0 0 0 0 0 0 0 0 0 0 0 0.05 0.1 0.1 0.15 0.15 0.3 0.05 0.1 0 0 0 0 0 0 

576 565 411 53 0 0.566372 0 0 0 0 0 0 0 0 0 0 0 0 0 0 0 0 0 0 0.0588235 0 0.0588235 0.0588235 0.294118 0.0588235 0.176471 0.235294 0.0588235 0 0 0 0 0 0 

576 565 413 53 0 0.566372 0 0 0 0 0 0 0 0 0 0 0 0 0 0 0 0 0 0 0 0.117647 0 0 0.235294 0.294118 0.176471 0 0.117647 0.0588235 0 0 0 0 0 

576 565 406 53 0 0.566372 0 0 0 0 0 0 0 0 0 0 0 0 0 0 0 0 0 0 0 0.117647 0 0.117647 0.176471 0.235294 0.235294 0.0588235 0.0588235 0 0 0 0 0 0 

672 648 469 53 0 0.493827 0 0 0 0 0 0 0 0 0 0 0 0 0 0 0 0 0 0 0.05 0 0 0.1 0.3 0.15 0.15 0.15 0.05 0.05 0 0 0 0 0 

576 564 423 53 0 0.567376 0 0 0 0 0 0 0 0 0 0 0 0 0 0 0 0 0 0 0 0 0.0588235 0 0.176471 0.117647 0.411765 0.0588235 0.176471 0 0 0 0 0 0 

576 565 404 53 0 0.566372 0 0 0 0 0 0 0 0 0 0 0 0 0 0 0 0 0 0 0 0 0.0588235 0.176471 0.294118 0.176471 0.235294 0.0588235 0 0 0 0 0 0 0 

576 567 426 53 0 0.564374 0 0 0 0 0 0 0 0 0 0 0 0 0 0 0 0 0 0 0 0 0 0.0588235 0.176471 0.235294 0.235294 0.117647 0.176471 0 0 0 0 0 0 

544 527 387 53 0 0.607211 0 0 0 0 0 0 0 0 0 0 0 0 0 0 0 0 0 0 0 0 0.125 0.0625 0.125 0.25 0.1875 0.0625 0.1875 0 0 0 0 0 0 

672 648 460 53 0 0.493827 0 0 0 0 0 0 0 0 0 0 0 0 0 0 0 0 0 0 0 0.05 0.05 0.1 0.2 0.35 0.15 0.1 0 0 0 0 0 0 0 

576 565 424 53 0 0.566372 0 0 0 0 0 0 0 0 0 0 0 0 0 0 0 0 0 0 0 0 0 0.0588235 0.176471 0.117647 0.411765 0.117647 0.117647 0 0 0 0 0 0 

672 652 484 53 0 0.490798 0 0 0 0 0 0 0 0 0 0 0 0 0 0 0 0 0.05 0 0 0 0 0 0.2 0.1 0.3 0.25 0.05 0.05 0 0 0 0 0 

544 527 389 53 0 0.607211 0 0 0 0 0 0 0 0 0 0 0 0 0 0 0 0 0 0 0 0 0.0625 0.0625 0.1875 0.25 0.1875 0.0625 0.1875 0 0 0 0 0 0 

672 648 476 53 0 0.493827 0 0 0 0 0 0 0 0 0 0 0 0 0 0 0 0 0 0 0 0 0.05 0.05 0.1 0.25 0.35 0.2 0 0 0 0 0 0 0 

576 565 420 53 0 0.566372 0 0 0 0 0 0 0 0 0 0 0 0 0 0 0 0 0 0 0 0 0 0.117647 0.117647 0.294118 0.176471 0.235294 0.0588235 0 0 0 0 0 0 

576 567 419 53 0 0.564374 0 0 0 0 0 0 0 0 0 0 0 0 0 0 0 0 0 0 0 0.0588235 0 0 0.176471 0.352941 0.176471 0.176471 0.0588235 0 0 0 0 0 0 

576 565 411 53 0 0.566372 0 0 0 0 0 0 0 0 0 0 0 0 0 0 0 0 0 0 0 0 0 0.176471 0.176471 0.235294 0.352941 0.0588235 0 0 0 0 0 0 0 

544 530 396 53 0 0.603774 0 0 0 0 0 0 0 0 0 0 0 0 0 0 0 0 0 0 0 0 0.0625 0.0625 0.1875 0.1875 0.125 0.25 0 0.125 0 0 0 0 0 

576 567 412 53 0 0.564374 0 0 0 0 0 0 0 0 0 0 0 0 0 0 0 0 0 0 0 0 0.176471 0 0.117647 0.411765 0.117647 0.117647 0.0588235 0 0 0 0 0 0 

576 565 417 53 0 0.566372 0 0 0 0 0 0 0 0 0 0 0 0 0 0 0 0 0 0 0 0 0 0.117647 0.176471 0.235294 0.235294 0.235294 0 0 0 0 0 0 0 

544 527 381 53 0 0.607211 0 0 0 0 0 0 0 0 0 0 0 0 0 0 0 0 0 0 0 0.0625 0.125 0.125 0.0625 0.1875 0.25 0.0625 0.0625 0.0625 0 0 0 0 0 

576 565 417 53 0 0.566372 0 0 0 0 0 0 0 0 0 0 0 0 0 0 0 0 0 0 0 0 0.0588235 0.0588235 0.176471 0.176471 0.411765 0.0588235 0 0.0588235 0 0 0 0 0 

576 565 414 53 0 0.566372 0 0 0 0 0 0 0 0 0 0 0 0 0 0 0 0 0 0 0 0 0 0.176471 0.235294 0.176471 0.176471 0.176471 0.0588235 0 0 0 0 0 0 

576 565 411 53 0 0.566372 0 0 0 0 0 0 0 0 0 0 0 0 0 0 0 0 0 0 0 0.0588235 0 0.117647 0.0588235 0.411765 0.235294 0.117647 0 0 0 0 0 0 0 

576 567 412 53 0 0.564374 0 0 0 0 0 0 0 0 0 0 0 0 0 0 0 0 0 0 0.0588235 0 0.0588235 0 0.294118 0.294118 0.0588235 0.117647 0.117647 0 0 0 0 0 0 

576 567 421 53 0 0.564374 0 0 0 0 0 0 0 0 0 0 0 0 0 0 0 0 0 0 0 0 0 0.117647 0.117647 0.176471 0.411765 0.176471 0 0 0 0 0 0 0 

576 565 418 53 0 0.566372 0 0 0 0 0 0 0 0 0 0 0 0 0 0 0 0 0 0 0 0 0.0588235 0.0588235 0.117647 0.235294 0.352941 0.117647 0.0588235 0 0 0 0 0 0 

576 565 413 53 0 0.566372 0 0 0 0 0 0 0 0 0 0 0 0 0 0 0 0 0 0.0588235 0 0 0 0.0588235 0.176471 0.176471 0.411765 0.0588235 0.0588235 0 0 0 0 0 0 

576 564 417 53 0 0.567376 0 0 0 0 0 0 0 0 0 0 0 0 0 0 0 0 0 0 0 0 0.117647 0 0.117647 0.235294 0.294118 0.176471 0.0588235 0 0 0 0 0 0 

576 565 422 53 0 0.566372 0 0 0 0 0 0 0 0 0 0 0 0 0 0 0 0 0 0 0 0 0 0.0588235 0.235294 0.235294 0.176471 0.176471 0.0588235 0.0588235 0 0 0 0 0 

544 528 386 53 0 0.606061 0 0 0 0 0 0 0 0 0 0 0 0 0 0 0 0 0 0 0 0.0625 0 0.125 0.1875 0.125 0.3125 0.0625 0.125 0 0 0 0 0 0 

544 526 391 53 0 0.608365 0 0 0 0 0 0 0 0 0 0 0 0 0 0 0 0 0 0 0 0.0625 0.0625 0 0.125 0.125 0.1875 0.375 0.0625 0 0 0 0 0 0 

544 528 381 53 0 0.606061 0 0 0 0 0 0 0 0 0 0 0 0 0 0 0 0 0 0 0 0 0.0625 0.1875 0.1875 0.1875 0.25 0.0625 0.0625 0 0 0 0 0 0 

544 527 390 53 0 0.607211 0 0 0 0 0 0 0 0 0 0 0 0 0 0 0 0 0 0 0 0 0.0625 0.0625 0.3125 0.0625 0.1875 0.125 0.125 0.0625 0 0 0 0 0 

576 565 411 53 0 0.566372 0 0 0 0 0 0 0 0 0 0 0 0 0 0 0 0 0 0.0588235 0 0 0 0.0588235 0.235294 0.235294 0.176471 0.235294 0 0 0 0 0 0 0 

576 565 417 53 0 0.566372 0 0 0 0 0 0 0 0 0 0 0 0 0 0 0 0 0 0 0 0 0.0588235 0.0588235 0.176471 0.235294 0.294118 0.0588235 0.117647 0 0 0 0 0 0 

576 564 414 53 0 0.567376 0 0 0 0 0 0 0 0 0 0 0 0 0 0 0 0 0 0 0 0 0.0588235 0.176471 0.0588235 0.294118 0.235294 0.0588235 0.0588235 0.0588235 0 0 0 0 0 

576 565 411 53 0 0.566372 0 0 0 0 0 0 0 0 0 0 0 0 0 0 0 0 0 0 0 0.0588235 0.0588235 0.176471 0.0588235 0.235294 0.176471 0.117647 0.117647 0 0 0 0 0 0 

672 648 478 53 0 0.493827 0 0 0 0 0 0 0 0 0 0 0 0 0 0 0 0 0 0 0 0.05 0 0 0.15 0.25 0.25 0.3 0 0 0 0 0 0 0 

576 565 420 53 0 0.566372 0 0 0 0 0 0 0 0 0 0 0 0 0 0 0 0 0 0 0 0 0 0.0588235 0.235294 0.352941 0.117647 0.0588235 0.117647 0.0588235 0 0 0 0 0 

576 565 413 53 0 0.566372 0 0 0 0 0 0 0 0 0 0 0 0 0 0 0 0 0 0 0 0.0588235 0 0.0588235 0.176471 0.411765 0.176471 0 0.0588235 0.0588235 0 0 0 0 0 

576 567 422 53 0 0.564374 0 0 0 0 0 0 0 0 0 0 0 0 0 0 0 0 0 0 0 0 0.117647 0.117647 0.0588235 0.235294 0.176471 0.117647 0.0588235 0.0588235 0.0588235 0 0 0 0 

576 565 421 53 0 0.566372 0 0 0 0 0 0 0 0 0 0 0 0 0 0 0 0 0 0 0 0.0588235 0 0 0.117647 0.235294 0.294118 0.294118 0 0 0 0 0 0 0 

576 565 406 53 0 0.566372 0 0 0 0 0 0 0 0 0 0 0 0 0 0 0 0 0 0 0 0 0.117647 0.117647 0.117647 0.352941 0.235294 0.0588235 0 0 0 0 0 0 0 

544 528 376 53 0 0.606061 0 0 0 0 0 0 0 0 0 0 0 0 0 0 0 0 0 0 0 0.0625 0 0.25 0.1875 0.1875 0.25 0 0.0625 0 0 0 0 0 0 

672 648 477 53 0 0.493827 0 0 0 0 0 0 0 0 0 0 0 0 0 0 0 0 0 0 0 0 0.15 0 0.2 0.15 0.15 0.15 0.15 0.05 0 0 0 0 0 

544 528 392 53 0 0.606061 0 0 0 0 0 0 0 0 0 0 0 0 0 0 0 0 0 0 0 0.0625 0 0.0625 0.1875 0.125 0.1875 0.25 0.125 0 0 0 0 0 0 

544 530 404 53 0 0.603774 0 0 0 0 0 0 0 0 0 0 0 0 0 0 0 0 0 0 0 0 0 0.0625 0.125 0.25 0.1875 0.1875 0 0.125 0.0625 0 0 0 0 

576 565 418 53 0 0.566372 0 0 0 0 0 0 0 0 0 0 0 0 0 0 0 0 0 0 0 0 0 0.0588235 0.235294 0.294118 0.176471 0.176471 0.0588235 0 0 0 0 0 0 

576 565 409 53 0 0.566372 0 0 0 0 0 0 0 0 0 0 0 0 0 0 0 0 0 0 0 0.117647 0.0588235 0.117647 0.0588235 0.235294 0.235294 0.0588235 0.0588235 0.0588235 0 0 0 0 0 

576 565 403 53 0 0.566372 0 0 0 0 0 0 0 0 0 0 0 0 0 0 0 0 0 0 0 0.0588235 0.0588235 0.176471 0.117647 0.352941 0.117647 0.117647 0 0 0 0 0 0 0 

576 567 405 53 0 0.564374 0 0 0 0 0 0 0 0 0 0 0 0 0 0 0 0 0 0 0 0.0588235 0.117647 0 0.294118 0.294118 0.176471 0 0.0588235 0 0 0 0 0 0 

576 565 420 53 0 0.566372 0 0 0 0 0 0 0 0 0 0 0 0 0 0 0 0 0 0 0 0 0 0 0.352941 0.176471 0.176471 0.235294 0.0588235 0 0 0 0 0 0 

576 565 420 53 0 0.566372 0 0 0 0 0 0 0 0 0 0 0 0 0 0 0 0 0 0 0 0 0 0.0588235 0.294118 0.176471 0.176471 0.235294 0 0.0588235 0 0 0 0 0 

576 565 417 53 0 0.566372 0 0 0 0 0 0 0 0 0 0 0 0 0 0 0 0 0 0 0 0 0.117647 0 0.117647 0.294118 0.235294 0.176471 0.0588235 0 0 0 0 0 0 

544 527 382 53 0 0.607211 0 0 0 0 0 0 0 0 0 0 0 0 0 0 0 0 0 0 0 0 0 0.0625 0.5 0.125 0.125 0.125 0.0625 0 0 0 0 0 0 

576 565 431 53 0 0.566372 0 0 0 0 0 0 0 0 0 0 0 0 0 0 0 0 0 0 0 0.0588235 0 0 0.0588235 0.176471 0.176471 0.352941 0.176471 0 0 0 0 0 0 

576 565 402 53 0 0.566372 0 0 0 0 0 0 0 0 0 0 0 0 0 0 0 0 0 0 0.0588235 0.0588235 0.0588235 0.176471 0.117647 0.176471 0.176471 0.117647 0.0588235 0 0 0 0 0 0 

