1440 1421 1029 84 0 0.562984 0 0 0 0 0 0 0 0 0 0 0 0 0 0 0 0 0 0 0 0 0.0681818 0.136364 0.204545 0.181818 0.181818 0.136364 0.0454545 0.0454545 0 0 0 0 0 

1344 1332 949 84 0 0.600601 0 0 0 0 0 0 0 0 0 0 0 0 0 0 0 0 0 0 0.0243902 0 0.0731707 0.121951 0.292683 0.146341 0.195122 0.097561 0.0487805 0 0 0 0 0 0 

1088 1073 802 70 0 0.745573 0 0 0 0 0 0 0 0 0 0 0 0 0 0 0 0 0 0 0 0 0.0606061 0.0606061 0.181818 0.151515 0.151515 0.121212 0.212121 0.0606061 0 0 0 0 0 

1376 1356 978 84 0 0.589971 0 0 0 0 0 0 0 0 0 0 0 0 0 0 0 0 0 0 0 0.0238095 0.0238095 0.142857 0.166667 0.261905 0.190476 0.142857 0.047619 0 0 0 0 0 0 

1376 1345 978 84 0 0.594796 0 0 0 0 0 0 0 0 0 0 0 0 0 0 0 0 0 0 0.0238095 0.0238095 0 0.047619 0.214286 0.238095 0.190476 0.214286 0.0238095 0.0238095 0 0 0 0 0 

1504 1487 1090 84 0 0.537996 0 0 0 0 0 0 0 0 0 0 0 0 0 0 0 0 0 0 0 0.0217391 0.0652174 0.0217391 0.130435 0.217391 0.347826 0.130435 0.0434783 0.0217391 0 0 0 0 0 

1344 1330 958 84 0 0.601504 0 0 0 0 0 0 0 0 0 0 0 0 0 0 0 0 0 0 0 0.0243902 0.121951 0.0731707 0.170732 0.219512 0.170732 0.146341 0.0487805 0.0243902 0 0 0 0 0 

1440 1414 1028 84 0 0.565771 0 0 0 0 0 0 0 0 0 0 0 0 0 0 0 0 0 0 0 0.0227273 0.0454545 0.0681818 0.136364 0.227273 0.272727 0.227273 0 0 0 0 0 0 0 

1088 1079 802 79 0 0.741427 0 0 0 0 0 0 0 0 0 0 0 0 0 0 0 0 0 0 0 0 0 0.0606061 0.151515 0.212121 0.333333 0.181818 0.0606061 0 0 0 0 0 0 

1536 1516 1099 84 0 0.527704 0 0 0 0 0 0 0 0 0 0 0 0 0 0 0 0 0 0 0 0 0.12766 0.0851064 0.106383 0.319149 0.106383 0.106383 0.12766 0.0212766 0 0 0 0 0 

1248 1220 897 84 0 0.655738 0 0 0 0 0 0 0 0 0 0 0 0 0 0 0 0 0 0 0 0 0.0526316 0.0263158 0.157895 0.236842 0.289474 0.131579 0.105263 0 0 0 0 0 0 

1120 1091 804 75 0 0.733272 0 0 0 0 0 0 0 0 0 0 0 0 0 0 0 0 0 0 0 0 0.0294118 0.0882353 0.0882353 0.264706 0.323529 0.0294118 0.176471 0 0 0 0 0 0 

1120 1095 801 58 0 0.730594 0 0 0 0 0 0 0 0 0 0 0 0 0 0 0 0 0 0 0 0 0 0.0882353 0.176471 0.294118 0.176471 0.264706 0 0 0 0 0 0 0 

1760 1750 1256 84 0 0.457143 0 0 0 0 0 0 0 0 0 0 0 0 0 0 0 0 0 0.0185185 0 0.037037 0 0.111111 0.166667 0.314815 0.222222 0.111111 0.0185185 0 0 0 0 0 0 

1120 1103 801 58 0 0.725295 0 0 0 0 0 0 0 0 0 0 0 0 0 0 0 0 0 0 0 0.0588235 0.0882353 0.0294118 0.176471 0.117647 0.294118 0.176471 0.0294118 0.0294118 0 0 0 0 0 

1152 1131 837 84 0 0.707339 0 0 0 0 0 0 0 0 0 0 0 0 0 0 0 0 0 0 0 0 0.0285714 0.0857143 0.114286 0.2 0.285714 0.2 0.0571429 0.0285714 0 0 0 0 0 

1376 1358 984 84 0 0.589102 0 0 0 0 0 0 0 0 0 0 0 0 0 0 0 0 0.0238095 0 0 0.0238095 0.0714286 0.0238095 0.190476 0.166667 0.285714 0.142857 0.047619 0.0238095 0 0 0 0 0 

1376 1364 983 84 0 0.58651 0 0 0 0 0 0 0 0 0 0 0 0 0 0 0 0 0 0.0238095 0.0238095 0 0.0238095 0.166667 0.190476 0.166667 0.142857 0.190476 0.047619 0 0.0238095 0 0 0 0 

1600 1571 1147 84 0 0.50923 0 0 0 0 0 0 0 0 0 0 0 0 0 0 0 0 0 0 0 0.0408163 0.0408163 0.0816327 0.102041 0.163265 0.306122 0.204082 0.0612245 0 0 0 0 0 0 

1120 1091 802 69 0 0.733272 0 0 0 0 0 0 0 0 0 0 0 0 0 0 0 0 0 0 0 0 0.0588235 0.0588235 0.0588235 0.294118 0.235294 0.264706 0.0294118 0 0 0 0 0 0 

1376 1363 1000 84 0 0.586941 0 0 0 0 0 0 0 0 0 0 0 0 0 0 0 0 0 0 0 0 0.0714286 0.166667 0.0714286 0.166667 0.214286 0.166667 0.142857 0 0 0 0 0 0 

1344 1314 968 84 0 0.608828 0 0 0 0 0 0 0 0 0 0 0 0 0 0 0 0 0 0 0 0.0487805 0.0487805 0.0487805 0.097561 0.195122 0.243902 0.146341 0.121951 0.0487805 0 0 0 0 0 

1440 1416 1030 84 0 0.564972 0 0 0 0 0 0 0 0 0 0 0 0 0 0 0 0 0 0 0 0 0.0681818 0.113636 0.181818 0.204545 0.181818 0.136364 0.0681818 0.0454545 0 0 0 0 0 

1280 1251 912 84 0 0.639488 0 0 0 0 0 0 0 0 0 0 0 0 0 0 0 0 0 0 0 0.025641 0.0769231 0.102564 0.128205 0.128205 0.230769 0.205128 0.0769231 0.025641 0 0 0 0 0 

1248 1220 889 84 0 0.655738 0 0 0 0 0 0 0 0 0 0 0 0 0 0 0 0 0 0 0 0.0263158 0 0.105263 0.184211 0.236842 0.210526 0.157895 0.0526316 0.0263158 0 0 0 0 0 

1088 1083 800 66 0 0.738689 0 0 0 0 0 0 0 0 0 0 0 0 0 0 0 0 0 0 0 0 0.0606061 0.0909091 0.121212 0.212121 0.212121 0.181818 0.121212 0 0 0 0 0 0 

1120 1110 802 74 0 0.720721 0 0 0 0 0 0 0 0 0 0 0 0 0 0 0 0 0 0 0 0 0.0882353 0.0882353 0.264706 0.205882 0.117647 0.176471 0.0588235 0 0 0 0 0 0 

1280 1264 926 84 0 0.632911 0 0 0 0 0 0 0 0 0 0 0 0 0 0 0 0 0 0 0 0 0.0769231 0.0769231 0.179487 0.179487 0.230769 0.128205 0.102564 0.025641 0 0 0 0 0 

1376 1347 972 84 0 0.593912 0 0 0 0 0 0 0 0 0 0 0 0 0 0 0 0 0 0 0.047619 0.0238095 0.047619 0.047619 0.142857 0.214286 0.238095 0.166667 0.0714286 0 0 0 0 0 0 

1216 1196 872 84 0 0.668896 0 0 0 0 0 0 0 0 0 0 0 0 0 0 0 0 0 0 0 0 0.027027 0.135135 0.135135 0.243243 0.243243 0.162162 0.0540541 0 0 0 0 0 0 

1600 1584 1152 84 0 0.50505 0 0 0 0 0 0 0 0 0 0 0 0 0 0 0 0 0 0 0 0.0204082 0.0204082 0.102041 0.244898 0.204082 0.163265 0.163265 0.0612245 0 0.0204082 0 0 0 0 

1184 1166 863 84 0 0.686106 0 0 0 0 0 0 0 0 0 0 0 0 0 0 0 0 0 0 0.0277778 0 0 0.0833333 0.222222 0.111111 0.25 0.0833333 0.194444 0.0277778 0 0 0 0 0 

1344 1323 973 84 0 0.604686 0 0 0 0 0 0 0 0 0 0 0 0 0 0 0 0 0 0 0 0 0.0243902 0.097561 0.146341 0.268293 0.219512 0.121951 0.0731707 0.0487805 0 0 0 0 0 

1120 1105 802 73 0 0.723982 0 0 0 0 0 0 0 0 0 0 0 0 0 0 0 0 0 0.0294118 0 0 0.0294118 0.0882353 0.264706 0.0882353 0.264706 0.176471 0.0588235 0 0 0 0 0 0 

1312 1283 911 84 0 0.623539 0 0 0 0 0 0 0 0 0 0 0 0 0 0 0 0 0 0 0 0.025 0.075 0.1 0.225 0.275 0.175 0.1 0.025 0 0 0 0 0 0 

1184 1159 849 84 0 0.69025 0 0 0 0 0 0 0 0 0 0 0 0 0 0 0 0 0 0 0.0277778 0 0 0.111111 0.166667 0.166667 0.277778 0.138889 0.0833333 0.0277778 0 0 0 0 0 

1120 1092 801 65 0 0.732601 0 0 0 0 0 0 0 0 0 0 0 0 0 0 0 0 0 0 0 0.0294118 0.0588235 0.0588235 0.117647 0.176471 0.323529 0.117647 0.0588235 0.0588235 0 0 0 0 0 

1120 1106 802 74 0 0.723327 0 0 0 0 0 0 0 0 0 0 0 0 0 0 0 0 0 0 0 0.0294118 0.0294118 0.117647 0.0882353 0.294118 0.323529 0.0882353 0.0294118 0 0 0 0 0 0 

1184 1154 841 84 0 0.693241 0 0 0 0 0 0 0 0 0 0 0 0 0 0 0 0 0 0 0.0277778 0 0.0277778 0.0555556 0.138889 0.194444 0.388889 0.138889 0 0.0277778 0 0 0 0 0 

1152 1122 831 80 0 0.713012 0 0 0 0 0 0 0 0 0 0 0 0 0 0 0 0 0 0 0 0 0.0571429 0.0571429 0.142857 0.2 0.228571 0.142857 0.0857143 0.0857143 0 0 0 0 0 

1184 1158 846 84 0 0.690846 0 0 0 0 0 0 0 0 0 0 0 0 0 0 0 0 0 0 0 0 0.0555556 0.0833333 0.0833333 0.333333 0.222222 0.166667 0.0277778 0.0277778 0 0 0 0 0 

1312 1281 934 84 0 0.624512 0 0 0 0 0 0 0 0 0 0 0 0 0 0 0 0 0 0 0 0 0.025 0.1 0.15 0.25 0.275 0.15 0.025 0.025 0 0 0 0 0 

1184 1161 857 84 0 0.689061 0 0 0 0 0 0 0 0 0 0 0 0 0 0 0 0 0.0277778 0 0 0 0.0277778 0.0277778 0.138889 0.25 0.222222 0.138889 0.138889 0.0277778 0 0 0 0 0 

1280 1258 916 84 0 0.63593 0 0 0 0 0 0 0 0 0 0 0 0 0 0 0 0 0 0 0 0.025641 0.025641 0.102564 0.179487 0.205128 0.179487 0.230769 0.0512821 0 0 0 0 0 0 

1248 1223 884 84 0 0.654129 0 0 0 0 0 0 0 0 0 0 0 0 0 0 0 0 0 0 0.0263158 0.0263158 0.0263158 0.105263 0.131579 0.236842 0.263158 0.131579 0.0263158 0 0.0263158 0 0 0 0 

1728 1717 1241 84 0 0.465929 0 0 0 0 0 0 0 0 0 0 0 0 0 0 0 0 0 0 0.0188679 0 0.0377358 0.0754717 0.207547 0.207547 0.320755 0.132075 0 0 0 0 0 0 0 

1504 1488 1068 84 0 0.537634 0 0 0 0 0 0 0 0 0 0 0 0 0 0 0 0 0 0 0 0.0652174 0.0434783 0.152174 0.152174 0.173913 0.217391 0.108696 0.0652174 0.0217391 0 0 0 0 0 

1120 1097 802 81 0 0.729262 0 0 0 0 0 0 0 0 0 0 0 0 0 0 0 0 0 0 0 0 0.0294118 0.0882353 0.205882 0.176471 0.264706 0.176471 0.0588235 0 0 0 0 0 0 

1312 1288 945 84 0 0.621118 0 0 0 0 0 0 0 0 0 0 0 0 0 0 0 0 0 0 0 0.025 0.05 0.1 0.1 0.2 0.225 0.15 0.15 0 0 0 0 0 0 

1248 1237 908 84 0 0.646726 0 0 0 0 0 0 0 0 0 0 0 0 0 0 0 0 0 0 0 0.0263158 0 0.157895 0.131579 0.105263 0.315789 0.210526 0.0526316 0 0 0 0 0 0 

1088 1071 802 73 0 0.746965 0 0 0 0 0 0 0 0 0 0 0 0 0 0 0 0 0 0 0 0 0.0606061 0.030303 0.121212 0.242424 0.151515 0.212121 0.121212 0.030303 0.030303 0 0 0 0 

1760 1751 1292 84 0 0.456882 0 0 0 0 0 0 0 0 0 0 0 0 0 0 0 0 0 0 0 0 0.037037 0.037037 0.148148 0.222222 0.351852 0.12963 0.0740741 0 0 0 0 0 0 

1216 1191 876 84 0 0.671704 0 0 0 0 0 0 0 0 0 0 0 0 0 0 0 0 0 0 0 0 0.0540541 0.0810811 0.0810811 0.216216 0.351351 0.108108 0.108108 0 0 0 0 0 0 

1696 1672 1230 84 0 0.478469 0 0 0 0 0 0 0 0 0 0 0 0 0 0 0 0 0 0 0 0.0192308 0.0192308 0.0961538 0.134615 0.211538 0.173077 0.269231 0.0576923 0.0192308 0 0 0 0 0 

1664 1647 1200 84 0 0.485732 0 0 0 0 0 0 0 0 0 0 0 0 0 0 0 0 0 0.0196078 0.0196078 0 0.0196078 0.0784314 0.137255 0.333333 0.0784314 0.215686 0.0980392 0 0 0 0 0 0 

1120 1092 801 56 0 0.732601 0 0 0 0 0 0 0 0 0 0 0 0 0 0 0 0 0 0 0 0.0294118 0.0588235 0.0294118 0.235294 0.0882353 0.235294 0.176471 0.147059 0 0 0 0 0 0 

1280 1265 909 84 0 0.632411 0 0 0 0 0 0 0 0 0 0 0 0 0 0 0 0 0 0 0 0.025641 0.0512821 0.128205 0.25641 0.179487 0.179487 0.0769231 0.102564 0 0 0 0 0 0 

1184 1171 843 84 0 0.683177 0 0 0 0 0 0 0 0 0 0 0 0 0 0 0 0 0 0 0.0277778 0 0.0833333 0.138889 0.222222 0.0277778 0.222222 0.277778 0 0 0 0 0 0 0 

1376 1365 1000 84 0 0.586081 0 0 0 0 0 0 0 0 0 0 0 0 0 0 0 0 0 0 0 0 0.047619 0.0952381 0.142857 0.238095 0.261905 0.119048 0.0952381 0 0 0 0 0 0 

1152 1130 830 77 0 0.707965 0 0 0 0 0 0 0 0 0 0 0 0 0 0 0 0 0 0 0 0.0285714 0.0857143 0.0857143 0.142857 0.142857 0.114286 0.257143 0.0857143 0.0571429 0 0 0 0 0 

1440 1421 1034 84 0 0.562984 0 0 0 0 0 0 0 0 0 0 0 0 0 0 0 0 0 0 0.0227273 0 0.0227273 0.0454545 0.25 0.181818 0.295455 0.136364 0.0227273 0.0227273 0 0 0 0 0 

1280 1251 923 84 0 0.639488 0 0 0 0 0 0 0 0 0 0 0 0 0 0 0 0 0 0 0.025641 0 0 0.0769231 0.128205 0.205128 0.282051 0.128205 0.153846 0 0 0 0 0 0 

1120 1104 802 76 0 0.724638 0 0 0 0 0 0 0 0 0 0 0 0 0 0 0 0 0.0294118 0 0 0.0294118 0 0.0882353 0.176471 0.294118 0.0588235 0.264706 0.0294118 0.0294118 0 0 0 0 0 

1152 1140 802 83 0 0.701754 0 0 0 0 0 0 0 0 0 0 0 0 0 0 0 0 0 0 0 0.0571429 0.0571429 0.228571 0.257143 0.2 0.0285714 0.0857143 0.0857143 0 0 0 0 0 0 

1248 1239 912 84 0 0.645682 0 0 0 0 0 0 0 0 0 0 0 0 0 0 0 0 0 0 0 0 0.0263158 0.105263 0.105263 0.263158 0.289474 0.131579 0.0789474 0 0 0 0 0 0 

1536 1514 1101 84 0 0.528402 0 0 0 0 0 0 0 0 0 0 0 0 0 0 0 0 0 0 0 0.0212766 0.0425532 0.0851064 0.191489 0.191489 0.234043 0.170213 0.0425532 0.0212766 0 0 0 0 0 

1120 1103 802 71 0 0.725295 0 0 0 0 0 0 0 0 0 0 0 0 0 0 0 0 0 0 0 0 0.0882353 0.0588235 0.264706 0.176471 0.147059 0.205882 0 0.0588235 0 0 0 0 0 

1120 1093 802 82 0 0.73193 0 0 0 0 0 0 0 0 0 0 0 0 0 0 0 0 0 0 0 0 0 0.147059 0.0882353 0.294118 0.235294 0.147059 0.0588235 0.0294118 0 0 0 0 0 

1376 1354 991 84 0 0.590842 0 0 0 0 0 0 0 0 0 0 0 0 0 0 0 0 0 0 0 0 0 0.0952381 0.238095 0.166667 0.285714 0.142857 0.0714286 0 0 0 0 0 0 

1248 1225 884 84 0 0.653061 0 0 0 0 0 0 0 0 0 0 0 0 0 0 0 0 0 0 0 0.0526316 0 0.0526316 0.210526 0.289474 0.236842 0.157895 0 0 0 0 0 0 0 

1120 1110 802 75 0 0.720721 0 0 0 0 0 0 0 0 0 0 0 0 0 0 0 0 0 0 0 0 0.0294118 0.0882353 0.323529 0.176471 0.235294 0.147059 0 0 0 0 0 0 0 

1216 1197 860 84 0 0.668338 0 0 0 0 0 0 0 0 0 0 0 0 0 0 0 0 0 0 0.027027 0.027027 0.027027 0.135135 0.135135 0.216216 0.27027 0.135135 0.027027 0 0 0 0 0 0 

1216 1195 882 84 0 0.669456 0 0 0 0 0 0 0 0 0 0 0 0 0 0 0 0 0 0 0 0.0540541 0 0.0810811 0.108108 0.162162 0.243243 0.27027 0.0810811 0 0 0 0 0 0 

1312 1291 942 84 0 0.619675 0 0 0 0 0 0 0 0 0 0 0 0 0 0 0 0 0 0 0 0 0 0.1 0.2 0.275 0.225 0.175 0 0.025 0 0 0 0 0 

1216 1189 868 84 0 0.672834 0 0 0 0 0 0 0 0 0 0 0 0 0 0 0 0 0 0 0 0.027027 0.027027 0.027027 0.162162 0.297297 0.243243 0.162162 0.0540541 0 0 0 0 0 0 

1152 1131 820 80 0 0.707339 0 0 0 0 0 0 0 0 0 0 0 0 0 0 0 0 0 0 0.0285714 0 0 0.142857 0.228571 0.171429 0.2 0.142857 0.0571429 0.0285714 0 0 0 0 0 

1248 1230 887 84 0 0.650406 0 0 0 0 0 0 0 0 0 0 0 0 0 0 0 0 0 0 0.0263158 0 0 0.157895 0.157895 0.315789 0.157895 0.131579 0.0526316 0 0 0 0 0 0 

1120 1097 802 76 0 0.729262 0 0 0 0 0 0 0 0 0 0 0 0 0 0 0 0 0 0 0 0 0.117647 0.0588235 0.0882353 0.147059 0.352941 0.176471 0.0588235 0 0 0 0 0 0 

1440 1423 1034 84 0 0.562193 0 0 0 0 0 0 0 0 0 0 0 0 0 0 0 0 0 0.0227273 0.0227273 0.0227273 0.0454545 0.0681818 0.136364 0.204545 0.159091 0.204545 0.113636 0 0 0 0 0 0 

1120 1111 802 69 0 0.720072 0 0 0 0 0 0 0 0 0 0 0 0 0 0 0 0 0 0 0 0.0588235 0.0882353 0.0882353 0.147059 0.235294 0.117647 0.176471 0.0882353 0 0 0 0 0 0 

1088 1079 802 77 0 0.741427 0 0 0 0 0 0 0 0 0 0 0 0 0 0 0 0 0 0 0 0 0 0.0909091 0.212121 0.121212 0.272727 0.212121 0.0606061 0.030303 0 0 0 0 0 

1088 1076 802 80 0 0.743494 0 0 0 0 0 0 0 0 0 0 0 0 0 0 0 0 0 0 0 0 0.0909091 0.030303 0.0909091 0.212121 0.181818 0.30303 0.030303 0.0606061 0 0 0 0 0 

1280 1249 909 80 0 0.640512 0 0 0 0 0 0 0 0 0 0 0 0 0 0 0 0 0 0 0 0.025641 0 0.0769231 0.230769 0.179487 0.282051 0.153846 0.025641 0.025641 0 0 0 0 0 

1280 1265 917 84 0 0.632411 0 0 0 0 0 0 0 0 0 0 0 0 0 0 0 0 0 0 0 0.025641 0 0.179487 0.179487 0.230769 0.179487 0.102564 0.0769231 0.025641 0 0 0 0 0 

1120 1106 801 63 0 0.723327 0 0 0 0 0 0 0 0 0 0 0 0 0 0 0 0 0 0 0 0.0588235 0.0294118 0.147059 0.176471 0.0882353 0.264706 0.147059 0.0882353 0 0 0 0 0 0 

1216 1186 872 84 0 0.674536 0 0 0 0 0 0 0 0 0 0 0 0 0 0 0 0 0 0 0 0 0 0.0540541 0.216216 0.243243 0.27027 0.135135 0.0540541 0 0.027027 0 0 0 0 

1184 1161 828 84 0 0.689061 0 0 0 0 0 0 0 0 0 0 0 0 0 0 0 0 0 0 0.0277778 0 0.111111 0.0277778 0.277778 0.194444 0.194444 0.138889 0.0277778 0 0 0 0 0 0 

1216 1191 893 84 0 0.671704 0 0 0 0 0 0 0 0 0 0 0 0 0 0 0 0 0 0 0 0 0.027027 0.027027 0.108108 0.243243 0.27027 0.162162 0.0810811 0.0540541 0.027027 0 0 0 0 

1120 1109 802 73 0 0.721371 0 0 0 0 0 0 0 0 0 0 0 0 0 0 0 0 0 0 0 0.0588235 0.0588235 0.0882353 0.117647 0.294118 0.205882 0.117647 0.0294118 0 0.0294118 0 0 0 0 

1152 1125 808 84 0 0.711111 0 0 0 0 0 0 0 0 0 0 0 0 0 0 0 0 0 0.0285714 0 0.0285714 0.0571429 0.0571429 0.314286 0.114286 0.142857 0.0857143 0.171429 0 0 0 0 0 0 

1440 1414 1037 84 0 0.565771 0 0 0 0 0 0 0 0 0 0 0 0 0 0 0 0 0 0.0227273 0 0.0227273 0.0227273 0.0227273 0.113636 0.272727 0.272727 0.159091 0.0681818 0.0227273 0 0 0 0 0 

1120 1102 800 51 0 0.725953 0 0 0 0 0 0 0 0 0 0 0 0 0 0 0 0 0 0 0 0 0 0.176471 0.176471 0.205882 0.323529 0.0294118 0.0882353 0 0 0 0 0 0 

1120 1096 802 75 0 0.729927 0 0 0 0 0 0 0 0 0 0 0 0 0 0 0 0 0 0.0294118 0 0.0294118 0 0.147059 0.0882353 0.117647 0.205882 0.323529 0.0588235 0 0 0 0 0 0 

1184 1177 868 84 0 0.679694 0 0 0 0 0 0 0 0 0 0 0 0 0 0 0 0 0 0 0 0.0277778 0 0.111111 0.166667 0.166667 0.25 0.166667 0.111111 0 0 0 0 0 0 

1376 1355 996 84 0 0.590406 0 0 0 0 0 0 0 0 0 0 0 0 0 0 0 0 0 0 0 0 0.0238095 0.119048 0.119048 0.190476 0.285714 0.190476 0.0714286 0 0 0 0 0 0 

1344 1315 963 84 0 0.608365 0 0 0 0 0 0 0 0 0 0 0 0 0 0 0 0 0 0 0 0 0.0487805 0.0731707 0.146341 0.219512 0.268293 0.146341 0.097561 0 0 0 0 0 0 

1120 1103 801 64 0 0.725295 0 0 0 0 0 0 0 0 0 0 0 0 0 0 0 0 0 0 0 0.0294118 0.0588235 0.0588235 0.235294 0.205882 0.176471 0.147059 0.0588235 0.0294118 0 0 0 0 0 

1184 1159 846 77 0 0.69025 0 0 0 0 0 0 0 0 0 0 0 0 0 0 0 0 0 0 0 0.0277778 0 0.166667 0.194444 0.111111 0.222222 0.166667 0.0555556 0.0555556 0 0 0 0 0 

1248 1225 889 84 0 0.653061 0 0 0 0 0 0 0 0 0 0 0 0 0 0 0 0 0 0 0 0.0526316 0.0263158 0.0789474 0.105263 0.236842 0.394737 0.0263158 0.0526316 0.0263158 0 0 0 0 0 

1344 1314 955 84 0 0.608828 0 0 0 0 0 0 0 0 0 0 0 0 0 0 0 0 0 0 0 0.0243902 0.0243902 0.0487805 0.219512 0.268293 0.219512 0.0731707 0.121951 0 0 0 0 0 0 

1120 1114 806 75 0 0.718133 0 0 0 0 0 0 0 0 0 0 0 0 0 0 0 0 0 0 0 0 0 0.117647 0.205882 0.470588 0.0882353 0.0588235 0.0588235 0 0 0 0 0 0 

1376 1368 1004 84 0 0.584795 0 0 0 0 0 0 0 0 0 0 0 0 0 0 0 0 0 0 0 0 0.0952381 0.0952381 0.0714286 0.190476 0.333333 0.0952381 0.119048 0 0 0 0 0 0 

1376 1356 994 84 0 0.589971 0 0 0 0 0 0 0 0 0 0 0 0 0 0 0 0 0 0 0 0 0.0952381 0.0238095 0.166667 0.190476 0.214286 0.261905 0.047619 0 0 0 0 0 0 

1280 1252 938 84 0 0.638978 0 0 0 0 0 0 0 0 0 0 0 0 0 0 0 0 0 0 0 0.025641 0.025641 0.0512821 0.025641 0.205128 0.25641 0.25641 0.128205 0.025641 0 0 0 0 0 

1184 1171 843 84 0 0.683177 0 0 0 0 0 0 0 0 0 0 0 0 0 0 0 0 0 0 0 0 0.0277778 0.194444 0.166667 0.222222 0.25 0.138889 0 0 0 0 0 0 0 

1216 1205 879 84 0 0.6639 0 0 0 0 0 0 0 0 0 0 0 0 0 0 0 0 0 0 0 0 0.0540541 0.135135 0.189189 0.216216 0.189189 0.108108 0.027027 0.0810811 0 0 0 0 0 

1568 1557 1146 84 0 0.513809 0 0 0 0 0 0 0 0 0 0 0 0 0 0 0 0 0 0 0 0 0.0208333 0.125 0.0416667 0.3125 0.291667 0.145833 0.0416667 0.0208333 0 0 0 0 0 

1312 1284 958 84 0 0.623053 0 0 0 0 0 0 0 0 0 0 0 0 0 0 0 0 0 0 0 0 0.075 0.025 0.2 0.1 0.2 0.175 0.15 0.05 0.025 0 0 0 0 

1120 1099 802 81 0 0.727934 0 0 0 0 0 0 0 0 0 0 0 0 0 0 0 0 0 0 0 0 0.0588235 0.0882353 0.235294 0.205882 0.147059 0.0882353 0.176471 0 0 0 0 0 0 

1248 1225 901 84 0 0.653061 0 0 0 0 0 0 0 0 0 0 0 0 0 0 0 0 0 0 0.0263158 0 0 0.131579 0.131579 0.184211 0.157895 0.289474 0.0526316 0.0263158 0 0 0 0 0 

1472 1454 1079 84 0 0.550206 0 0 0 0 0 0 0 0 0 0 0 0 0 0 0 0 0 0 0 0 0.0222222 0.0888889 0.0888889 0.222222 0.288889 0.155556 0.133333 0 0 0 0 0 0 

1344 1315 961 84 0 0.608365 0 0 0 0 0 0 0 0 0 0 0 0 0 0 0 0 0 0.0243902 0.0243902 0 0 0.121951 0.146341 0.170732 0.219512 0.170732 0.0731707 0 0.0487805 0 0 0 0 

1408 1393 1007 84 0 0.5743 0 0 0 0 0 0 0 0 0 0 0 0 0 0 0 0 0 0 0 0 0.116279 0.0930233 0.139535 0.209302 0.27907 0.0930233 0.0465116 0.0232558 0 0 0 0 0 

1216 1206 862 84 0 0.66335 0 0 0 0 0 0 0 0 0 0 0 0 0 0 0 0 0 0.027027 0 0 0.0540541 0.108108 0.189189 0.351351 0.108108 0.162162 0 0 0 0 0 0 0 

1280 1263 914 84 0 0.633412 0 0 0 0 0 0 0 0 0 0 0 0 0 0 0 0 0 0 0.025641 0 0.025641 0.102564 0.179487 0.25641 0.205128 0.179487 0.025641 0 0 0 0 0 0 

1216 1191 858 84 0 0.671704 0 0 0 0 0 0 0 0 0 0 0 0 0 0 0 0 0 0 0 0.027027 0.0540541 0.108108 0.243243 0.189189 0.108108 0.189189 0.0810811 0 0 0 0 0 0 

1216 1185 850 84 0 0.675106 0 0 0 0 0 0 0 0 0 0 0 0 0 0 0 0 0 0 0 0.0540541 0.027027 0.0540541 0.216216 0.162162 0.405405 0.0810811 0 0 0 0 0 0 0 

1152 1129 839 84 0 0.708592 0 0 0 0 0 0 0 0 0 0 0 0 0 0 0 0 0 0 0 0 0.0571429 0.0571429 0.114286 0.2 0.257143 0.171429 0.0857143 0.0285714 0.0285714 0 0 0 0 

1216 1196 858 84 0 0.668896 0 0 0 0 0 0 0 0 0 0 0 0 0 0 0 0 0 0 0 0.027027 0.108108 0.108108 0.0810811 0.297297 0.216216 0.108108 0.0540541 0 0 0 0 0 0 

1664 1646 1184 84 0 0.486027 0 0 0 0 0 0 0 0 0 0 0 0 0 0 0 0 0 0 0 0 0.0784314 0.117647 0.196078 0.27451 0.156863 0.117647 0.0196078 0.0392157 0 0 0 0 0 

1248 1231 911 84 0 0.649878 0 0 0 0 0 0 0 0 0 0 0 0 0 0 0 0 0 0 0 0 0.0263158 0.0789474 0.131579 0.210526 0.210526 0.289474 0.0526316 0 0 0 0 0 0 

1216 1205 872 84 0 0.6639 0 0 0 0 0 0 0 0 0 0 0 0 0 0 0 0 0 0 0 0.027027 0.027027 0.135135 0.189189 0.216216 0.27027 0.0540541 0.0540541 0.027027 0 0 0 0 0 

1248 1217 874 84 0 0.657354 0 0 0 0 0 0 0 0 0 0 0 0 0 0 0 0 0 0 0.0263158 0.0263158 0.105263 0.0789474 0.131579 0.210526 0.131579 0.184211 0.105263 0 0 0 0 0 0 

1152 1125 824 84 0 0.711111 0 0 0 0 0 0 0 0 0 0 0 0 0 0 0 0 0 0 0 0 0 0.2 0.0857143 0.142857 0.314286 0.2 0.0571429 0 0 0 0 0 0 

1120 1109 802 77 0 0.721371 0 0 0 0 0 0 0 0 0 0 0 0 0 0 0 0 0 0 0.0294118 0.0294118 0 0.117647 0.147059 0.264706 0.264706 0.0882353 0.0588235 0 0 0 0 0 0 

1728 1720 1235 84 0 0.465116 0 0 0 0 0 0 0 0 0 0 0 0 0 0 0 0 0 0 0 0.0377358 0.0754717 0.150943 0.0754717 0.283019 0.207547 0.132075 0.0188679 0.0188679 0 0 0 0 0 

1120 1103 801 66 0 0.725295 0 0 0 0 0 0 0 0 0 0 0 0 0 0 0 0.0294118 0 0 0 0.0294118 0.0294118 0.0294118 0.176471 0.235294 0.235294 0.147059 0.0882353 0 0 0 0 0 0 

1120 1111 802 77 0 0.720072 0 0 0 0 0 0 0 0 0 0 0 0 0 0 0 0 0 0 0 0 0 0.264706 0.176471 0.176471 0.176471 0.176471 0.0294118 0 0 0 0 0 0 

1152 1128 835 84 0 0.70922 0 0 0 0 0 0 0 0 0 0 0 0 0 0 0 0 0 0 0.0285714 0 0 0.0285714 0.0857143 0.342857 0.2 0.228571 0.0857143 0 0 0 0 0 0 

1120 1112 816 84 0 0.719424 0 0 0 0 0 0 0 0 0 0 0 0 0 0 0 0 0 0 0 0 0.0882353 0.0294118 0.0588235 0.411765 0.235294 0.0882353 0.0882353 0 0 0 0 0 0 

1280 1263 924 84 0 0.633412 0 0 0 0 0 0 0 0 0 0 0 0 0 0 0 0 0 0 0 0.025641 0.0512821 0.102564 0.128205 0.153846 0.25641 0.205128 0.0769231 0 0 0 0 0 0 

1248 1222 875 84 0 0.654664 0 0 0 0 0 0 0 0 0 0 0 0 0 0 0 0 0 0 0 0.0263158 0.105263 0.105263 0.184211 0.131579 0.236842 0.184211 0.0263158 0 0 0 0 0 0 

1088 1074 802 71 0 0.744879 0 0 0 0 0 0 0 0 0 0 0 0 0 0 0 0 0 0 0 0 0 0.0606061 0.181818 0.242424 0.181818 0.151515 0.151515 0.030303 0 0 0 0 0 

1536 1517 1116 84 0 0.527357 0 0 0 0 0 0 0 0 0 0 0 0 0 0 0 0 0 0 0 0.0212766 0 0.0212766 0.191489 0.297872 0.255319 0.106383 0.106383 0 0 0 0 0 0 

1408 1385 1010 84 0 0.577617 0 0 0 0 0 0 0 0 0 0 0 0 0 0 0 0 0 0 0.0232558 0 0.0232558 0.0465116 0.27907 0.209302 0.162791 0.139535 0.0697674 0.0465116 0 0 0 0 0 

1120 1113 800 70 0 0.718778 0 0 0 0 0 0 0 0 0 0 0 0 0 0 0 0 0 0 0 0 0.147059 0.0882353 0.117647 0.294118 0.176471 0.117647 0.0588235 0 0 0 0 0 0 

1344 1322 960 84 0 0.605144 0 0 0 0 0 0 0 0 0 0 0 0 0 0 0 0 0 0 0.0243902 0 0.121951 0.121951 0.097561 0.121951 0.097561 0.365854 0.0243902 0.0243902 0 0 0 0 0 

1216 1189 865 84 0 0.672834 0 0 0 0 0 0 0 0 0 0 0 0 0 0 0 0 0 0 0.027027 0.027027 0.0810811 0.027027 0.135135 0.162162 0.216216 0.27027 0.0540541 0 0 0 0 0 0 

1504 1475 1061 84 0 0.542373 0 0 0 0 0 0 0 0 0 0 0 0 0 0 0 0.0217391 0.0217391 0 0 0.0217391 0.0434783 0.0652174 0.108696 0.217391 0.282609 0.173913 0.0217391 0.0217391 0 0 0 0 0 

1120 1098 810 84 0 0.728597 0 0 0 0 0 0 0 0 0 0 0 0 0 0 0 0 0 0 0 0 0.0294118 0.205882 0.0294118 0.205882 0.205882 0.176471 0.0882353 0.0588235 0 0 0 0 0 

1280 1267 945 84 0 0.631413 0 0 0 0 0 0 0 0 0 0 0 0 0 0 0 0 0 0 0 0 0.025641 0.0512821 0.102564 0.230769 0.282051 0.205128 0.0769231 0.025641 0 0 0 0 0 

1472 1457 1055 84 0 0.549073 0 0 0 0 0 0 0 0 0 0 0 0 0 0 0 0 0 0 0 0 0.0222222 0.155556 0.244444 0.244444 0.133333 0.0888889 0.0888889 0 0.0222222 0 0 0 0 

1120 1097 802 84 0 0.729262 0 0 0 0 0 0 0 0 0 0 0 0 0 0 0 0 0 0 0 0 0.0294118 0.0588235 0.147059 0.264706 0.382353 0.0588235 0.0588235 0 0 0 0 0 0 

1120 1103 801 59 0 0.725295 0 0 0 0 0 0 0 0 0 0 0 0 0 0 0 0 0 0 0 0.0588235 0.0882353 0.0294118 0.176471 0.264706 0.0588235 0.205882 0.0882353 0.0294118 0 0 0 0 0 

1120 1101 801 60 0 0.726612 0 0 0 0 0 0 0 0 0 0 0 0 0 0 0 0 0 0 0 0 0.0588235 0.117647 0.0882353 0.235294 0.352941 0.117647 0.0294118 0 0 0 0 0 0 

1120 1094 802 75 0 0.731261 0 0 0 0 0 0 0 0 0 0 0 0 0 0 0 0 0 0 0 0 0 0.0588235 0.235294 0.264706 0.205882 0.147059 0.0882353 0 0 0 0 0 0 

1664 1647 1176 84 0 0.485732 0 0 0 0 0 0 0 0 0 0 0 0 0 0 0 0 0 0.0196078 0.0196078 0 0.0784314 0.137255 0.0784314 0.333333 0.156863 0.117647 0.0588235 0 0 0 0 0 0 

1120 1112 800 70 0 0.719424 0 0 0 0 0 0 0 0 0 0 0 0 0 0 0 0 0 0 0.0294118 0.0294118 0.0882353 0.0588235 0.176471 0.264706 0.0882353 0.176471 0.0882353 0 0 0 0 0 0 

1248 1232 891 84 0 0.649351 0 0 0 0 0 0 0 0 0 0 0 0 0 0 0 0 0 0 0 0.0526316 0.0526316 0.0789474 0.236842 0.105263 0.236842 0.157895 0.0789474 0 0 0 0 0 0 

1344 1319 969 84 0 0.60652 0 0 0 0 0 0 0 0 0 0 0 0 0 0 0 0 0 0 0 0 0.0243902 0.219512 0.0487805 0.195122 0.170732 0.195122 0.121951 0.0243902 0 0 0 0 0 

1248 1222 897 84 0 0.654664 0 0 0 0 0 0 0 0 0 0 0 0 0 0 0 0 0 0 0 0.0263158 0 0.0789474 0.210526 0.236842 0.157895 0.157895 0.0789474 0.0526316 0 0 0 0 0 

1504 1479 1061 84 0 0.540906 0 0 0 0 0 0 0 0 0 0 0 0 0 0 0 0 0 0 0 0.0434783 0.0652174 0.108696 0.217391 0.195652 0.130435 0.130435 0.108696 0 0 0 0 0 0 

1344 1323 968 84 0 0.604686 0 0 0 0 0 0 0 0 0 0 0 0 0 0 0 0 0 0 0 0 0.0487805 0.097561 0.146341 0.219512 0.268293 0.121951 0.0731707 0.0243902 0 0 0 0 0 

1120 1094 802 73 0 0.731261 0 0 0 0 0 0 0 0 0 0 0 0 0 0 0 0 0 0 0 0 0.0588235 0 0.205882 0.235294 0.294118 0.147059 0.0294118 0.0294118 0 0 0 0 0 

1280 1263 917 84 0 0.633412 0 0 0 0 0 0 0 0 0 0 0 0 0 0 0 0 0 0 0 0 0.0512821 0.0769231 0.179487 0.25641 0.25641 0.179487 0 0 0 0 0 0 0 

1152 1131 811 84 0 0.707339 0 0 0 0 0 0 0 0 0 0 0 0 0 0 0 0 0 0 0 0.0285714 0.0571429 0.114286 0.2 0.257143 0.171429 0.114286 0.0571429 0 0 0 0 0 0 

1248 1228 891 79 0 0.651466 0 0 0 0 0 0 0 0 0 0 0 0 0 0 0 0 0 0.0263158 0 0 0.0526316 0.0789474 0.131579 0.315789 0.184211 0.105263 0.0789474 0.0263158 0 0 0 0 0 

1312 1291 945 84 0 0.619675 0 0 0 0 0 0 0 0 0 0 0 0 0 0 0 0 0 0 0 0 0.05 0.05 0.225 0.275 0.15 0.1 0.125 0.025 0 0 0 0 0 

1568 1547 1127 84 0 0.51713 0 0 0 0 0 0 0 0 0 0 0 0 0 0 0 0 0 0 0 0.0208333 0.0416667 0.0833333 0.1875 0.208333 0.208333 0.166667 0.0625 0.0208333 0 0 0 0 0 

1184 1159 837 84 0 0.69025 0 0 0 0 0 0 0 0 0 0 0 0 0 0 0 0 0 0 0 0.0277778 0.0555556 0.111111 0.222222 0.0833333 0.305556 0.111111 0.0833333 0 0 0 0 0 0 

1152 1128 801 68 0 0.70922 0 0 0 0 0 0 0 0 0 0 0 0 0 0 0 0 0 0 0.0285714 0.0285714 0.142857 0.0857143 0.0857143 0.2 0.314286 0.0571429 0.0571429 0 0 0 0 0 0 

1344 1327 968 84 0 0.602864 0 0 0 0 0 0 0 0 0 0 0 0 0 0 0 0 0 0 0 0.0487805 0.0243902 0.0731707 0.097561 0.292683 0.243902 0.146341 0.0731707 0 0 0 0 0 0 

1120 1102 801 67 0 0.725953 0 0 0 0 0 0 0 0 0 0 0 0 0 0 0 0 0 0 0 0.0588235 0.0882353 0.0588235 0.0882353 0.264706 0.117647 0.235294 0.0882353 0 0 0 0 0 0 

1120 1104 802 78 0 0.724638 0 0 0 0 0 0 0 0 0 0 0 0 0 0 0 0 0 0 0 0 0.0588235 0.0588235 0.235294 0.205882 0.264706 0.147059 0.0294118 0 0 0 0 0 0 

1536 1522 1091 84 0 0.525624 0 0 0 0 0 0 0 0 0 0 0 0 0 0 0 0 0 0 0 0.0212766 0.0425532 0.212766 0.191489 0.170213 0.212766 0.0425532 0.0638298 0.0425532 0 0 0 0 0 

1152 1141 846 84 0 0.701139 0 0 0 0 0 0 0 0 0 0 0 0 0 0 0 0 0 0 0 0.0571429 0.0285714 0.0571429 0.0857143 0.2 0.285714 0.142857 0.0857143 0.0285714 0.0285714 0 0 0 0 

1472 1453 1048 84 0 0.550585 0 0 0 0 0 0 0 0 0 0 0 0 0 0 0 0 0 0 0 0.0444444 0.0666667 0.133333 0.0888889 0.177778 0.288889 0.155556 0.0444444 0 0 0 0 0 0 

1376 1353 996 84 0 0.591279 0 0 0 0 0 0 0 0 0 0 0 0 0 0 0 0 0 0 0 0 0 0.0714286 0.166667 0.357143 0.142857 0.142857 0.0952381 0.0238095 0 0 0 0 0 

1440 1411 1022 84 0 0.566974 0 0 0 0 0 0 0 0 0 0 0 0 0 0 0 0 0 0 0 0 0.0681818 0.0909091 0.159091 0.295455 0.204545 0.0909091 0.0454545 0.0454545 0 0 0 0 0 

1376 1355 978 84 0 0.590406 0 0 0 0 0 0 0 0 0 0 0 0 0 0 0 0 0 0 0.047619 0.047619 0 0.047619 0.238095 0.238095 0.166667 0.0714286 0.0952381 0.047619 0 0 0 0 0 

1440 1428 1046 84 0 0.560224 0 0 0 0 0 0 0 0 0 0 0 0 0 0 0 0 0 0 0 0 0.0681818 0.0681818 0.136364 0.204545 0.295455 0.181818 0.0454545 0 0 0 0 0 0 

1088 1072 802 73 0 0.746269 0 0 0 0 0 0 0 0 0 0 0 0 0 0 0 0 0 0 0 0 0 0.0606061 0.0909091 0.272727 0.272727 0.181818 0.0909091 0.030303 0 0 0 0 0 

1472 1451 1063 84 0 0.551344 0 0 0 0 0 0 0 0 0 0 0 0 0 0 0 0 0 0 0 0 0.0222222 0.0888889 0.155556 0.244444 0.244444 0.2 0.0444444 0 0 0 0 0 0 

1184 1171 856 84 0 0.683177 0 0 0 0 0 0 0 0 0 0 0 0 0 0 0 0 0 0 0 0.0277778 0 0.166667 0.111111 0.222222 0.25 0.111111 0.111111 0 0 0 0 0 0 

1632 1605 1171 84 0 0.498442 0 0 0 0 0 0 0 0 0 0 0 0 0 0 0 0 0 0 0 0.08 0.02 0.06 0.16 0.12 0.28 0.16 0.1 0.02 0 0 0 0 0 

1216 1201 874 84 0 0.666112 0 0 0 0 0 0 0 0 0 0 0 0 0 0 0 0 0 0 0.027027 0 0.0810811 0.0540541 0.162162 0.27027 0.135135 0.162162 0.0810811 0.027027 0 0 0 0 0 

1184 1155 836 84 0 0.692641 0 0 0 0 0 0 0 0 0 0 0 0 0 0 0 0 0 0 0 0.0277778 0.0555556 0.0833333 0.138889 0.194444 0.305556 0.166667 0.0277778 0 0 0 0 0 0 

1248 1238 904 84 0 0.646204 0 0 0 0 0 0 0 0 0 0 0 0 0 0 0 0 0 0 0 0 0.0526316 0.0263158 0.263158 0.236842 0.184211 0.210526 0.0263158 0 0 0 0 0 0 

1088 1075 802 74 0 0.744186 0 0 0 0 0 0 0 0 0 0 0 0 0 0 0 0 0 0 0 0.030303 0.030303 0.0606061 0.0606061 0.272727 0.242424 0.212121 0 0.030303 0.030303 0.030303 0 0 0 

1120 1097 802 73 0 0.729262 0 0 0 0 0 0 0 0 0 0 0 0 0 0 0 0 0 0 0 0 0.0294118 0.176471 0.117647 0.294118 0.0588235 0.205882 0.0588235 0.0588235 0 0 0 0 0 

1120 1105 802 76 0 0.723982 0 0 0 0 0 0 0 0 0 0 0 0 0 0 0 0 0 0 0 0.0294118 0.0294118 0.0882353 0.205882 0.264706 0.147059 0.176471 0.0588235 0 0 0 0 0 0 

1504 1486 1070 84 0 0.538358 0 0 0 0 0 0 0 0 0 0 0 0 0 0 0 0 0 0 0 0 0.0434783 0.152174 0.108696 0.282609 0.326087 0.0869565 0 0 0 0 0 0 0 

1216 1192 862 84 0 0.671141 0 0 0 0 0 0 0 0 0 0 0 0 0 0 0 0 0 0 0 0.0540541 0.0540541 0.0540541 0.162162 0.297297 0.135135 0.135135 0.108108 0 0 0 0 0 0 

1248 1229 889 84 0 0.650936 0 0 0 0 0 0 0 0 0 0 0 0 0 0 0 0 0 0 0.0263158 0 0.0263158 0.105263 0.105263 0.342105 0.263158 0.0789474 0.0526316 0 0 0 0 0 0 

1216 1208 875 84 0 0.662252 0 0 0 0 0 0 0 0 0 0 0 0 0 0 0 0 0 0 0 0.0540541 0.0810811 0.027027 0.27027 0.189189 0.108108 0.162162 0.0810811 0.027027 0 0 0 0 0 

1280 1268 927 84 0 0.630915 0 0 0 0 0 0 0 0 0 0 0 0 0 0 0 0 0 0 0 0 0.0512821 0.128205 0.102564 0.153846 0.410256 0.102564 0.0512821 0 0 0 0 0 0 

1088 1082 800 75 0 0.739372 0 0 0 0 0 0 0 0 0 0 0 0 0 0 0 0 0 0 0 0 0.030303 0.121212 0.212121 0.0909091 0.212121 0.212121 0.0606061 0.0606061 0 0 0 0 0 

1184 1158 838 84 0 0.690846 0 0 0 0 0 0 0 0 0 0 0 0 0 0 0 0 0 0 0 0.0277778 0.0833333 0.0277778 0.194444 0.222222 0.25 0.111111 0.0833333 0 0 0 0 0 0 

1312 1285 942 84 0 0.622568 0 0 0 0 0 0 0 0 0 0 0 0 0 0 0 0 0 0 0 0 0.05 0.1 0.125 0.225 0.225 0.2 0.05 0 0.025 0 0 0 0 

1344 1325 979 84 0 0.603774 0 0 0 0 0 0 0 0 0 0 0 0 0 0 0 0 0 0 0 0 0.0487805 0.0243902 0.170732 0.268293 0.195122 0.170732 0.097561 0.0243902 0 0 0 0 0 

1408 1400 1023 84 0 0.571429 0 0 0 0 0 0 0 0 0 0 0 0 0 0 0 0 0 0 0 0 0.0465116 0.0930233 0.116279 0.255814 0.325581 0.139535 0.0232558 0 0 0 0 0 0 

1248 1241 881 84 0 0.644641 0 0 0 0 0 0 0 0 0 0 0 0 0 0 0 0 0 0 0.0263158 0.0526316 0.0526316 0.131579 0.184211 0.236842 0.210526 0.0789474 0 0.0263158 0 0 0 0 0 

1120 1095 801 63 0 0.730594 0 0 0 0 0 0 0 0 0 0 0 0 0 0 0 0 0 0 0 0 0.0294118 0.0294118 0.176471 0.294118 0.294118 0.147059 0.0294118 0 0 0 0 0 0 

1120 1101 801 61 0 0.726612 0 0 0 0 0 0 0 0 0 0 0 0 0 0 0 0 0 0 0 0 0.0294118 0.0882353 0.235294 0.235294 0.235294 0.0882353 0.0882353 0 0 0 0 0 0 

1216 1189 865 84 0 0.672834 0 0 0 0 0 0 0 0 0 0 0 0 0 0 0 0 0 0 0 0.027027 0 0.162162 0.135135 0.243243 0.189189 0.135135 0.0810811 0.027027 0 0 0 0 0 

1568 1556 1123 84 0 0.514139 0 0 0 0 0 0 0 0 0 0 0 0 0 0 0 0 0 0 0 0.0416667 0.0416667 0.0625 0.166667 0.25 0.3125 0.125 0 0 0 0 0 0 0 

2176 2168 1559 84 0 0.369004 0 0 0 0 0 0 0 0 0 0 0 0 0 0 0 0 0 0 0 0.0597015 0.0447761 0.104478 0.179104 0.208955 0.19403 0.164179 0.0298507 0.0149254 0 0 0 0 0 

1312 1286 928 84 0 0.622084 0 0 0 0 0 0 0 0 0 0 0 0 0 0 0 0 0 0 0 0.05 0 0.1 0.175 0.325 0.175 0.075 0.1 0 0 0 0 0 0 

1248 1236 903 84 0 0.647249 0 0 0 0 0 0 0 0 0 0 0 0 0 0 0 0 0 0 0 0 0.0263158 0.184211 0.184211 0.157895 0.131579 0.210526 0.105263 0 0 0 0 0 0 

1312 1297 954 84 0 0.616808 0 0 0 0 0 0 0 0 0 0 0 0 0 0 0 0 0 0 0 0 0.1 0.05 0.075 0.275 0.2 0.2 0.1 0 0 0 0 0 0 

1312 1289 941 84 0 0.620636 0 0 0 0 0 0 0 0 0 0 0 0 0 0 0 0 0 0 0 0 0.025 0.1 0.175 0.25 0.225 0.175 0.025 0.025 0 0 0 0 0 

1216 1195 852 84 0 0.669456 0 0 0 0 0 0 0 0 0 0 0 0 0 0 0 0 0 0 0 0.027027 0.0540541 0.135135 0.216216 0.243243 0.189189 0.108108 0.027027 0 0 0 0 0 0 

1376 1362 981 84 0 0.587372 0 0 0 0 0 0 0 0 0 0 0 0 0 0 0 0 0 0 0.0238095 0.0238095 0.047619 0.0952381 0.166667 0.285714 0.166667 0.142857 0 0.047619 0 0 0 0 0 

1248 1222 889 84 0 0.654664 0 0 0 0 0 0 0 0 0 0 0 0 0 0 0 0 0 0 0 0.0263158 0.0526316 0.0789474 0.157895 0.184211 0.263158 0.184211 0.0263158 0.0263158 0 0 0 0 0 

1280 1256 935 84 0 0.636943 0 0 0 0 0 0 0 0 0 0 0 0 0 0 0 0 0 0 0 0 0 0.102564 0.102564 0.205128 0.230769 0.230769 0.128205 0 0 0 0 0 0 

1344 1322 973 84 0 0.605144 0 0 0 0 0 0 0 0 0 0 0 0 0 0 0 0 0 0 0 0 0.121951 0.0243902 0.0487805 0.195122 0.390244 0.121951 0.0731707 0.0243902 0 0 0 0 0 

1312 1294 956 84 0 0.618238 0 0 0 0 0 0 0 0 0 0 0 0 0 0 0 0 0 0 0 0.025 0 0.075 0.175 0.175 0.275 0.175 0.075 0 0.025 0 0 0 0 

1120 1097 801 57 0 0.729262 0 0 0 0 0 0 0 0 0 0 0 0 0 0 0 0 0 0 0 0 0.0294118 0.176471 0.0882353 0.323529 0.0882353 0.176471 0.0882353 0.0294118 0 0 0 0 0 

1120 1108 802 82 0 0.722022 0 0 0 0 0 0 0 0 0 0 0 0 0 0 0 0 0 0 0 0.0294118 0.0294118 0.0882353 0.176471 0.323529 0.176471 0.147059 0.0294118 0 0 0 0 0 0 

1152 1134 834 84 0 0.705467 0 0 0 0 0 0 0 0 0 0 0 0 0 0 0 0 0 0 0 0 0.0571429 0.142857 0.114286 0.171429 0.171429 0.228571 0.0857143 0.0285714 0 0 0 0 0 

1344 1321 968 84 0 0.605602 0 0 0 0 0 0 0 0 0 0 0 0 0 0 0 0 0 0 0.0243902 0.0487805 0.0487805 0.097561 0.097561 0.146341 0.195122 0.170732 0.121951 0 0.0487805 0 0 0 0 

1344 1337 970 84 0 0.598355 0 0 0 0 0 0 0 0 0 0 0 0 0 0 0 0 0 0 0 0 0.097561 0.0731707 0.195122 0.219512 0.243902 0.0731707 0.097561 0 0 0 0 0 0 

1216 1193 842 84 0 0.670578 0 0 0 0 0 0 0 0 0 0 0 0 0 0 0 0 0 0 0 0 0.027027 0.243243 0.243243 0.216216 0.216216 0.0540541 0 0 0 0 0 0 0 

1216 1199 872 84 0 0.667223 0 0 0 0 0 0 0 0 0 0 0 0 0 0 0 0 0 0 0 0.0810811 0 0.0810811 0.162162 0.108108 0.378378 0.135135 0.0540541 0 0 0 0 0 0 

1120 1105 801 67 0 0.723982 0 0 0 0 0 0 0 0 0 0 0 0 0 0 0 0 0 0 0 0 0 0.205882 0.176471 0.147059 0.382353 0 0.0882353 0 0 0 0 0 0 

1216 1198 886 84 0 0.66778 0 0 0 0 0 0 0 0 0 0 0 0 0 0 0 0 0 0 0 0 0.027027 0.027027 0.162162 0.216216 0.324324 0.189189 0.0540541 0 0 0 0 0 0 

1376 1367 1019 84 0 0.585223 0 0 0 0 0 0 0 0 0 0 0 0 0 0 0 0 0 0 0 0.0238095 0 0 0.166667 0.261905 0.214286 0.238095 0.0952381 0 0 0 0 0 0 

1120 1103 802 78 0 0.725295 0 0 0 0 0 0 0 0 0 0 0 0 0 0 0 0 0 0 0 0 0.0588235 0.117647 0.117647 0.294118 0.176471 0.205882 0.0294118 0 0 0 0 0 0 

1376 1358 990 84 0 0.589102 0 0 0 0 0 0 0 0 0 0 0 0 0 0 0 0 0 0 0 0.0238095 0 0.119048 0.190476 0.214286 0.214286 0.166667 0.0714286 0 0 0 0 0 0 

1536 1514 1099 84 0 0.528402 0 0 0 0 0 0 0 0 0 0 0 0 0 0 0 0 0 0 0 0 0.0638298 0.106383 0.191489 0.212766 0.170213 0.191489 0.0425532 0.0212766 0 0 0 0 0 

1120 1105 802 81 0 0.723982 0 0 0 0 0 0 0 0 0 0 0 0 0 0 0 0 0 0 0 0.0294118 0.0588235 0.0294118 0.294118 0.205882 0.117647 0.205882 0.0294118 0.0294118 0 0 0 0 0 

1312 1286 942 84 0 0.622084 0 0 0 0 0 0 0 0 0 0 0 0 0 0 0 0 0 0 0.025 0.025 0.05 0.075 0.1 0.15 0.225 0.275 0.05 0.025 0 0 0 0 0 

1088 1082 800 83 0 0.739372 0 0 0 0 0 0 0 0 0 0 0 0 0 0 0 0 0 0 0.030303 0 0.030303 0.0606061 0.181818 0.272727 0.0909091 0.121212 0.121212 0.0909091 0 0 0 0 0 

1632 1603 1177 84 0 0.499064 0 0 0 0 0 0 0 0 0 0 0 0 0 0 0 0 0 0 0 0.06 0 0.12 0.1 0.18 0.24 0.12 0.14 0.04 0 0 0 0 0 

1344 1333 980 84 0 0.60015 0 0 0 0 0 0 0 0 0 0 0 0 0 0 0 0 0 0 0 0 0.121951 0.0731707 0.0731707 0.121951 0.341463 0.195122 0.0487805 0.0243902 0 0 0 0 0 

1504 1491 1097 84 0 0.536553 0 0 0 0 0 0 0 0 0 0 0 0 0 0 0 0 0 0 0 0 0.0217391 0.0652174 0.217391 0.195652 0.23913 0.217391 0 0.0434783 0 0 0 0 0 

1376 1365 986 84 0 0.586081 0 0 0 0 0 0 0 0 0 0 0 0 0 0 0 0 0 0 0.0238095 0.0238095 0.0714286 0.119048 0.142857 0.142857 0.238095 0.190476 0.0238095 0.0238095 0 0 0 0 0 

1120 1105 801 68 0 0.723982 0 0 0 0 0 0 0 0 0 0 0 0 0 0 0 0 0 0 0.0294118 0.0294118 0.0882353 0.0588235 0.117647 0.323529 0.0294118 0.176471 0.147059 0 0 0 0 0 0 

1312 1285 923 84 0 0.622568 0 0 0 0 0 0 0 0 0 0 0 0 0 0 0 0 0 0 0 0.025 0.025 0.125 0.25 0.175 0.2 0.175 0.025 0 0 0 0 0 0 

1120 1095 802 74 0 0.730594 0 0 0 0 0 0 0 0 0 0 0 0 0 0 0 0 0 0 0 0 0 0.117647 0.176471 0.235294 0.264706 0.0882353 0.117647 0 0 0 0 0 0 

1376 1358 975 84 0 0.589102 0 0 0 0 0 0 0 0 0 0 0 0 0 0 0 0 0 0 0 0.0238095 0 0.0952381 0.285714 0.261905 0.261905 0.047619 0 0.0238095 0 0 0 0 0 

1120 1103 810 84 0 0.725295 0 0 0 0 0 0 0 0 0 0 0 0 0 0 0 0 0 0 0 0 0.0294118 0.0882353 0.205882 0.205882 0.205882 0.147059 0.117647 0 0 0 0 0 0 

1120 1100 802 72 0 0.727273 0 0 0 0 0 0 0 0 0 0 0 0 0 0 0 0 0 0 0 0 0 0.147059 0.147059 0.294118 0.264706 0.0882353 0 0.0588235 0 0 0 0 0 

