4800 4800 3473 37 159 0.000208333 0 0 0 0 0 0 0 0 0 0 0 0 0 0 0 0 0 0 0 0.0201342 0.0268456 0.0939597 0.174497 0.288591 0.187919 0.154362 0.033557 0.0201342 0 0 0 0 0 

4800 4800 3501 37 159 0.000208333 0 0 0 0 0 0 0 0 0 0 0 0 0 0 0 0 0 0 0.00671141 0.0201342 0.0536913 0.100671 0.0738255 0.228188 0.268456 0.14094 0.0939597 0.0134228 0 0 0 0 0 

4800 4800 3486 37 159 0.000208333 0 0 0 0 0 0 0 0 0 0 0 0 0 0 0 0 0 0.00671141 0.0201342 0.00671141 0.00671141 0.107383 0.161074 0.221477 0.234899 0.134228 0.0872483 0.0134228 0 0 0 0 0 

4800 4800 3469 37 159 0.000208333 0 0 0 0 0 0 0 0 0 0 0 0 0 0 0 0 0 0 0.00671141 0.00671141 0.0469799 0.0738255 0.194631 0.241611 0.234899 0.14094 0.0536913 0 0 0 0 0 0 

4800 4800 3462 37 159 0.000208333 0 0 0 0 0 0 0 0 0 0 0 0 0 0 0 0 0 0 0 0.0201342 0.0805369 0.0805369 0.174497 0.234899 0.194631 0.134228 0.0604027 0 0.0201342 0 0 0 0 

4800 4800 3456 37 159 0.000208333 0 0 0 0 0 0 0 0 0 0 0 0 0 0 0 0 0 0.00671141 0.0201342 0.0134228 0.0134228 0.0872483 0.194631 0.241611 0.241611 0.127517 0.0469799 0.00671141 0 0 0 0 0 

4800 4800 3476 37 159 0.000208333 0 0 0 0 0 0 0 0 0 0 0 0 0 0 0 0 0 0 0.00671141 0 0.0604027 0.127517 0.134228 0.221477 0.214765 0.167785 0.0604027 0 0.00671141 0 0 0 0 

4800 4800 3463 37 159 0.000208333 0 0 0 0 0 0 0 0 0 0 0 0 0 0 0 0 0 0.0134228 0 0.0134228 0.0402685 0.100671 0.181208 0.261745 0.154362 0.154362 0.0604027 0.0134228 0.00671141 0 0 0 0 

4800 4800 3481 37 159 0.000208333 0 0 0 0 0 0 0 0 0 0 0 0 0 0 0 0 0 0.00671141 0.0134228 0.0134228 0.0469799 0.0738255 0.154362 0.234899 0.228188 0.161074 0.033557 0.0268456 0.00671141 0 0 0 0 

4800 4800 3518 37 159 0.000208333 0 0 0 0 0 0 0 0 0 0 0 0 0 0 0 0 0 0 0 0.0134228 0.033557 0.100671 0.120805 0.221477 0.201342 0.214765 0.0671141 0.0268456 0 0 0 0 0 

4800 4800 3514 37 159 0.000208333 0 0 0 0 0 0 0 0 0 0 0 0 0 0 0 0 0 0 0.00671141 0.0134228 0.0738255 0.0469799 0.120805 0.174497 0.268456 0.194631 0.0939597 0 0.00671141 0 0 0 0 

4800 4800 3488 37 159 0.000208333 0 0 0 0 0 0 0 0 0 0 0 0 0 0 0 0 0.00671141 0.00671141 0 0.0201342 0.0268456 0.100671 0.154362 0.221477 0.181208 0.181208 0.0939597 0.00671141 0 0 0 0 0 

4800 4800 3513 37 159 0.000208333 0 0 0 0 0 0 0 0 0 0 0 0 0 0 0 0 0 0 0 0.0134228 0.0402685 0.0805369 0.154362 0.194631 0.248322 0.161074 0.107383 0 0 0 0 0 0 

4800 4800 3491 37 159 0.000208333 0 0 0 0 0 0 0 0 0 0 0 0 0 0 0 0 0.00671141 0 0.0134228 0.0134228 0.0536913 0.0604027 0.161074 0.181208 0.261745 0.14094 0.0872483 0.0201342 0 0 0 0 0 

4800 4800 3473 37 159 0.000208333 0 0 0 0 0 0 0 0 0 0 0 0 0 0 0 0 0 0 0 0.00671141 0.0402685 0.134228 0.161074 0.221477 0.208054 0.187919 0.0268456 0.0134228 0 0 0 0 0 

4800 4800 3465 37 159 0.000208333 0 0 0 0 0 0 0 0 0 0 0 0 0 0 0 0 0 0 0.0134228 0.0201342 0.0604027 0.107383 0.167785 0.167785 0.228188 0.154362 0.0604027 0.0201342 0 0 0 0 0 

4800 4800 3521 37 159 0.000208333 0 0 0 0 0 0 0 0 0 0 0 0 0 0 0 0 0 0 0.00671141 0.0201342 0.0268456 0.0738255 0.174497 0.154362 0.241611 0.181208 0.100671 0.0201342 0 0 0 0 0 

4800 4800 3451 37 159 0.000208333 0 0 0 0 0 0 0 0 0 0 0 0 0 0 0 0 0.00671141 0.00671141 0.00671141 0.0134228 0.0268456 0.114094 0.201342 0.201342 0.241611 0.114094 0.0671141 0 0 0 0 0 0 

4800 4800 3453 37 159 0.000208333 0 0 0 0 0 0 0 0 0 0 0 0 0 0 0 0 0 0.00671141 0.00671141 0.0268456 0.0402685 0.147651 0.120805 0.221477 0.228188 0.114094 0.0671141 0.0201342 0 0 0 0 0 

4800 4800 3468 37 159 0.000208333 0 0 0 0 0 0 0 0 0 0 0 0 0 0 0 0 0 0 0.00671141 0.0201342 0.0469799 0.0738255 0.187919 0.234899 0.228188 0.114094 0.0805369 0.00671141 0 0 0 0 0 

4800 4800 3490 37 159 0.000208333 0 0 0 0 0 0 0 0 0 0 0 0 0 0 0 0 0 0 0 0.0201342 0.0201342 0.134228 0.167785 0.201342 0.208054 0.161074 0.0469799 0.0402685 0 0 0 0 0 

4800 4800 3500 37 159 0.000208333 0 0 0 0 0 0 0 0 0 0 0 0 0 0 0 0 0.00671141 0 0 0.00671141 0.0469799 0.0738255 0.167785 0.208054 0.201342 0.221477 0.0536913 0.0134228 0 0 0 0 0 

4800 4800 3458 37 159 0.000208333 0 0 0 0 0 0 0 0 0 0 0 0 0 0 0 0 0 0.00671141 0 0.0402685 0.0469799 0.100671 0.161074 0.187919 0.228188 0.167785 0.0469799 0.0134228 0 0 0 0 0 

4800 4800 3528 37 159 0.000208333 0 0 0 0 0 0 0 0 0 0 0 0 0 0 0 0 0 0 0 0.00671141 0.0402685 0.0805369 0.127517 0.241611 0.194631 0.187919 0.100671 0.0201342 0 0 0 0 0 

4800 4800 3477 37 159 0.000208333 0 0 0 0 0 0 0 0 0 0 0 0 0 0 0 0 0 0.00671141 0.00671141 0.00671141 0.033557 0.0805369 0.174497 0.261745 0.201342 0.147651 0.0738255 0.00671141 0 0 0 0 0 

4800 4800 3515 37 159 0.000208333 0 0 0 0 0 0 0 0 0 0 0 0 0 0 0 0 0 0 0 0.0201342 0.00671141 0.0738255 0.154362 0.255034 0.221477 0.201342 0.0604027 0.00671141 0 0 0 0 0 

4800 4800 3476 37 159 0.000208333 0 0 0 0 0 0 0 0 0 0 0 0 0 0 0 0 0 0.00671141 0.0134228 0.00671141 0.0402685 0.114094 0.147651 0.214765 0.214765 0.167785 0.0536913 0.0201342 0 0 0 0 0 

4800 4800 3486 37 159 0.000208333 0 0 0 0 0 0 0 0 0 0 0 0 0 0 0 0 0 0 0.00671141 0.00671141 0.0604027 0.100671 0.14094 0.221477 0.201342 0.167785 0.0805369 0.0134228 0 0 0 0 0 

4800 4800 3528 37 159 0.000208333 0 0 0 0 0 0 0 0 0 0 0 0 0 0 0 0 0 0.00671141 0 0.00671141 0.0268456 0.0402685 0.167785 0.255034 0.194631 0.187919 0.0939597 0.0201342 0 0 0 0 0 

4800 4800 3436 37 159 0.000208333 0 0 0 0 0 0 0 0 0 0 0 0 0 0 0 0 0 0 0 0.0402685 0.0604027 0.114094 0.167785 0.228188 0.201342 0.127517 0.0469799 0.0134228 0 0 0 0 0 

4800 4800 3493 37 159 0.000208333 0 0 0 0 0 0 0 0 0 0 0 0 0 0 0 0 0 0 0 0.0134228 0.0402685 0.0738255 0.194631 0.234899 0.174497 0.194631 0.0671141 0.00671141 0 0 0 0 0 

4800 4800 3470 37 159 0.000208333 0 0 0 0 0 0 0 0 0 0 0 0 0 0 0 0 0 0.00671141 0 0.0201342 0.0268456 0.0872483 0.228188 0.201342 0.201342 0.181208 0.033557 0.00671141 0.00671141 0 0 0 0 

4800 4800 3489 37 159 0.000208333 0 0 0 0 0 0 0 0 0 0 0 0 0 0 0 0 0 0 0.0134228 0 0.033557 0.0872483 0.134228 0.308725 0.208054 0.120805 0.0939597 0 0 0 0 0 0 

4800 4800 3469 37 159 0.000208333 0 0 0 0 0 0 0 0 0 0 0 0 0 0 0 0 0.00671141 0 0.00671141 0.0268456 0.0268456 0.100671 0.187919 0.187919 0.208054 0.167785 0.0738255 0.00671141 0 0 0 0 0 

4800 4800 3513 37 159 0.000208333 0 0 0 0 0 0 0 0 0 0 0 0 0 0 0 0 0 0 0 0.00671141 0.0134228 0.100671 0.134228 0.268456 0.241611 0.127517 0.0939597 0.0134228 0 0 0 0 0 

4800 4800 3506 37 159 0.000208333 0 0 0 0 0 0 0 0 0 0 0 0 0 0 0 0 0 0 0 0.0134228 0.0469799 0.0671141 0.134228 0.194631 0.348993 0.127517 0.033557 0.0268456 0.00671141 0 0 0 0 

4800 4800 3504 37 159 0.000208333 0 0 0 0 0 0 0 0 0 0 0 0 0 0 0 0 0 0 0 0.0134228 0.0268456 0.0939597 0.167785 0.228188 0.208054 0.161074 0.0805369 0.0201342 0 0 0 0 0 

4800 4800 3500 37 159 0.000208333 0 0 0 0 0 0 0 0 0 0 0 0 0 0 0 0 0 0.00671141 0.00671141 0.033557 0.033557 0.0939597 0.127517 0.154362 0.268456 0.174497 0.0805369 0.0134228 0.00671141 0 0 0 0 

4800 4800 3513 37 159 0.000208333 0 0 0 0 0 0 0 0 0 0 0 0 0 0 0 0 0 0 0.00671141 0.00671141 0.0201342 0.100671 0.107383 0.241611 0.255034 0.194631 0.0536913 0.0134228 0 0 0 0 0 

4800 4800 3507 37 159 0.000208333 0 0 0 0 0 0 0 0 0 0 0 0 0 0 0 0 0 0 0 0.0134228 0.033557 0.0738255 0.14094 0.228188 0.261745 0.181208 0.0604027 0.00671141 0 0 0 0 0 

4800 4800 3465 37 159 0.000208333 0 0 0 0 0 0 0 0 0 0 0 0 0 0 0 0 0 0.00671141 0 0.0201342 0.033557 0.0805369 0.194631 0.241611 0.234899 0.127517 0.0536913 0.00671141 0 0 0 0 0 

4800 4800 3480 37 159 0.000208333 0 0 0 0 0 0 0 0 0 0 0 0 0 0 0 0 0 0 0.0201342 0.0201342 0.0402685 0.0872483 0.14094 0.221477 0.201342 0.194631 0.0536913 0.0201342 0 0 0 0 0 

4800 4800 3477 37 159 0.000208333 0 0 0 0 0 0 0 0 0 0 0 0 0 0 0 0 0 0 0 0.033557 0.0402685 0.0469799 0.228188 0.221477 0.201342 0.147651 0.0671141 0.0134228 0 0 0 0 0 

4800 4800 3506 37 159 0.000208333 0 0 0 0 0 0 0 0 0 0 0 0 0 0 0 0 0.00671141 0 0 0.00671141 0.0402685 0.0805369 0.147651 0.208054 0.295302 0.134228 0.0402685 0.0201342 0.0201342 0 0 0 0 

4800 4800 3508 37 159 0.000208333 0 0 0 0 0 0 0 0 0 0 0 0 0 0 0 0 0 0 0.0201342 0 0.0402685 0.0604027 0.154362 0.221477 0.255034 0.154362 0.0671141 0.0201342 0.00671141 0 0 0 0 

4800 4800 3448 37 159 0.000208333 0 0 0 0 0 0 0 0 0 0 0 0 0 0 0 0 0.00671141 0.00671141 0.0134228 0 0.0402685 0.107383 0.154362 0.281879 0.181208 0.14094 0.0671141 0 0 0 0 0 0 

4800 4800 3485 37 159 0.000208333 0 0 0 0 0 0 0 0 0 0 0 0 0 0 0 0 0 0 0 0.0201342 0.0268456 0.127517 0.167785 0.194631 0.228188 0.14094 0.0738255 0.0134228 0.00671141 0 0 0 0 

4800 4800 3493 37 159 0.000208333 0 0 0 0 0 0 0 0 0 0 0 0 0 0 0 0 0 0 0 0.00671141 0.0604027 0.0872483 0.161074 0.187919 0.261745 0.161074 0.0536913 0.0134228 0.00671141 0 0 0 0 

4800 4800 3486 37 159 0.000208333 0 0 0 0 0 0 0 0 0 0 0 0 0 0 0 0 0 0 0 0 0.0469799 0.0939597 0.221477 0.214765 0.147651 0.228188 0.0201342 0.0268456 0 0 0 0 0 

4800 4800 3467 37 159 0.000208333 0 0 0 0 0 0 0 0 0 0 0 0 0 0 0 0 0 0.00671141 0 0.0134228 0.0536913 0.107383 0.14094 0.208054 0.255034 0.161074 0.0469799 0.00671141 0 0 0 0 0 

4800 4800 3461 37 159 0.000208333 0 0 0 0 0 0 0 0 0 0 0 0 0 0 0 0 0 0 0.0134228 0.0134228 0.0939597 0.0738255 0.147651 0.221477 0.201342 0.154362 0.0738255 0.00671141 0 0 0 0 0 

4800 4800 3482 37 159 0.000208333 0 0 0 0 0 0 0 0 0 0 0 0 0 0 0 0 0 0.00671141 0.0134228 0.0201342 0.033557 0.0738255 0.167785 0.221477 0.214765 0.154362 0.0805369 0.0134228 0 0 0 0 0 

4800 4800 3495 37 159 0.000208333 0 0 0 0 0 0 0 0 0 0 0 0 0 0 0 0 0 0 0.00671141 0.0201342 0.0402685 0.0738255 0.147651 0.214765 0.241611 0.187919 0.0604027 0.00671141 0 0 0 0 0 

4800 4800 3499 37 159 0.000208333 0 0 0 0 0 0 0 0 0 0 0 0 0 0 0 0 0 0 0.0201342 0.0134228 0.0268456 0.0671141 0.194631 0.174497 0.241611 0.161074 0.0805369 0.0201342 0 0 0 0 0 

4800 4800 3487 37 159 0.000208333 0 0 0 0 0 0 0 0 0 0 0 0 0 0 0 0 0 0 0 0.0268456 0.0402685 0.0939597 0.134228 0.221477 0.275168 0.127517 0.0536913 0.0268456 0 0 0 0 0 

4800 4800 3512 37 159 0.000208333 0 0 0 0 0 0 0 0 0 0 0 0 0 0 0 0 0 0 0.00671141 0 0.0201342 0.107383 0.161074 0.241611 0.201342 0.147651 0.0805369 0.033557 0 0 0 0 0 

4800 4800 3477 37 159 0.000208333 0 0 0 0 0 0 0 0 0 0 0 0 0 0 0 0 0 0.00671141 0.00671141 0.0134228 0.0201342 0.0738255 0.221477 0.208054 0.248322 0.134228 0.0536913 0.0134228 0 0 0 0 0 

4800 4800 3461 37 159 0.000208333 0 0 0 0 0 0 0 0 0 0 0 0 0 0 0 0 0.00671141 0 0.0134228 0.0268456 0.033557 0.0872483 0.161074 0.255034 0.174497 0.167785 0.0671141 0.00671141 0 0 0 0 0 

4800 4800 3465 37 159 0.000208333 0 0 0 0 0 0 0 0 0 0 0 0 0 0 0 0.00671141 0 0 0 0.00671141 0.0469799 0.134228 0.134228 0.228188 0.228188 0.154362 0.0536913 0.00671141 0 0 0 0 0 

4800 4800 3481 37 159 0.000208333 0 0 0 0 0 0 0 0 0 0 0 0 0 0 0 0 0 0 0 0.0134228 0.0536913 0.107383 0.174497 0.181208 0.248322 0.134228 0.0671141 0.0201342 0 0 0 0 0 

4800 4800 3494 37 159 0.000208333 0 0 0 0 0 0 0 0 0 0 0 0 0 0 0 0 0 0 0.00671141 0.0134228 0.033557 0.0604027 0.167785 0.208054 0.295302 0.161074 0.0469799 0.00671141 0 0 0 0 0 

4800 4800 3512 37 159 0.000208333 0 0 0 0 0 0 0 0 0 0 0 0 0 0 0 0 0 0 0 0.00671141 0.0536913 0.0671141 0.0939597 0.261745 0.288591 0.167785 0.0536913 0 0.00671141 0 0 0 0 

4800 4800 3494 37 159 0.000208333 0 0 0 0 0 0 0 0 0 0 0 0 0 0 0 0 0 0.00671141 0 0 0.0268456 0.107383 0.187919 0.208054 0.201342 0.174497 0.0805369 0.00671141 0 0 0 0 0 

4800 4800 3500 37 159 0.000208333 0 0 0 0 0 0 0 0 0 0 0 0 0 0 0 0 0 0 0.00671141 0.0201342 0.0201342 0.0939597 0.14094 0.268456 0.194631 0.14094 0.0939597 0.0134228 0 0.00671141 0 0 0 

4800 4800 3507 37 159 0.000208333 0 0 0 0 0 0 0 0 0 0 0 0 0 0 0 0 0 0 0 0 0.0268456 0.120805 0.147651 0.221477 0.214765 0.194631 0.0604027 0.0134228 0 0 0 0 0 

4800 4800 3476 37 159 0.000208333 0 0 0 0 0 0 0 0 0 0 0 0 0 0 0 0 0 0.00671141 0 0 0.0604027 0.100671 0.14094 0.201342 0.275168 0.174497 0.0268456 0.0134228 0 0 0 0 0 

4800 4800 3461 37 159 0.000208333 0 0 0 0 0 0 0 0 0 0 0 0 0 0 0 0 0 0 0.00671141 0.033557 0.0872483 0.0939597 0.114094 0.194631 0.214765 0.167785 0.0872483 0 0 0 0 0 0 

4800 4800 3497 37 159 0.000208333 0 0 0 0 0 0 0 0 0 0 0 0 0 0 0 0 0.00671141 0 0 0.00671141 0.0402685 0.0738255 0.194631 0.194631 0.241611 0.154362 0.0536913 0.033557 0 0 0 0 0 

4800 4800 3477 37 159 0.000208333 0 0 0 0 0 0 0 0 0 0 0 0 0 0 0 0 0 0 0 0.0469799 0.0469799 0.0872483 0.14094 0.248322 0.167785 0.174497 0.0671141 0.0201342 0 0 0 0 0 

4800 4800 3460 37 159 0.000208333 0 0 0 0 0 0 0 0 0 0 0 0 0 0 0 0 0 0.00671141 0.0201342 0.0201342 0.033557 0.0939597 0.174497 0.194631 0.241611 0.14094 0.0604027 0.0134228 0 0 0 0 0 

4800 4800 3464 37 159 0.000208333 0 0 0 0 0 0 0 0 0 0 0 0 0 0 0 0 0 0 0 0.0134228 0.0738255 0.0872483 0.154362 0.214765 0.261745 0.127517 0.0536913 0.0134228 0 0 0 0 0 

4800 4800 3443 37 159 0.000208333 0 0 0 0 0 0 0 0 0 0 0 0 0 0 0 0 0 0 0 0.0134228 0.0671141 0.134228 0.154362 0.234899 0.214765 0.134228 0.0402685 0.00671141 0 0 0 0 0 

4800 4800 3504 37 159 0.000208333 0 0 0 0 0 0 0 0 0 0 0 0 0 0 0 0 0 0 0 0.0201342 0.0201342 0.14094 0.154362 0.147651 0.241611 0.154362 0.0939597 0.0268456 0 0 0 0 0 

4800 4800 3520 37 159 0.000208333 0 0 0 0 0 0 0 0 0 0 0 0 0 0 0 0 0 0 0 0.0134228 0.0402685 0.0738255 0.0872483 0.275168 0.228188 0.208054 0.0536913 0.0201342 0 0 0 0 0 

4800 4800 3493 37 159 0.000208333 0 0 0 0 0 0 0 0 0 0 0 0 0 0 0 0 0 0 0.0134228 0 0.0402685 0.120805 0.134228 0.208054 0.221477 0.187919 0.0469799 0.0268456 0 0 0 0 0 

4800 4800 3495 37 159 0.000208333 0 0 0 0 0 0 0 0 0 0 0 0 0 0 0 0 0 0.00671141 0 0.033557 0.0536913 0.0604027 0.134228 0.208054 0.241611 0.161074 0.0872483 0.0134228 0 0 0 0 0 

4800 4800 3455 37 159 0.000208333 0 0 0 0 0 0 0 0 0 0 0 0 0 0 0 0 0 0 0 0.00671141 0.0536913 0.0604027 0.208054 0.328859 0.187919 0.114094 0.0268456 0.0134228 0 0 0 0 0 

4800 4800 3450 37 159 0.000208333 0 0 0 0 0 0 0 0 0 0 0 0 0 0 0 0 0 0.00671141 0 0.0402685 0.0671141 0.0872483 0.134228 0.194631 0.255034 0.174497 0.0402685 0 0 0 0 0 0 

4800 4800 3479 37 159 0.000208333 0 0 0 0 0 0 0 0 0 0 0 0 0 0 0 0 0 0 0.00671141 0.00671141 0.0536913 0.0738255 0.201342 0.221477 0.201342 0.154362 0.0671141 0.0134228 0 0 0 0 0 

