1216 1195 885 84 0 0.669456 0 0 0 0 0 0 0 0 0 0 0 0 0 0 0 0 0 0 0 0.027027 0.0540541 0.0540541 0.108108 0.108108 0.351351 0.162162 0.108108 0.027027 0 0 0 0 0 

1312 1295 956 84 0 0.617761 0 0 0 0 0 0 0 0 0 0 0 0 0 0 0 0 0 0 0 0.05 0 0.05 0.175 0.25 0.175 0.175 0.05 0.05 0.025 0 0 0 0 

1312 1296 928 84 0 0.617284 0 0 0 0 0 0 0 0 0 0 0 0 0 0 0 0 0 0 0.025 0 0.025 0.1 0.25 0.275 0.2 0.125 0 0 0 0 0 0 0 

1216 1194 875 84 0 0.670017 0 0 0 0 0 0 0 0 0 0 0 0 0 0 0 0 0 0 0 0.027027 0.027027 0.108108 0.162162 0.189189 0.216216 0.108108 0.135135 0.027027 0 0 0 0 0 

1216 1194 857 84 0 0.670017 0 0 0 0 0 0 0 0 0 0 0 0 0 0 0 0 0 0 0 0.0540541 0.027027 0.243243 0.108108 0.162162 0.162162 0.162162 0.027027 0.0540541 0 0 0 0 0 

1216 1195 892 84 0 0.669456 0 0 0 0 0 0 0 0 0 0 0 0 0 0 0 0 0 0 0 0 0 0.0540541 0.0810811 0.216216 0.405405 0.135135 0.108108 0 0 0 0 0 0 

1280 1252 910 84 0 0.638978 0 0 0 0 0 0 0 0 0 0 0 0 0 0 0 0 0 0 0.025641 0.025641 0.025641 0.0512821 0.205128 0.230769 0.230769 0.0512821 0.102564 0.0512821 0 0 0 0 0 

1312 1295 930 84 0 0.617761 0 0 0 0 0 0 0 0 0 0 0 0 0 0 0 0 0 0 0 0.05 0.05 0.1 0.2 0.275 0.1 0.15 0.075 0 0 0 0 0 0 

1216 1194 861 84 0 0.670017 0 0 0 0 0 0 0 0 0 0 0 0 0 0 0 0 0 0 0 0.027027 0 0.189189 0.162162 0.243243 0.162162 0.162162 0.0540541 0 0 0 0 0 0 

1216 1194 849 84 0 0.670017 0 0 0 0 0 0 0 0 0 0 0 0 0 0 0 0 0 0 0.027027 0.0810811 0 0.162162 0.216216 0.216216 0.0810811 0.135135 0.027027 0.027027 0.027027 0 0 0 0 

