960 931 691 75 0 0.687433 0 0 0 0 0 0 0 0 0 0 0 0 0 0 0 0 0 0 0 0 0 0.0689655 0.172414 0.206897 0.206897 0.206897 0.137931 0 0 0 0 0 0 

992 967 703 75 0 0.661841 0 0 0 0 0 0 0 0 0 0 0 0 0 0 0 0 0 0 0.0333333 0.0333333 0.0666667 0.0666667 0.0666667 0.266667 0.233333 0.0666667 0.133333 0.0333333 0 0 0 0 0 

992 969 692 75 0 0.660475 0 0 0 0 0 0 0 0 0 0 0 0 0 0 0 0 0 0 0 0.0666667 0.1 0.0333333 0.233333 0.266667 0.133333 0.0333333 0.1 0.0333333 0 0 0 0 0 

992 967 695 75 0 0.661841 0 0 0 0 0 0 0 0 0 0 0 0 0 0 0 0 0 0 0 0.0333333 0.0333333 0.1 0.2 0.3 0.233333 0 0.0666667 0.0333333 0 0 0 0 0 

992 971 709 75 0 0.659114 0 0 0 0 0 0 0 0 0 0 0 0 0 0 0 0 0 0 0 0.0666667 0.0666667 0.0666667 0.133333 0.133333 0.2 0.233333 0.0666667 0.0333333 0 0 0 0 0 

960 934 695 75 0 0.685225 0 0 0 0 0 0 0 0 0 0 0 0 0 0 0 0 0 0 0 0 0.0689655 0.0344828 0.103448 0.172414 0.310345 0.137931 0.137931 0.0344828 0 0 0 0 0 

960 934 692 75 0 0.685225 0 0 0 0 0 0 0 0 0 0 0 0 0 0 0 0 0 0 0 0 0.0689655 0.0689655 0.137931 0.103448 0.241379 0.241379 0.137931 0 0 0 0 0 0 

1024 996 712 75 0 0.64257 0 0 0 0 0 0 0 0 0 0 0 0 0 0 0 0 0 0 0.0322581 0 0.0322581 0.16129 0.129032 0.290323 0.225806 0.0645161 0.0645161 0 0 0 0 0 0 

992 967 691 75 0 0.661841 0 0 0 0 0 0 0 0 0 0 0 0 0 0 0 0 0.0333333 0 0 0 0.1 0.1 0.166667 0.233333 0.1 0.2 0.0666667 0 0 0 0 0 0 

992 967 701 75 0 0.661841 0 0 0 0 0 0 0 0 0 0 0 0 0 0 0 0 0 0 0 0 0.1 0.0333333 0.133333 0.3 0.3 0.0666667 0.0666667 0 0 0 0 0 0 

