512 505 387 56 0 0.712871 0 0 0 0 0 0 0 0 0 0 0 0 0 0 0 0 0 0 0 0 0 0 0.2 0.133333 0.333333 0.133333 0.0666667 0.133333 0 0 0 0 0 

640 617 446 56 0 0.583468 0 0 0 0 0 0 0 0 0 0 0 0 0 0 0 0 0 0 0 0 0.0526316 0.0526316 0.263158 0.315789 0.157895 0.105263 0.0526316 0 0 0 0 0 0 

640 618 450 56 0 0.582524 0 0 0 0 0 0 0 0 0 0 0 0 0 0 0 0 0 0 0 0 0.0526316 0.210526 0.157895 0.210526 0.105263 0.105263 0.105263 0 0.0526316 0 0 0 0 

512 505 373 56 0 0.712871 0 0 0 0 0 0 0 0 0 0 0 0 0 0 0 0 0 0 0 0 0 0.133333 0.2 0.2 0.266667 0.2 0 0 0 0 0 0 0 

640 618 449 56 0 0.582524 0 0 0 0 0 0 0 0 0 0 0 0 0 0 0 0 0 0 0 0.0526316 0.0526316 0.105263 0.0526316 0.263158 0.263158 0.157895 0.0526316 0 0 0 0 0 0 

512 505 380 56 0 0.712871 0 0 0 0 0 0 0 0 0 0 0 0 0 0 0 0 0 0 0 0 0 0.0666667 0.133333 0.2 0.333333 0.2 0.0666667 0 0 0 0 0 0 

608 589 449 56 0 0.611205 0 0 0 0 0 0 0 0 0 0 0 0 0 0 0 0 0 0 0 0 0 0.0555556 0 0.333333 0.111111 0.388889 0 0.111111 0 0 0 0 0 

736 716 524 56 0 0.502793 0 0 0 0 0 0 0 0 0 0 0 0 0 0 0 0 0 0 0 0.0454545 0.0454545 0 0.227273 0.227273 0.181818 0.181818 0.0909091 0 0 0 0 0 0 

640 616 456 56 0 0.584416 0 0 0 0 0 0 0 0 0 0 0 0 0 0 0 0 0 0 0 0 0.0526316 0.157895 0 0.263158 0.157895 0.210526 0.157895 0 0 0 0 0 0 

640 618 450 56 0 0.582524 0 0 0 0 0 0 0 0 0 0 0 0 0 0 0 0 0 0 0 0 0.0526316 0.105263 0.210526 0.263158 0.105263 0.157895 0.105263 0 0 0 0 0 0 

640 618 447 56 0 0.582524 0 0 0 0 0 0 0 0 0 0 0 0 0 0 0 0 0 0 0 0 0 0.105263 0.263158 0.210526 0.368421 0.0526316 0 0 0 0 0 0 0 

640 617 442 56 0 0.583468 0 0 0 0 0 0 0 0 0 0 0 0 0 0 0 0 0 0 0 0.0526316 0 0.157895 0.263158 0.105263 0.263158 0.157895 0 0 0 0 0 0 0 

640 618 445 56 0 0.582524 0 0 0 0 0 0 0 0 0 0 0 0 0 0 0 0 0 0 0 0.0526316 0 0 0.210526 0.473684 0.210526 0.0526316 0 0 0 0 0 0 0 

736 716 516 56 0 0.502793 0 0 0 0 0 0 0 0 0 0 0 0 0 0 0 0 0 0 0.0454545 0.0454545 0.0454545 0.0454545 0.227273 0.136364 0.181818 0.227273 0.0454545 0 0 0 0 0 0 

640 617 453 56 0 0.583468 0 0 0 0 0 0 0 0 0 0 0 0 0 0 0 0 0 0 0 0 0.0526316 0.0526316 0.105263 0.315789 0.263158 0.157895 0.0526316 0 0 0 0 0 0 

640 618 449 56 0 0.582524 0 0 0 0 0 0 0 0 0 0 0 0 0 0 0 0 0 0 0 0 0.105263 0.105263 0.210526 0.105263 0.157895 0.263158 0.0526316 0 0 0 0 0 0 

736 716 526 56 0 0.502793 0 0 0 0 0 0 0 0 0 0 0 0 0 0 0 0 0 0 0 0.0454545 0.0909091 0.0454545 0.227273 0.0909091 0.181818 0.136364 0.0454545 0.136364 0 0 0 0 0 

640 618 448 56 0 0.582524 0 0 0 0 0 0 0 0 0 0 0 0 0 0 0 0 0 0 0.0526316 0 0.0526316 0.0526316 0.157895 0.263158 0.210526 0.157895 0 0.0526316 0 0 0 0 0 

640 617 459 56 0 0.583468 0 0 0 0 0 0 0 0 0 0 0 0 0 0 0 0 0 0 0 0 0 0.0526316 0.157895 0.210526 0.263158 0.263158 0.0526316 0 0 0 0 0 0 

640 617 456 56 0 0.583468 0 0 0 0 0 0 0 0 0 0 0 0 0 0 0 0 0 0 0 0 0.105263 0.0526316 0.105263 0.0526316 0.473684 0.0526316 0.157895 0 0 0 0 0 0 

640 618 454 56 0 0.582524 0 0 0 0 0 0 0 0 0 0 0 0 0 0 0 0 0 0 0 0 0.105263 0 0.105263 0.210526 0.368421 0.210526 0 0 0 0 0 0 0 

736 716 507 56 0 0.502793 0 0 0 0 0 0 0 0 0 0 0 0 0 0 0 0 0 0 0.0454545 0.0909091 0 0.181818 0.136364 0.181818 0.136364 0.227273 0 0 0 0 0 0 0 

640 617 452 56 0 0.583468 0 0 0 0 0 0 0 0 0 0 0 0 0 0 0 0 0 0 0 0 0.0526316 0 0.210526 0.368421 0.210526 0.0526316 0.0526316 0.0526316 0 0 0 0 0 

640 617 457 56 0 0.583468 0 0 0 0 0 0 0 0 0 0 0 0 0 0 0 0 0 0 0 0.0526316 0 0 0.105263 0.315789 0.263158 0.210526 0 0.0526316 0 0 0 0 0 

640 617 451 56 0 0.583468 0 0 0 0 0 0 0 0 0 0 0 0 0 0 0 0 0 0 0 0 0.0526316 0.157895 0.157895 0.157895 0.210526 0.157895 0.0526316 0.0526316 0 0 0 0 0 

640 618 446 56 0 0.582524 0 0 0 0 0 0 0 0 0 0 0 0 0 0 0 0 0 0 0 0 0 0.157895 0.210526 0.263158 0.315789 0 0.0526316 0 0 0 0 0 0 

544 528 393 56 0 0.681818 0 0 0 0 0 0 0 0 0 0 0 0 0 0 0 0 0 0 0 0 0.0625 0.125 0.0625 0.1875 0.3125 0 0.25 0 0 0 0 0 0 

640 617 458 56 0 0.583468 0 0 0 0 0 0 0 0 0 0 0 0 0 0 0 0 0 0 0 0 0.105263 0.0526316 0.105263 0.0526316 0.315789 0.263158 0.105263 0 0 0 0 0 0 

704 679 473 56 0 0.530191 0 0 0 0 0 0 0 0 0 0 0 0 0 0 0 0 0 0 0.047619 0.0952381 0.142857 0.047619 0.142857 0.190476 0.190476 0.142857 0 0 0 0 0 0 0 

640 618 448 56 0 0.582524 0 0 0 0 0 0 0 0 0 0 0 0 0 0 0 0 0 0 0.0526316 0 0.105263 0.0526316 0.210526 0 0.263158 0.263158 0.0526316 0 0 0 0 0 0 

640 617 443 56 0 0.583468 0 0 0 0 0 0 0 0 0 0 0 0 0 0 0 0 0 0 0 0 0 0.263158 0.157895 0.157895 0.315789 0.105263 0 0 0 0 0 0 0 

704 679 484 56 0 0.530191 0 0 0 0 0 0 0 0 0 0 0 0 0 0 0 0 0 0 0 0 0 0.190476 0.142857 0.47619 0.142857 0.047619 0 0 0 0 0 0 0 

640 617 457 56 0 0.583468 0 0 0 0 0 0 0 0 0 0 0 0 0 0 0 0 0 0 0 0 0 0.105263 0.105263 0.105263 0.526316 0.105263 0.0526316 0 0 0 0 0 0 

640 618 446 56 0 0.582524 0 0 0 0 0 0 0 0 0 0 0 0 0 0 0 0 0 0 0 0 0 0.157895 0.105263 0.526316 0.0526316 0.157895 0 0 0 0 0 0 0 

640 617 457 56 0 0.583468 0 0 0 0 0 0 0 0 0 0 0 0 0 0 0 0 0 0 0 0 0 0.0526316 0.105263 0.263158 0.473684 0.0526316 0 0.0526316 0 0 0 0 0 

704 679 492 56 0 0.530191 0 0 0 0 0 0 0 0 0 0 0 0 0 0 0 0 0 0 0 0 0.0952381 0.0952381 0.142857 0.238095 0.190476 0.190476 0.047619 0 0 0 0 0 0 

640 618 448 56 0 0.582524 0 0 0 0 0 0 0 0 0 0 0 0 0 0 0 0 0 0 0 0 0.105263 0 0.210526 0.368421 0.105263 0.157895 0.0526316 0 0 0 0 0 0 

640 617 459 56 0 0.583468 0 0 0 0 0 0 0 0 0 0 0 0 0 0 0 0 0 0 0 0 0 0.157895 0 0.368421 0.105263 0.210526 0.157895 0 0 0 0 0 0 

640 617 452 56 0 0.583468 0 0 0 0 0 0 0 0 0 0 0 0 0 0 0 0 0 0 0 0.0526316 0.0526316 0.0526316 0.105263 0.315789 0.105263 0.210526 0.0526316 0.0526316 0 0 0 0 0 

640 617 455 56 0 0.583468 0 0 0 0 0 0 0 0 0 0 0 0 0 0 0 0 0 0 0 0 0.0526316 0.105263 0.0526316 0.210526 0.315789 0.210526 0.0526316 0 0 0 0 0 0 

640 617 455 56 0 0.583468 0 0 0 0 0 0 0 0 0 0 0 0 0 0 0 0 0 0 0 0 0.157895 0.105263 0.0526316 0.105263 0.210526 0.210526 0.0526316 0.105263 0 0 0 0 0 

704 679 490 56 0 0.530191 0 0 0 0 0 0 0 0 0 0 0 0 0 0 0 0 0 0 0.047619 0 0 0.190476 0.0952381 0.238095 0.190476 0.190476 0.047619 0 0 0 0 0 0 

640 618 447 56 0 0.582524 0 0 0 0 0 0 0 0 0 0 0 0 0 0 0 0 0 0 0 0 0.0526316 0.210526 0.263158 0.105263 0.105263 0.0526316 0.210526 0 0 0 0 0 0 

640 617 459 56 0 0.583468 0 0 0 0 0 0 0 0 0 0 0 0 0 0 0 0 0 0 0 0 0 0.0526316 0.105263 0.368421 0.210526 0.157895 0.0526316 0.0526316 0 0 0 0 0 

640 617 453 56 0 0.583468 0 0 0 0 0 0 0 0 0 0 0 0 0 0 0 0 0 0 0 0 0 0.105263 0.315789 0.0526316 0.263158 0.157895 0.105263 0 0 0 0 0 0 

640 618 438 56 0 0.582524 0 0 0 0 0 0 0 0 0 0 0 0 0 0 0 0 0 0 0 0.0526316 0.105263 0.105263 0.157895 0.263158 0.210526 0.105263 0 0 0 0 0 0 0 

640 618 442 56 0 0.582524 0 0 0 0 0 0 0 0 0 0 0 0 0 0 0 0 0 0 0 0 0.157895 0.0526316 0.263158 0.105263 0.263158 0.157895 0 0 0 0 0 0 0 

640 617 461 56 0 0.583468 0 0 0 0 0 0 0 0 0 0 0 0 0 0 0 0 0 0 0 0.0526316 0 0.105263 0.105263 0.0526316 0.263158 0.210526 0.210526 0 0 0 0 0 0 

640 618 441 56 0 0.582524 0 0 0 0 0 0 0 0 0 0 0 0 0 0 0 0 0 0.0526316 0 0 0.0526316 0.210526 0.157895 0.210526 0.0526316 0.157895 0.0526316 0.0526316 0 0 0 0 0 

704 679 483 56 0 0.530191 0 0 0 0 0 0 0 0 0 0 0 0 0 0 0 0 0 0.047619 0 0 0.142857 0.0952381 0.0952381 0.238095 0.190476 0.142857 0 0.047619 0 0 0 0 0 

640 618 446 56 0 0.582524 0 0 0 0 0 0 0 0 0 0 0 0 0 0 0 0 0 0 0 0 0 0.210526 0.210526 0.210526 0.157895 0.210526 0 0 0 0 0 0 0 

640 618 456 56 0 0.582524 0 0 0 0 0 0 0 0 0 0 0 0 0 0 0 0 0 0 0 0 0.105263 0.105263 0.105263 0.157895 0.157895 0.157895 0.210526 0 0 0 0 0 0 

640 618 447 56 0 0.582524 0 0 0 0 0 0 0 0 0 0 0 0 0 0 0 0 0 0 0.0526316 0 0 0.105263 0.157895 0.315789 0.210526 0.0526316 0.105263 0 0 0 0 0 0 

640 617 446 56 0 0.583468 0 0 0 0 0 0 0 0 0 0 0 0 0 0 0 0 0 0 0.0526316 0 0 0.157895 0.0526316 0.368421 0.210526 0.0526316 0.105263 0 0 0 0 0 0 

640 618 441 56 0 0.582524 0 0 0 0 0 0 0 0 0 0 0 0 0 0 0 0 0 0 0 0 0.105263 0.210526 0.157895 0.157895 0.210526 0.105263 0.0526316 0 0 0 0 0 0 

640 618 441 56 0 0.582524 0 0 0 0 0 0 0 0 0 0 0 0 0 0 0 0 0 0 0 0 0.105263 0.105263 0.157895 0.421053 0.105263 0.0526316 0.0526316 0 0 0 0 0 0 

736 716 518 56 0 0.502793 0 0 0 0 0 0 0 0 0 0 0 0 0 0 0 0 0 0 0 0.0454545 0 0.0909091 0.181818 0.363636 0.136364 0.136364 0.0454545 0 0 0 0 0 0 

640 618 450 56 0 0.582524 0 0 0 0 0 0 0 0 0 0 0 0 0 0 0 0 0 0 0 0 0.157895 0.0526316 0.0526316 0.315789 0.210526 0.0526316 0.157895 0 0 0 0 0 0 

640 617 459 56 0 0.583468 0 0 0 0 0 0 0 0 0 0 0 0 0 0 0 0 0 0 0 0 0 0 0.210526 0.263158 0.263158 0.157895 0.105263 0 0 0 0 0 0 

640 618 461 56 0 0.582524 0 0 0 0 0 0 0 0 0 0 0 0 0 0 0 0 0 0 0 0 0 0.157895 0.157895 0 0.263158 0.315789 0.105263 0 0 0 0 0 0 

704 679 484 56 0 0.530191 0 0 0 0 0 0 0 0 0 0 0 0 0 0 0 0 0 0 0 0.047619 0.047619 0.142857 0.142857 0.285714 0.238095 0.047619 0.047619 0 0 0 0 0 0 

512 504 378 56 0 0.714286 0 0 0 0 0 0 0 0 0 0 0 0 0 0 0 0 0 0 0 0 0 0.133333 0.2 0.133333 0.0666667 0.4 0.0666667 0 0 0 0 0 0 

640 618 446 56 0 0.582524 0 0 0 0 0 0 0 0 0 0 0 0 0 0 0 0 0 0 0 0 0.0526316 0.105263 0.315789 0.105263 0.315789 0.0526316 0 0.0526316 0 0 0 0 0 

704 679 503 56 0 0.530191 0 0 0 0 0 0 0 0 0 0 0 0 0 0 0 0 0 0 0 0 0 0.0952381 0.0952381 0.238095 0.285714 0.238095 0.047619 0 0 0 0 0 0 

640 617 460 56 0 0.583468 0 0 0 0 0 0 0 0 0 0 0 0 0 0 0 0 0 0 0 0 0 0.0526316 0.105263 0.368421 0.157895 0.157895 0.157895 0 0 0 0 0 0 

512 505 378 56 0 0.712871 0 0 0 0 0 0 0 0 0 0 0 0 0 0 0 0 0 0 0 0 0 0 0.133333 0.4 0.333333 0.0666667 0.0666667 0 0 0 0 0 0 

704 681 490 56 0 0.528634 0 0 0 0 0 0 0 0 0 0 0 0 0 0 0 0 0 0 0 0 0.047619 0.190476 0.142857 0.190476 0.285714 0.142857 0 0 0 0 0 0 0 

640 617 443 56 0 0.583468 0 0 0 0 0 0 0 0 0 0 0 0 0 0 0 0 0 0 0 0 0.0526316 0.105263 0.263158 0.263158 0.157895 0.157895 0 0 0 0 0 0 0 

640 618 443 56 0 0.582524 0 0 0 0 0 0 0 0 0 0 0 0 0 0 0 0 0 0 0 0 0.0526316 0.0526316 0.368421 0.263158 0.157895 0.0526316 0.0526316 0 0 0 0 0 0 

704 679 506 56 0 0.530191 0 0 0 0 0 0 0 0 0 0 0 0 0 0 0 0 0 0 0 0 0.047619 0.0952381 0.0952381 0.238095 0.190476 0.0952381 0.142857 0.0952381 0 0 0 0 0 

640 618 456 56 0 0.582524 0 0 0 0 0 0 0 0 0 0 0 0 0 0 0 0 0 0 0 0 0.0526316 0.0526316 0.210526 0.157895 0.210526 0.210526 0.105263 0 0 0 0 0 0 

640 617 449 56 0 0.583468 0 0 0 0 0 0 0 0 0 0 0 0 0 0 0 0 0 0 0 0 0 0 0.263158 0.315789 0.421053 0 0 0 0 0 0 0 0 

640 618 448 56 0 0.582524 0 0 0 0 0 0 0 0 0 0 0 0 0 0 0 0 0 0 0 0.0526316 0.0526316 0.0526316 0.105263 0.368421 0.157895 0.157895 0.0526316 0 0 0 0 0 0 

640 618 448 56 0 0.582524 0 0 0 0 0 0 0 0 0 0 0 0 0 0 0 0 0 0 0 0.105263 0 0.157895 0.0526316 0.210526 0.210526 0.157895 0.105263 0 0 0 0 0 0 

640 618 447 56 0 0.582524 0 0 0 0 0 0 0 0 0 0 0 0 0 0 0 0 0 0 0 0.0526316 0 0.210526 0.0526316 0.263158 0.157895 0.263158 0 0 0 0 0 0 0 

704 679 483 56 0 0.530191 0 0 0 0 0 0 0 0 0 0 0 0 0 0 0 0 0 0 0 0.047619 0 0.190476 0.238095 0.142857 0.285714 0.0952381 0 0 0 0 0 0 0 

640 618 451 56 0 0.582524 0 0 0 0 0 0 0 0 0 0 0 0 0 0 0 0 0 0 0 0 0 0.105263 0.210526 0.210526 0.315789 0.157895 0 0 0 0 0 0 0 

736 716 520 56 0 0.502793 0 0 0 0 0 0 0 0 0 0 0 0 0 0 0 0 0.0454545 0 0 0 0 0.136364 0.227273 0.136364 0.181818 0.181818 0 0.0909091 0 0 0 0 0 

640 618 453 56 0 0.582524 0 0 0 0 0 0 0 0 0 0 0 0 0 0 0 0 0 0 0 0 0 0.105263 0.157895 0.315789 0.210526 0.157895 0.0526316 0 0 0 0 0 0 

640 618 445 56 0 0.582524 0 0 0 0 0 0 0 0 0 0 0 0 0 0 0 0 0 0.0526316 0 0.0526316 0 0.105263 0.105263 0.263158 0.157895 0.210526 0.0526316 0 0 0 0 0 0 

640 618 448 56 0 0.582524 0 0 0 0 0 0 0 0 0 0 0 0 0 0 0 0 0 0 0 0.0526316 0.0526316 0.0526316 0.210526 0.105263 0.368421 0.105263 0.0526316 0 0 0 0 0 0 

640 617 453 56 0 0.583468 0 0 0 0 0 0 0 0 0 0 0 0 0 0 0 0 0 0 0 0 0 0.105263 0.105263 0.368421 0.210526 0.157895 0.0526316 0 0 0 0 0 0 

640 618 446 56 0 0.582524 0 0 0 0 0 0 0 0 0 0 0 0 0 0 0 0 0 0 0 0.0526316 0.0526316 0.105263 0.0526316 0.263158 0.421053 0 0.0526316 0 0 0 0 0 0 

640 617 452 56 0 0.583468 0 0 0 0 0 0 0 0 0 0 0 0 0 0 0 0 0 0 0 0.0526316 0.0526316 0 0.210526 0.157895 0.157895 0.368421 0 0 0 0 0 0 0 

736 717 512 56 0 0.502092 0 0 0 0 0 0 0 0 0 0 0 0 0 0 0 0 0 0 0.0454545 0.0454545 0.0909091 0.0454545 0.181818 0.272727 0.181818 0 0.0909091 0.0454545 0 0 0 0 0 

640 617 457 56 0 0.583468 0 0 0 0 0 0 0 0 0 0 0 0 0 0 0 0 0 0 0 0 0.105263 0.105263 0.0526316 0.157895 0.157895 0.263158 0.157895 0 0 0 0 0 0 

640 618 458 56 0 0.582524 0 0 0 0 0 0 0 0 0 0 0 0 0 0 0 0 0 0 0 0 0 0 0.210526 0.368421 0.263158 0 0.105263 0.0526316 0 0 0 0 0 

704 678 484 56 0 0.530973 0 0 0 0 0 0 0 0 0 0 0 0 0 0 0 0 0 0 0 0.047619 0.047619 0.190476 0.142857 0.238095 0.0952381 0.190476 0.047619 0 0 0 0 0 0 

640 618 440 56 0 0.582524 0 0 0 0 0 0 0 0 0 0 0 0 0 0 0 0 0 0 0 0 0.0526316 0.157895 0.263158 0.210526 0.263158 0.0526316 0 0 0 0 0 0 0 

704 679 482 56 0 0.530191 0 0 0 0 0 0 0 0 0 0 0 0 0 0 0 0 0 0.047619 0 0 0.047619 0.190476 0.238095 0.142857 0.0952381 0.142857 0.0952381 0 0 0 0 0 0 

640 618 437 56 0 0.582524 0 0 0 0 0 0 0 0 0 0 0 0 0 0 0 0 0 0 0 0 0.0526316 0.210526 0.315789 0.210526 0.105263 0.0526316 0.0526316 0 0 0 0 0 0 

640 618 447 56 0 0.582524 0 0 0 0 0 0 0 0 0 0 0 0 0 0 0 0 0 0 0 0.0526316 0.0526316 0.0526316 0.105263 0.263158 0.368421 0.105263 0 0 0 0 0 0 0 

640 618 439 56 0 0.582524 0 0 0 0 0 0 0 0 0 0 0 0 0 0 0 0 0 0.0526316 0 0 0.0526316 0.157895 0.0526316 0.368421 0.263158 0 0.0526316 0 0 0 0 0 0 

704 679 491 56 0 0.530191 0 0 0 0 0 0 0 0 0 0 0 0 0 0 0 0 0 0 0 0.047619 0 0.0952381 0.238095 0.190476 0.238095 0.142857 0.047619 0 0 0 0 0 0 

640 617 447 56 0 0.583468 0 0 0 0 0 0 0 0 0 0 0 0 0 0 0 0 0 0 0 0.0526316 0 0.105263 0.210526 0.210526 0.263158 0.0526316 0.105263 0 0 0 0 0 0 

544 529 390 56 0 0.680529 0 0 0 0 0 0 0 0 0 0 0 0 0 0 0 0 0 0 0 0.0625 0 0.125 0.0625 0.125 0.375 0.25 0 0 0 0 0 0 0 

640 617 453 56 0 0.583468 0 0 0 0 0 0 0 0 0 0 0 0 0 0 0 0 0 0 0 0 0 0.105263 0.105263 0.421053 0.157895 0.157895 0 0.0526316 0 0 0 0 0 

512 505 376 56 0 0.712871 0 0 0 0 0 0 0 0 0 0 0 0 0 0 0 0 0 0 0 0 0 0.0666667 0.2 0.333333 0.133333 0.2 0.0666667 0 0 0 0 0 0 

640 617 452 56 0 0.583468 0 0 0 0 0 0 0 0 0 0 0 0 0 0 0 0 0 0 0 0.105263 0.0526316 0 0.105263 0.210526 0.157895 0.263158 0.105263 0 0 0 0 0 0 

640 617 451 56 0 0.583468 0 0 0 0 0 0 0 0 0 0 0 0 0 0 0 0 0 0 0 0 0.0526316 0.105263 0.210526 0.210526 0.157895 0.105263 0.157895 0 0 0 0 0 0 

