4800 4800 3483 37 160 0 0 0 0 0 0 0 0 0 0 0 0 0 0 0 0 0 0 0.00671141 0.00671141 0.0201342 0.0402685 0.120805 0.114094 0.174497 0.275168 0.161074 0.0604027 0.0201342 0 0 0 0 0 

4800 4800 3510 37 160 0 0 0 0 0 0 0 0 0 0 0 0 0 0 0 0 0 0 0 0.00671141 0.0134228 0.0201342 0.0939597 0.161074 0.228188 0.214765 0.147651 0.0671141 0.0469799 0 0 0 0 0 

4800 4800 3458 37 160 0 0 0 0 0 0 0 0 0 0 0 0 0 0 0 0 0 0 0 0.00671141 0.0268456 0.0536913 0.14094 0.134228 0.181208 0.214765 0.187919 0.0402685 0.0134228 0 0 0 0 0 

4800 4800 3517 37 160 0 0 0 0 0 0 0 0 0 0 0 0 0 0 0 0 0 0 0 0 0 0.0402685 0.0805369 0.147651 0.268456 0.208054 0.134228 0.0872483 0.033557 0 0 0 0 0 

4800 4800 3473 37 160 0 0 0 0 0 0 0 0 0 0 0 0 0 0 0 0 0 0 0 0.0134228 0.033557 0.033557 0.0738255 0.194631 0.228188 0.174497 0.181208 0.0402685 0.0268456 0 0 0 0 0 

4800 4800 3483 37 160 0 0 0 0 0 0 0 0 0 0 0 0 0 0 0 0 0 0 0.00671141 0 0 0.0402685 0.0939597 0.181208 0.187919 0.281879 0.154362 0.0402685 0.0134228 0 0 0 0 0 

4800 4800 3510 37 160 0 0 0 0 0 0 0 0 0 0 0 0 0 0 0 0 0 0 0 0 0.0201342 0.0402685 0.0671141 0.161074 0.234899 0.214765 0.134228 0.0939597 0.033557 0 0 0 0 0 

4800 4800 3484 37 160 0 0 0 0 0 0 0 0 0 0 0 0 0 0 0 0 0 0 0 0.00671141 0.0268456 0.0402685 0.0671141 0.174497 0.201342 0.261745 0.154362 0.0604027 0.00671141 0 0 0 0 0 

4800 4800 3466 37 160 0 0 0 0 0 0 0 0 0 0 0 0 0 0 0 0 0 0 0 0.0134228 0 0.0469799 0.0939597 0.208054 0.214765 0.228188 0.120805 0.0604027 0.0134228 0 0 0 0 0 

4800 4800 3496 37 160 0 0 0 0 0 0 0 0 0 0 0 0 0 0 0 0 0 0 0 0.0134228 0.0134228 0.0134228 0.100671 0.134228 0.234899 0.261745 0.174497 0.033557 0.0201342 0 0 0 0 0 

