672 652 482 53 0 0.490798 0 0 0 0 0 0 0 0 0 0 0 0 0 0 0 0 0 0 0 0 0 0.2 0.05 0.1 0.35 0.3 0 0 0 0 0 0 0 

704 680 504 53 0 0.470588 0 0 0 0 0 0 0 0 0 0 0 0 0 0 0 0 0 0 0 0 0 0.142857 0.142857 0.142857 0.190476 0.285714 0.0952381 0 0 0 0 0 0 

672 651 486 53 0 0.491551 0 0 0 0 0 0 0 0 0 0 0 0 0 0 0 0 0 0 0 0 0 0.15 0.15 0.15 0.1 0.3 0.1 0.05 0 0 0 0 0 

704 680 498 53 0 0.470588 0 0 0 0 0 0 0 0 0 0 0 0 0 0 0 0 0 0 0 0 0 0.047619 0.285714 0.285714 0.190476 0.047619 0.142857 0 0 0 0 0 0 

704 680 505 53 0 0.470588 0 0 0 0 0 0 0 0 0 0 0 0 0 0 0 0 0 0 0 0 0 0.047619 0.142857 0.190476 0.428571 0.0952381 0.0952381 0 0 0 0 0 0 

672 651 468 53 0 0.491551 0 0 0 0 0 0 0 0 0 0 0 0 0 0 0 0 0 0 0 0.05 0 0.25 0.1 0.1 0.4 0.05 0.05 0 0 0 0 0 0 

672 652 472 53 0 0.490798 0 0 0 0 0 0 0 0 0 0 0 0 0 0 0 0 0 0 0 0.05 0.05 0 0.25 0.25 0.3 0.05 0 0.05 0 0 0 0 0 

672 651 484 53 0 0.491551 0 0 0 0 0 0 0 0 0 0 0 0 0 0 0 0 0 0 0 0 0.05 0 0.3 0.1 0.2 0.2 0.1 0.05 0 0 0 0 0 

672 652 483 53 0 0.490798 0 0 0 0 0 0 0 0 0 0 0 0 0 0 0 0 0 0 0 0 0 0.15 0.2 0.05 0.3 0.15 0.15 0 0 0 0 0 0 

672 651 469 53 0 0.491551 0 0 0 0 0 0 0 0 0 0 0 0 0 0 0 0 0 0 0 0.05 0.05 0.1 0.2 0.3 0.05 0.15 0.1 0 0 0 0 0 0 

672 652 467 53 0 0.490798 0 0 0 0 0 0 0 0 0 0 0 0 0 0 0 0 0 0 0 0.05 0 0.2 0.1 0.45 0.1 0 0.05 0.05 0 0 0 0 0 

672 651 477 53 0 0.491551 0 0 0 0 0 0 0 0 0 0 0 0 0 0 0 0 0 0 0 0 0.05 0.15 0.2 0.2 0.2 0 0.05 0.15 0 0 0 0 0 

576 566 414 53 0 0.565371 0 0 0 0 0 0 0 0 0 0 0 0 0 0 0 0 0 0 0 0 0 0.294118 0.0588235 0.176471 0.294118 0.117647 0.0588235 0 0 0 0 0 0 

672 652 479 53 0 0.490798 0 0 0 0 0 0 0 0 0 0 0 0 0 0 0 0 0 0.05 0 0 0 0.05 0.05 0.3 0.35 0.15 0.05 0 0 0 0 0 0 

672 651 473 53 0 0.491551 0 0 0 0 0 0 0 0 0 0 0 0 0 0 0 0 0 0 0 0.05 0.1 0.15 0.05 0.2 0.15 0.2 0 0.1 0 0 0 0 0 

672 651 484 53 0 0.491551 0 0 0 0 0 0 0 0 0 0 0 0 0 0 0 0 0 0 0 0 0 0.1 0.15 0.3 0.15 0.15 0.05 0.1 0 0 0 0 0 

672 652 465 53 0 0.490798 0 0 0 0 0 0 0 0 0 0 0 0 0 0 0 0 0 0 0 0.05 0.15 0.05 0.15 0.3 0.15 0.05 0.1 0 0 0 0 0 0 

672 651 475 53 0 0.491551 0 0 0 0 0 0 0 0 0 0 0 0 0 0 0 0 0 0 0 0 0 0.1 0.3 0.15 0.2 0.25 0 0 0 0 0 0 0 

672 651 477 53 0 0.491551 0 0 0 0 0 0 0 0 0 0 0 0 0 0 0 0 0 0 0 0 0 0.2 0.1 0.05 0.5 0.15 0 0 0 0 0 0 0 

672 652 485 53 0 0.490798 0 0 0 0 0 0 0 0 0 0 0 0 0 0 0 0 0 0 0 0.05 0.05 0.1 0.1 0.1 0.1 0.35 0.1 0.05 0 0 0 0 0 

672 652 477 53 0 0.490798 0 0 0 0 0 0 0 0 0 0 0 0 0 0 0 0 0 0 0 0.05 0 0 0.3 0.15 0.3 0.15 0.05 0 0 0 0 0 0 

672 651 463 53 0 0.491551 0 0 0 0 0 0 0 0 0 0 0 0 0 0 0 0 0 0 0 0.05 0.05 0.2 0.2 0.15 0.2 0.1 0.05 0 0 0 0 0 0 

672 651 475 53 0 0.491551 0 0 0 0 0 0 0 0 0 0 0 0 0 0 0 0 0 0 0 0 0 0.15 0.2 0.15 0.3 0.2 0 0 0 0 0 0 0 

672 647 480 53 0 0.49459 0 0 0 0 0 0 0 0 0 0 0 0 0 0 0 0 0 0 0 0 0.05 0.25 0 0.1 0.1 0.35 0.1 0.05 0 0 0 0 0 

672 651 471 53 0 0.491551 0 0 0 0 0 0 0 0 0 0 0 0 0 0 0 0 0 0 0 0 0.05 0.1 0.25 0.25 0.2 0.05 0.1 0 0 0 0 0 0 

672 652 481 53 0 0.490798 0 0 0 0 0 0 0 0 0 0 0 0 0 0 0 0 0 0 0 0 0 0 0.25 0.25 0.4 0.05 0 0.05 0 0 0 0 0 

672 652 480 53 0 0.490798 0 0 0 0 0 0 0 0 0 0 0 0 0 0 0 0 0 0 0 0 0 0 0.25 0.3 0.25 0.2 0 0 0 0 0 0 0 

704 679 492 53 0 0.471281 0 0 0 0 0 0 0 0 0 0 0 0 0 0 0 0 0 0 0 0.047619 0.0952381 0.142857 0.0952381 0.047619 0.333333 0.142857 0.047619 0.047619 0 0 0 0 0 

672 651 488 53 0 0.491551 0 0 0 0 0 0 0 0 0 0 0 0 0 0 0 0 0 0 0 0 0 0.05 0.1 0.3 0.2 0.2 0.15 0 0 0 0 0 0 

672 651 471 53 0 0.491551 0 0 0 0 0 0 0 0 0 0 0 0 0 0 0 0 0 0 0 0.05 0 0.05 0.25 0.3 0.2 0.1 0.05 0 0 0 0 0 0 

704 679 492 53 0 0.471281 0 0 0 0 0 0 0 0 0 0 0 0 0 0 0 0 0 0 0 0.0952381 0.047619 0 0.238095 0.142857 0.142857 0.285714 0.047619 0 0 0 0 0 0 

672 648 471 53 0 0.493827 0 0 0 0 0 0 0 0 0 0 0 0 0 0 0 0 0 0 0 0 0.05 0.25 0.1 0.25 0.05 0.1 0.15 0.05 0 0 0 0 0 

704 679 491 53 0 0.471281 0 0 0 0 0 0 0 0 0 0 0 0 0 0 0 0 0 0 0 0 0.0952381 0 0.142857 0.428571 0.190476 0.142857 0 0 0 0 0 0 0 

672 651 487 53 0 0.491551 0 0 0 0 0 0 0 0 0 0 0 0 0 0 0 0 0 0 0 0 0 0.05 0.1 0.25 0.35 0.1 0.15 0 0 0 0 0 0 

672 651 466 53 0 0.491551 0 0 0 0 0 0 0 0 0 0 0 0 0 0 0 0 0.05 0 0.05 0.05 0 0.05 0.1 0.2 0.25 0.25 0 0 0 0 0 0 0 

672 651 463 53 0 0.491551 0 0 0 0 0 0 0 0 0 0 0 0 0 0 0 0 0 0 0 0.05 0.05 0.15 0.25 0.1 0.35 0 0.05 0 0 0 0 0 0 

672 657 492 53 0 0.487062 0 0 0 0 0 0 0 0 0 0 0 0 0 0 0 0 0 0 0 0.05 0 0.05 0.1 0.25 0.15 0.2 0.2 0 0 0 0 0 0 

704 680 503 53 0 0.470588 0 0 0 0 0 0 0 0 0 0 0 0 0 0 0 0 0 0 0 0 0.047619 0 0.142857 0.285714 0.333333 0.0952381 0.047619 0.047619 0 0 0 0 0 

672 652 487 53 0 0.490798 0 0 0 0 0 0 0 0 0 0 0 0 0 0 0 0 0 0 0 0.05 0 0.05 0.1 0.3 0.05 0.25 0.2 0 0 0 0 0 0 

672 651 472 53 0 0.491551 0 0 0 0 0 0 0 0 0 0 0 0 0 0 0 0 0 0 0 0 0.05 0.2 0.15 0.2 0.2 0.1 0.05 0.05 0 0 0 0 0 

672 652 478 53 0 0.490798 0 0 0 0 0 0 0 0 0 0 0 0 0 0 0 0 0 0 0 0.05 0 0.15 0.15 0.2 0.2 0.1 0.05 0.1 0 0 0 0 0 

704 679 492 53 0 0.471281 0 0 0 0 0 0 0 0 0 0 0 0 0 0 0 0 0 0.047619 0 0 0.0952381 0.047619 0.142857 0.238095 0.190476 0.047619 0.142857 0.047619 0 0 0 0 0 

672 652 487 53 0 0.490798 0 0 0 0 0 0 0 0 0 0 0 0 0 0 0 0 0 0 0 0 0 0.05 0.15 0.25 0.3 0.15 0.05 0 0.05 0 0 0 0 

672 651 476 53 0 0.491551 0 0 0 0 0 0 0 0 0 0 0 0 0 0 0 0 0 0 0 0 0.05 0.15 0.1 0.3 0.2 0.1 0 0.1 0 0 0 0 0 

672 652 481 53 0 0.490798 0 0 0 0 0 0 0 0 0 0 0 0 0 0 0 0 0 0 0 0 0.05 0.1 0.05 0.25 0.3 0.2 0.05 0 0 0 0 0 0 

672 651 470 53 0 0.491551 0 0 0 0 0 0 0 0 0 0 0 0 0 0 0 0 0 0 0 0 0.05 0.1 0.25 0.2 0.3 0.05 0.05 0 0 0 0 0 0 

672 652 476 53 0 0.490798 0 0 0 0 0 0 0 0 0 0 0 0 0 0 0 0 0 0 0 0 0.1 0.05 0.2 0.15 0.25 0.2 0.05 0 0 0 0 0 0 

672 651 477 53 0 0.491551 0 0 0 0 0 0 0 0 0 0 0 0 0 0 0 0 0 0 0 0 0 0.25 0.05 0.1 0.4 0.15 0.05 0 0 0 0 0 0 

672 652 465 53 0 0.490798 0 0 0 0 0 0 0 0 0 0 0 0 0 0 0 0 0 0 0.05 0 0.05 0.1 0.1 0.5 0.1 0.05 0.05 0 0 0 0 0 0 

672 652 475 53 0 0.490798 0 0 0 0 0 0 0 0 0 0 0 0 0 0 0 0 0 0 0 0 0 0.05 0.25 0.3 0.3 0.1 0 0 0 0 0 0 0 

704 680 501 53 0 0.470588 0 0 0 0 0 0 0 0 0 0 0 0 0 0 0 0 0 0 0 0 0 0.142857 0.047619 0.238095 0.333333 0.238095 0 0 0 0 0 0 0 

672 655 476 53 0 0.48855 0 0 0 0 0 0 0 0 0 0 0 0 0 0 0 0 0 0 0 0 0.2 0.05 0.05 0.2 0.25 0.2 0.05 0 0 0 0 0 0 

672 651 475 53 0 0.491551 0 0 0 0 0 0 0 0 0 0 0 0 0 0 0 0 0 0 0 0.05 0.05 0.1 0.15 0.1 0.25 0.25 0.05 0 0 0 0 0 0 

704 680 493 53 0 0.470588 0 0 0 0 0 0 0 0 0 0 0 0 0 0 0 0 0 0 0.047619 0 0 0.047619 0.190476 0.333333 0.142857 0.238095 0 0 0 0 0 0 0 

672 651 480 53 0 0.491551 0 0 0 0 0 0 0 0 0 0 0 0 0 0 0 0 0 0 0 0 0 0.15 0.1 0.2 0.25 0.3 0 0 0 0 0 0 0 

672 651 477 53 0 0.491551 0 0 0 0 0 0 0 0 0 0 0 0 0 0 0 0 0 0 0 0 0 0.1 0.15 0.2 0.45 0.1 0 0 0 0 0 0 0 

672 651 476 53 0 0.491551 0 0 0 0 0 0 0 0 0 0 0 0 0 0 0 0 0 0.05 0 0.05 0 0.05 0.05 0.15 0.4 0.25 0 0 0 0 0 0 0 

672 651 473 53 0 0.491551 0 0 0 0 0 0 0 0 0 0 0 0 0 0 0 0 0 0 0 0.05 0 0.1 0.2 0.15 0.35 0.1 0.05 0 0 0 0 0 0 

672 652 490 53 0 0.490798 0 0 0 0 0 0 0 0 0 0 0 0 0 0 0 0 0 0 0 0 0 0 0.2 0.05 0.45 0.25 0.05 0 0 0 0 0 0 

704 680 491 53 0 0.470588 0 0 0 0 0 0 0 0 0 0 0 0 0 0 0 0 0 0 0 0 0 0.190476 0.333333 0.047619 0.285714 0.047619 0.047619 0.047619 0 0 0 0 0 

672 651 476 53 0 0.491551 0 0 0 0 0 0 0 0 0 0 0 0 0 0 0 0 0 0 0 0.05 0 0.1 0.2 0.1 0.25 0.3 0 0 0 0 0 0 0 

672 651 484 53 0 0.491551 0 0 0 0 0 0 0 0 0 0 0 0 0 0 0 0 0 0 0 0 0.05 0.05 0.05 0.2 0.4 0.2 0.05 0 0 0 0 0 0 

672 651 475 53 0 0.491551 0 0 0 0 0 0 0 0 0 0 0 0 0 0 0 0 0 0 0 0 0 0.15 0.2 0.25 0.25 0.1 0 0 0.05 0 0 0 0 

704 680 489 53 0 0.470588 0 0 0 0 0 0 0 0 0 0 0 0 0 0 0 0 0 0 0.047619 0 0.047619 0.0952381 0.142857 0.333333 0.142857 0.0952381 0.0952381 0 0 0 0 0 0 

576 566 445 53 0 0.565371 0 0 0 0 0 0 0 0 0 0 0 0 0 0 0 0 0 0 0 0 0 0.0588235 0.0588235 0 0.235294 0.294118 0.176471 0.176471 0 0 0 0 0 

672 651 464 53 0 0.491551 0 0 0 0 0 0 0 0 0 0 0 0 0 0 0 0 0 0 0 0.05 0.1 0.1 0.15 0.35 0.05 0.15 0.05 0 0 0 0 0 0 

576 562 411 53 0 0.569395 0 0 0 0 0 0 0 0 0 0 0 0 0 0 0 0 0 0 0 0.0588235 0.0588235 0.0588235 0.176471 0.176471 0.176471 0.235294 0.0588235 0 0 0 0 0 0 

672 651 465 53 0 0.491551 0 0 0 0 0 0 0 0 0 0 0 0 0 0 0 0 0.05 0 0 0.05 0 0.1 0.15 0.2 0.35 0.05 0.05 0 0 0 0 0 0 

672 651 487 53 0 0.491551 0 0 0 0 0 0 0 0 0 0 0 0 0 0 0 0 0 0 0 0 0.05 0.2 0 0.15 0.15 0.25 0.1 0.1 0 0 0 0 0 

672 651 483 53 0 0.491551 0 0 0 0 0 0 0 0 0 0 0 0 0 0 0 0 0 0 0 0 0 0.1 0.2 0.15 0.2 0.3 0 0.05 0 0 0 0 0 

672 652 475 53 0 0.490798 0 0 0 0 0 0 0 0 0 0 0 0 0 0 0 0 0 0 0 0.1 0 0.05 0.3 0.05 0.2 0.15 0.15 0 0 0 0 0 0 

672 651 466 53 0 0.491551 0 0 0 0 0 0 0 0 0 0 0 0 0 0 0 0 0 0 0.1 0 0 0.1 0.25 0.15 0.2 0.1 0.1 0 0 0 0 0 0 

672 651 467 53 0 0.491551 0 0 0 0 0 0 0 0 0 0 0 0 0 0 0 0 0 0 0 0.1 0.05 0 0.2 0.35 0.05 0.25 0 0 0 0 0 0 0 

672 651 469 53 0 0.491551 0 0 0 0 0 0 0 0 0 0 0 0 0 0 0 0 0 0 0 0 0.1 0.1 0.15 0.25 0.25 0.15 0 0 0 0 0 0 0 

672 651 481 53 0 0.491551 0 0 0 0 0 0 0 0 0 0 0 0 0 0 0 0 0 0 0 0 0 0.05 0.2 0.25 0.25 0.2 0.05 0 0 0 0 0 0 

672 651 467 53 0 0.491551 0 0 0 0 0 0 0 0 0 0 0 0 0 0 0 0 0 0 0 0 0.05 0.1 0.3 0.25 0.15 0.15 0 0 0 0 0 0 0 

672 652 485 53 0 0.490798 0 0 0 0 0 0 0 0 0 0 0 0 0 0 0 0 0 0 0 0 0 0.15 0.15 0.15 0.25 0.1 0.15 0.05 0 0 0 0 0 

704 679 497 53 0 0.471281 0 0 0 0 0 0 0 0 0 0 0 0 0 0 0 0 0 0 0 0.047619 0 0.142857 0.0952381 0.142857 0.285714 0.238095 0.047619 0 0 0 0 0 0 

672 651 475 53 0 0.491551 0 0 0 0 0 0 0 0 0 0 0 0 0 0 0 0 0 0 0 0 0.1 0.1 0.1 0.15 0.35 0.15 0.05 0 0 0 0 0 0 

672 651 485 53 0 0.491551 0 0 0 0 0 0 0 0 0 0 0 0 0 0 0 0 0 0 0 0 0.1 0 0.2 0.15 0.25 0 0.25 0.05 0 0 0 0 0 

704 675 485 53 0 0.474074 0 0 0 0 0 0 0 0 0 0 0 0 0 0 0 0 0 0 0 0 0.190476 0.047619 0.047619 0.238095 0.285714 0.190476 0 0 0 0 0 0 0 

672 652 474 53 0 0.490798 0 0 0 0 0 0 0 0 0 0 0 0 0 0 0 0 0 0 0 0.05 0 0.1 0.15 0.25 0.3 0.1 0.05 0 0 0 0 0 0 

672 651 468 53 0 0.491551 0 0 0 0 0 0 0 0 0 0 0 0 0 0 0 0 0 0 0 0.05 0 0.15 0.3 0.05 0.3 0.1 0.05 0 0 0 0 0 0 

672 651 494 53 0 0.491551 0 0 0 0 0 0 0 0 0 0 0 0 0 0 0 0 0 0 0 0 0 0 0.1 0.15 0.35 0.35 0 0.05 0 0 0 0 0 

704 680 476 53 0 0.470588 0 0 0 0 0 0 0 0 0 0 0 0 0 0 0 0 0 0 0 0.0952381 0.0952381 0 0.285714 0.333333 0.142857 0.047619 0 0 0 0 0 0 0 

672 651 477 53 0 0.491551 0 0 0 0 0 0 0 0 0 0 0 0 0 0 0 0 0 0 0 0 0 0 0.35 0.25 0.2 0.15 0.05 0 0 0 0 0 0 

672 652 477 53 0 0.490798 0 0 0 0 0 0 0 0 0 0 0 0 0 0 0 0 0 0 0 0 0.05 0.05 0.05 0.4 0.35 0.1 0 0 0 0 0 0 0 

704 679 505 53 0 0.471281 0 0 0 0 0 0 0 0 0 0 0 0 0 0 0 0 0 0 0 0 0.047619 0.142857 0.047619 0.142857 0.238095 0.190476 0.190476 0 0 0 0 0 0 

704 680 490 53 0 0.470588 0 0 0 0 0 0 0 0 0 0 0 0 0 0 0 0 0 0 0 0.047619 0 0.142857 0.142857 0.333333 0.0952381 0.238095 0 0 0 0 0 0 0 

672 651 483 53 0 0.491551 0 0 0 0 0 0 0 0 0 0 0 0 0 0 0 0 0 0 0 0 0 0.1 0.1 0.25 0.2 0.35 0 0 0 0 0 0 0 

704 679 497 53 0 0.471281 0 0 0 0 0 0 0 0 0 0 0 0 0 0 0 0 0 0 0 0 0.142857 0.047619 0.047619 0.238095 0.238095 0.190476 0.0952381 0 0 0 0 0 0 

672 655 484 53 0 0.48855 0 0 0 0 0 0 0 0 0 0 0 0 0 0 0 0 0 0 0 0 0.1 0 0.1 0.3 0.15 0.35 0 0 0 0 0 0 0 

672 652 491 53 0 0.490798 0 0 0 0 0 0 0 0 0 0 0 0 0 0 0 0 0 0 0 0 0 0.05 0.1 0.25 0.2 0.25 0.15 0 0 0 0 0 0 

704 680 498 53 0 0.470588 0 0 0 0 0 0 0 0 0 0 0 0 0 0 0 0 0 0 0 0.047619 0 0.047619 0.190476 0.285714 0.190476 0.142857 0.047619 0.047619 0 0 0 0 0 

672 651 472 53 0 0.491551 0 0 0 0 0 0 0 0 0 0 0 0 0 0 0 0 0 0 0 0 0.05 0.1 0.25 0.2 0.25 0.05 0.1 0 0 0 0 0 0 

672 652 479 53 0 0.490798 0 0 0 0 0 0 0 0 0 0 0 0 0 0 0 0 0 0 0 0 0 0.1 0.2 0.35 0.15 0.05 0.1 0.05 0 0 0 0 0 

672 652 481 53 0 0.490798 0 0 0 0 0 0 0 0 0 0 0 0 0 0 0 0 0 0 0 0 0.05 0 0.1 0.4 0.25 0.15 0.05 0 0 0 0 0 0 

672 652 466 53 0 0.490798 0 0 0 0 0 0 0 0 0 0 0 0 0 0 0 0 0 0 0 0.05 0.05 0.1 0.2 0.35 0.1 0.1 0.05 0 0 0 0 0 0 

576 566 418 53 0 0.565371 0 0 0 0 0 0 0 0 0 0 0 0 0 0 0 0 0 0 0 0 0.0588235 0.117647 0.294118 0 0.235294 0.176471 0.0588235 0.0588235 0 0 0 0 0 

672 652 465 53 0 0.490798 0 0 0 0 0 0 0 0 0 0 0 0 0 0 0 0 0 0 0.05 0 0.05 0.15 0.1 0.25 0.35 0.05 0 0 0 0 0 0 0 

