640 618 452 56 0 0.582524 0 0 0 0 0 0 0 0 0 0 0 0 0 0 0 0 0 0 0 0 0 0.157895 0.157895 0.210526 0.210526 0.263158 0 0 0 0 0 0 0 

640 618 448 56 0 0.582524 0 0 0 0 0 0 0 0 0 0 0 0 0 0 0 0 0 0 0 0 0.0526316 0.105263 0.210526 0.210526 0.210526 0.210526 0 0 0 0 0 0 0 

512 505 378 56 0 0.712871 0 0 0 0 0 0 0 0 0 0 0 0 0 0 0 0 0 0 0 0 0.0666667 0.0666667 0.0666667 0.266667 0.266667 0.133333 0.133333 0 0 0 0 0 0 

704 679 484 56 0 0.530191 0 0 0 0 0 0 0 0 0 0 0 0 0 0 0 0 0 0 0.047619 0.047619 0.047619 0.142857 0.190476 0.047619 0.238095 0.190476 0.047619 0 0 0 0 0 0 

640 618 449 56 0 0.582524 0 0 0 0 0 0 0 0 0 0 0 0 0 0 0 0 0 0.0526316 0 0 0.105263 0.105263 0.210526 0.157895 0 0.105263 0.157895 0.0526316 0.0526316 0 0 0 0 

640 617 455 56 0 0.583468 0 0 0 0 0 0 0 0 0 0 0 0 0 0 0 0 0 0 0 0 0.105263 0 0.210526 0.105263 0.263158 0.210526 0.105263 0 0 0 0 0 0 

640 618 444 56 0 0.582524 0 0 0 0 0 0 0 0 0 0 0 0 0 0 0 0 0 0 0 0.105263 0 0.0526316 0.157895 0.368421 0.157895 0.105263 0.0526316 0 0 0 0 0 0 

704 679 500 56 0 0.530191 0 0 0 0 0 0 0 0 0 0 0 0 0 0 0 0 0 0 0 0 0.142857 0 0.0952381 0.285714 0.142857 0.142857 0.190476 0 0 0 0 0 0 

640 617 443 56 0 0.583468 0 0 0 0 0 0 0 0 0 0 0 0 0 0 0 0 0 0 0.0526316 0 0.105263 0 0.315789 0.157895 0.157895 0.0526316 0.157895 0 0 0 0 0 0 

704 679 494 56 0 0.530191 0 0 0 0 0 0 0 0 0 0 0 0 0 0 0 0 0 0 0 0 0 0.0952381 0.190476 0.380952 0.190476 0.047619 0.0952381 0 0 0 0 0 0 

