2368 2343 1699 120 0 0.682885 0 0 0 0 0 0 0 0 0 0 0 0 0 0 0 0 0 0 0.0136986 0 0.0684932 0.123288 0.191781 0.150685 0.191781 0.164384 0.0547945 0.0136986 0.0136986 0.0136986 0 0 0 

2336 2323 1691 120 0 0.688765 0 0 0 0 0 0 0 0 0 0 0 0 0 0 0 0 0 0 0 0.0277778 0.0555556 0.0416667 0.166667 0.25 0.263889 0.125 0.0416667 0.0277778 0 0 0 0 0 

2784 2772 1970 120 0 0.577201 0 0 0 0 0 0 0 0 0 0 0 0 0 0 0 0 0 0 0.0116279 0.0232558 0.0813953 0.127907 0.197674 0.290698 0.0930233 0.116279 0.0348837 0.0232558 0 0 0 0 0 

2176 2169 1601 117 0 0.737667 0 0 0 0 0 0 0 0 0 0 0 0 0 0 0 0 0 0 0 0.0298507 0.0298507 0.0447761 0.134328 0.179104 0.238806 0.268657 0.0746269 0 0 0 0 0 0 

2304 2285 1666 120 0 0.700219 0 0 0 0 0 0 0 0 0 0 0 0 0 0 0 0 0 0 0.0140845 0.0422535 0 0.0985915 0.169014 0.140845 0.253521 0.225352 0.0422535 0.0140845 0 0 0 0 0 

2272 2249 1662 120 0 0.711427 0 0 0 0 0 0 0 0 0 0 0 0 0 0 0 0 0 0 0 0 0.0285714 0.0714286 0.0714286 0.271429 0.285714 0.2 0.0571429 0.0142857 0 0 0 0 0 

2304 2281 1661 120 0 0.701447 0 0 0 0 0 0 0 0 0 0 0 0 0 0 0 0 0 0 0.0140845 0.028169 0.0422535 0.084507 0.140845 0.197183 0.183099 0.225352 0.084507 0 0 0 0 0 0 

2240 2217 1621 120 0 0.721696 0 0 0 0 0 0 0 0 0 0 0 0 0 0 0 0 0 0 0 0 0.0289855 0.115942 0.115942 0.289855 0.217391 0.130435 0.0869565 0.0144928 0 0 0 0 0 

2336 2323 1677 120 0 0.688765 0 0 0 0 0 0 0 0 0 0 0 0 0 0 0 0 0 0 0 0.0277778 0.0416667 0.138889 0.194444 0.194444 0.180556 0.125 0.0833333 0.0138889 0 0 0 0 0 

2496 2473 1776 120 0 0.646987 0 0 0 0 0 0 0 0 0 0 0 0 0 0 0 0 0 0 0.012987 0.012987 0.0519481 0.0779221 0.155844 0.324675 0.220779 0.116883 0.025974 0 0 0 0 0 0 

