2240 2213 1603 112 0 0.723 0 0 0 0 0 0 0 0 0 0 0 0 0 0 0 0 0 0 0.0144928 0 0.0434783 0.0869565 0.217391 0.202899 0.26087 0.0724638 0.057971 0.0434783 0 0 0 0 0 

2176 2163 1602 97 0 0.739713 0 0 0 0 0 0 0 0 0 0 0 0 0 0 0 0 0 0 0 0.0149254 0.0298507 0.0447761 0.134328 0.19403 0.268657 0.223881 0.0746269 0.0149254 0 0 0 0 0 

2240 2214 1603 115 0 0.722674 0 0 0 0 0 0 0 0 0 0 0 0 0 0 0 0 0 0.0144928 0 0.0144928 0.0289855 0.101449 0.15942 0.246377 0.246377 0.115942 0.0434783 0.0144928 0.0144928 0 0 0 0 

2208 2191 1603 100 0 0.73026 0 0 0 0 0 0 0 0 0 0 0 0 0 0 0 0 0 0 0 0.0147059 0.0588235 0.102941 0.147059 0.147059 0.264706 0.161765 0.0588235 0.0441176 0 0 0 0 0 

2240 2231 1603 105 0 0.717167 0 0 0 0 0 0 0 0 0 0 0 0 0 0 0 0 0 0.0144928 0 0.0434783 0.057971 0.101449 0.188406 0.202899 0.188406 0.101449 0.0724638 0.0289855 0 0 0 0 0 

2208 2199 1603 105 0 0.727603 0 0 0 0 0 0 0 0 0 0 0 0 0 0 0 0 0 0 0 0.0147059 0.0294118 0.132353 0.161765 0.176471 0.25 0.161765 0.0588235 0.0147059 0 0 0 0 0 

2240 2235 1601 108 0 0.715884 0 0 0 0 0 0 0 0 0 0 0 0 0 0 0 0 0 0 0.0144928 0.0434783 0.0289855 0.0869565 0.246377 0.202899 0.231884 0.0724638 0.0724638 0 0 0 0 0 0 

2240 2227 1603 112 0 0.718455 0 0 0 0 0 0 0 0 0 0 0 0 0 0 0 0 0.0144928 0 0 0 0.0434783 0.115942 0.217391 0.217391 0.202899 0.130435 0.057971 0 0 0 0 0 0 

2208 2191 1602 95 0 0.73026 0 0 0 0 0 0 0 0 0 0 0 0 0 0 0 0 0 0 0.0147059 0 0.0294118 0.0735294 0.176471 0.235294 0.220588 0.161765 0.0735294 0.0147059 0 0 0 0 0 

2176 2162 1602 95 0 0.740056 0 0 0 0 0 0 0 0 0 0 0 0 0 0 0 0 0 0 0 0.0149254 0.0149254 0.0746269 0.119403 0.19403 0.283582 0.179104 0.104478 0.0149254 0 0 0 0 0 

