544 528 387 56 0 0.681818 0 0 0 0 0 0 0 0 0 0 0 0 0 0 0 0 0 0 0 0 0 0.25 0 0.375 0.0625 0.3125 0 0 0 0 0 0 0 

640 618 444 56 0 0.582524 0 0 0 0 0 0 0 0 0 0 0 0 0 0 0 0 0 0 0 0 0 0.157895 0.263158 0.263158 0.263158 0 0.0526316 0 0 0 0 0 0 

544 529 387 56 0 0.680529 0 0 0 0 0 0 0 0 0 0 0 0 0 0 0 0 0 0 0 0.125 0 0.0625 0.125 0.1875 0.1875 0.25 0.0625 0 0 0 0 0 0 

640 617 455 56 0 0.583468 0 0 0 0 0 0 0 0 0 0 0 0 0 0 0 0 0 0 0 0 0 0.105263 0.210526 0.0526316 0.473684 0.0526316 0.105263 0 0 0 0 0 0 

640 618 441 56 0 0.582524 0 0 0 0 0 0 0 0 0 0 0 0 0 0 0 0 0 0 0 0.0526316 0.0526316 0.105263 0.263158 0.210526 0.210526 0 0.105263 0 0 0 0 0 0 

704 679 484 56 0 0.530191 0 0 0 0 0 0 0 0 0 0 0 0 0 0 0 0 0 0 0 0.0952381 0.047619 0.142857 0.047619 0.190476 0.380952 0.0952381 0 0 0 0 0 0 0 

640 618 447 56 0 0.582524 0 0 0 0 0 0 0 0 0 0 0 0 0 0 0 0 0 0 0 0.0526316 0.105263 0.157895 0.0526316 0.105263 0.263158 0.210526 0 0.0526316 0 0 0 0 0 

704 679 504 56 0 0.530191 0 0 0 0 0 0 0 0 0 0 0 0 0 0 0 0 0 0 0 0 0.047619 0.047619 0.047619 0.238095 0.333333 0.238095 0.047619 0 0 0 0 0 0 

512 505 378 56 0 0.712871 0 0 0 0 0 0 0 0 0 0 0 0 0 0 0 0 0 0 0 0 0.0666667 0 0.133333 0.266667 0.2 0.333333 0 0 0 0 0 0 0 

704 679 509 56 0 0.530191 0 0 0 0 0 0 0 0 0 0 0 0 0 0 0 0 0 0 0 0 0 0.0952381 0.047619 0.142857 0.428571 0.190476 0.047619 0.047619 0 0 0 0 0 

