1312 1295 949 84 0 0.617761 0 0 0 0 0 0 0 0 0 0 0 0 0 0 0 0 0 0 0 0 0.05 0.075 0.175 0.15 0.375 0.1 0.05 0.025 0 0 0 0 0 

1216 1193 870 84 0 0.670578 0 0 0 0 0 0 0 0 0 0 0 0 0 0 0 0 0 0 0 0 0 0.108108 0.216216 0.189189 0.324324 0.108108 0.0540541 0 0 0 0 0 0 

1248 1219 878 84 0 0.656276 0 0 0 0 0 0 0 0 0 0 0 0 0 0 0 0 0 0 0 0.0526316 0.105263 0.0526316 0.210526 0.157895 0.157895 0.105263 0.131579 0.0263158 0 0 0 0 0 

1280 1251 893 84 0 0.639488 0 0 0 0 0 0 0 0 0 0 0 0 0 0 0 0 0 0 0 0 0.0512821 0.153846 0.205128 0.230769 0.25641 0.0769231 0.025641 0 0 0 0 0 0 

1312 1295 952 84 0 0.617761 0 0 0 0 0 0 0 0 0 0 0 0 0 0 0 0 0 0 0 0 0.05 0 0.25 0.25 0.175 0.2 0.05 0.025 0 0 0 0 0 

1312 1295 952 84 0 0.617761 0 0 0 0 0 0 0 0 0 0 0 0 0 0 0 0 0 0 0 0.025 0.1 0.1 0.05 0.125 0.35 0.075 0.15 0 0.025 0 0 0 0 

1216 1193 875 84 0 0.670578 0 0 0 0 0 0 0 0 0 0 0 0 0 0 0 0 0 0 0 0.0540541 0 0.0810811 0.135135 0.162162 0.297297 0.189189 0.0810811 0 0 0 0 0 0 

1312 1295 947 84 0 0.617761 0 0 0 0 0 0 0 0 0 0 0 0 0 0 0 0 0 0 0 0 0.075 0.075 0.125 0.2 0.275 0.225 0.025 0 0 0 0 0 0 

1216 1194 874 84 0 0.670017 0 0 0 0 0 0 0 0 0 0 0 0 0 0 0 0 0 0 0.027027 0.027027 0.027027 0.108108 0.135135 0.189189 0.189189 0.108108 0.135135 0.0540541 0 0 0 0 0 

1312 1295 933 84 0 0.617761 0 0 0 0 0 0 0 0 0 0 0 0 0 0 0 0 0 0 0 0.025 0.075 0.175 0.125 0.15 0.25 0.125 0.05 0.025 0 0 0 0 0 

1248 1220 891 84 0 0.655738 0 0 0 0 0 0 0 0 0 0 0 0 0 0 0 0 0 0 0 0 0.0526316 0.0789474 0.157895 0.236842 0.236842 0.184211 0 0.0526316 0 0 0 0 0 

1280 1252 884 84 0 0.638978 0 0 0 0 0 0 0 0 0 0 0 0 0 0 0 0 0 0 0 0.0769231 0 0.179487 0.205128 0.25641 0.153846 0.102564 0.025641 0 0 0 0 0 0 

