1280 1251 904 84 0 0.639488 0 0 0 0 0 0 0 0 0 0 0 0 0 0 0 0 0 0 0 0.025641 0.0512821 0.102564 0.128205 0.282051 0.25641 0.0769231 0.025641 0.0512821 0 0 0 0 0 

1280 1261 928 84 0 0.634417 0 0 0 0 0 0 0 0 0 0 0 0 0 0 0 0 0 0 0 0 0.025641 0.153846 0.0512821 0.307692 0.128205 0.230769 0.102564 0 0 0 0 0 0 

1376 1358 990 84 0 0.589102 0 0 0 0 0 0 0 0 0 0 0 0 0 0 0 0 0 0 0.0238095 0 0.047619 0.0952381 0.166667 0.0952381 0.357143 0.142857 0.0714286 0 0 0 0 0 0 

1312 1289 926 84 0 0.620636 0 0 0 0 0 0 0 0 0 0 0 0 0 0 0 0 0 0 0 0 0.075 0.1 0.25 0.175 0.225 0.15 0.025 0 0 0 0 0 0 

1216 1187 854 84 0 0.673968 0 0 0 0 0 0 0 0 0 0 0 0 0 0 0 0 0 0 0 0.027027 0.0540541 0.135135 0.135135 0.27027 0.162162 0.162162 0.027027 0.027027 0 0 0 0 0 

1472 1444 1060 84 0 0.554017 0 0 0 0 0 0 0 0 0 0 0 0 0 0 0 0 0 0 0 0.0222222 0.0222222 0.0444444 0.177778 0.288889 0.177778 0.0888889 0.177778 0 0 0 0 0 0 

1408 1383 996 84 0 0.578453 0 0 0 0 0 0 0 0 0 0 0 0 0 0 0 0 0 0 0 0 0.0697674 0.0697674 0.162791 0.395349 0.186047 0.0232558 0.0930233 0 0 0 0 0 0 

1408 1381 1000 84 0 0.57929 0 0 0 0 0 0 0 0 0 0 0 0 0 0 0 0 0 0 0.0465116 0 0.0232558 0.0232558 0.186047 0.209302 0.348837 0.162791 0 0 0 0 0 0 0 

1120 1099 801 57 0 0.727934 0 0 0 0 0 0 0 0 0 0 0 0 0 0 0 0 0 0 0 0 0 0.235294 0 0.323529 0.264706 0.117647 0.0294118 0.0294118 0 0 0 0 0 

1120 1106 802 71 0 0.723327 0 0 0 0 0 0 0 0 0 0 0 0 0 0 0 0 0 0 0 0 0.0294118 0.205882 0.147059 0.235294 0.176471 0.0882353 0.117647 0 0 0 0 0 0 

