1152 1125 808 84 0 0.711111 0 0 0 0 0 0 0 0 0 0 0 0 0 0 0 0 0 0 0 0.0285714 0.114286 0.171429 0.114286 0.114286 0.2 0.171429 0.0285714 0.0571429 0 0 0 0 0 

1216 1205 883 84 0 0.6639 0 0 0 0 0 0 0 0 0 0 0 0 0 0 0 0 0 0 0 0 0 0.108108 0.216216 0.27027 0.162162 0.162162 0.0810811 0 0 0 0 0 0 

1088 1082 800 80 0 0.739372 0 0 0 0 0 0 0 0 0 0 0 0 0 0 0 0 0 0 0 0.030303 0.0606061 0.030303 0.151515 0.181818 0.242424 0.151515 0.121212 0.030303 0 0 0 0 0 

1280 1266 926 84 0 0.631912 0 0 0 0 0 0 0 0 0 0 0 0 0 0 0 0 0 0 0 0.025641 0.025641 0.0512821 0.102564 0.333333 0.333333 0.0769231 0.025641 0.025641 0 0 0 0 0 

1216 1208 892 84 0 0.662252 0 0 0 0 0 0 0 0 0 0 0 0 0 0 0 0 0 0.027027 0 0 0.027027 0.0810811 0.108108 0.162162 0.297297 0.243243 0.027027 0.027027 0 0 0 0 0 

1280 1264 922 84 0 0.632911 0 0 0 0 0 0 0 0 0 0 0 0 0 0 0 0 0 0 0 0.025641 0.025641 0.102564 0.230769 0.179487 0.205128 0.0769231 0.128205 0.025641 0 0 0 0 0 

1344 1320 961 84 0 0.606061 0 0 0 0 0 0 0 0 0 0 0 0 0 0 0 0 0 0 0 0.0243902 0.0243902 0.0731707 0.195122 0.243902 0.195122 0.195122 0.0243902 0.0243902 0 0 0 0 0 

1312 1285 933 84 0 0.622568 0 0 0 0 0 0 0 0 0 0 0 0 0 0 0 0 0 0 0 0.025 0.025 0.05 0.225 0.225 0.3 0.05 0.1 0 0 0 0 0 0 

1216 1201 872 84 0 0.666112 0 0 0 0 0 0 0 0 0 0 0 0 0 0 0 0 0 0 0 0 0.0540541 0.135135 0.243243 0.135135 0.189189 0.162162 0.0540541 0.027027 0 0 0 0 0 

1280 1268 911 84 0 0.630915 0 0 0 0 0 0 0 0 0 0 0 0 0 0 0 0 0 0.025641 0.025641 0 0 0.153846 0.205128 0.333333 0.0512821 0.0512821 0.128205 0.025641 0 0 0 0 0 

1312 1298 935 84 0 0.616333 0 0 0 0 0 0 0 0 0 0 0 0 0 0 0 0 0 0 0.025 0 0.1 0.15 0.15 0.175 0.15 0.125 0.1 0.025 0 0 0 0 0 

1216 1200 872 84 0 0.666667 0 0 0 0 0 0 0 0 0 0 0 0 0 0 0 0 0 0 0 0.027027 0.027027 0.108108 0.189189 0.216216 0.189189 0.189189 0.0540541 0 0 0 0 0 0 

1280 1265 919 84 0 0.632411 0 0 0 0 0 0 0 0 0 0 0 0 0 0 0 0 0 0 0 0.025641 0.025641 0.153846 0.205128 0.153846 0.179487 0.153846 0.0769231 0.025641 0 0 0 0 0 

1216 1207 898 84 0 0.6628 0 0 0 0 0 0 0 0 0 0 0 0 0 0 0 0 0 0 0 0 0.0540541 0.0810811 0.108108 0.27027 0.0810811 0.243243 0.135135 0.027027 0 0 0 0 0 

1280 1262 910 84 0 0.633914 0 0 0 0 0 0 0 0 0 0 0 0 0 0 0 0 0 0 0 0.025641 0.102564 0.102564 0.102564 0.25641 0.179487 0.179487 0.0512821 0 0 0 0 0 0 

1184 1161 857 84 0 0.689061 0 0 0 0 0 0 0 0 0 0 0 0 0 0 0 0 0 0 0 0 0.0277778 0.138889 0.0833333 0.222222 0.222222 0.166667 0.111111 0.0277778 0 0 0 0 0 

1344 1322 963 84 0 0.605144 0 0 0 0 0 0 0 0 0 0 0 0 0 0 0 0 0 0 0 0 0 0.219512 0.121951 0.146341 0.268293 0.195122 0.0487805 0 0 0 0 0 0 

1280 1266 906 84 0 0.631912 0 0 0 0 0 0 0 0 0 0 0 0 0 0 0 0 0 0 0 0.025641 0.102564 0.0769231 0.230769 0.205128 0.205128 0.102564 0.0512821 0 0 0 0 0 0 

1216 1205 875 84 0 0.6639 0 0 0 0 0 0 0 0 0 0 0 0 0 0 0 0 0 0 0 0 0.108108 0.0540541 0.216216 0.189189 0.216216 0.135135 0.0810811 0 0 0 0 0 0 

1216 1204 882 84 0 0.664452 0 0 0 0 0 0 0 0 0 0 0 0 0 0 0 0 0 0 0.027027 0 0.027027 0.108108 0.189189 0.189189 0.135135 0.189189 0.135135 0 0 0 0 0 0 

1216 1205 896 84 0 0.6639 0 0 0 0 0 0 0 0 0 0 0 0 0 0 0 0 0 0 0 0 0.0540541 0.0540541 0.135135 0.135135 0.351351 0.135135 0.108108 0.027027 0 0 0 0 0 

1312 1295 948 84 0 0.617761 0 0 0 0 0 0 0 0 0 0 0 0 0 0 0 0 0 0 0 0.025 0.025 0.075 0.2 0.225 0.225 0.125 0.025 0.075 0 0 0 0 0 

1216 1204 896 84 0 0.664452 0 0 0 0 0 0 0 0 0 0 0 0 0 0 0 0 0 0 0 0 0.0540541 0.0810811 0.0810811 0.189189 0.243243 0.216216 0.135135 0 0 0 0 0 0 

1216 1207 870 84 0 0.6628 0 0 0 0 0 0 0 0 0 0 0 0 0 0 0 0 0 0.027027 0 0 0.027027 0.108108 0.135135 0.324324 0.297297 0.0540541 0.027027 0 0 0 0 0 0 

1184 1158 857 84 0 0.690846 0 0 0 0 0 0 0 0 0 0 0 0 0 0 0 0 0 0 0.0277778 0 0.0555556 0.0555556 0.138889 0.0555556 0.305556 0.194444 0.166667 0 0 0 0 0 0 

1120 1097 802 84 0 0.729262 0 0 0 0 0 0 0 0 0 0 0 0 0 0 0 0 0 0 0 0 0 0.117647 0.176471 0.205882 0.323529 0.117647 0.0588235 0 0 0 0 0 0 

1280 1262 902 84 0 0.633914 0 0 0 0 0 0 0 0 0 0 0 0 0 0 0 0 0 0 0 0.025641 0.0769231 0.128205 0.25641 0.128205 0.205128 0.128205 0.0512821 0 0 0 0 0 0 

1216 1202 864 84 0 0.665557 0 0 0 0 0 0 0 0 0 0 0 0 0 0 0 0 0 0 0 0 0.0810811 0.0810811 0.216216 0.297297 0.216216 0.0540541 0.0540541 0 0 0 0 0 0 

1216 1202 870 84 0 0.665557 0 0 0 0 0 0 0 0 0 0 0 0 0 0 0 0 0 0 0 0.027027 0.108108 0.108108 0.135135 0.189189 0.189189 0.135135 0.0810811 0.027027 0 0 0 0 0 

1280 1259 925 84 0 0.635425 0 0 0 0 0 0 0 0 0 0 0 0 0 0 0 0 0 0 0 0 0.0769231 0.0512821 0.0769231 0.179487 0.410256 0.179487 0.025641 0 0 0 0 0 0 

1216 1206 900 84 0 0.66335 0 0 0 0 0 0 0 0 0 0 0 0 0 0 0 0 0 0 0 0 0 0.0810811 0.162162 0.27027 0.0810811 0.243243 0.162162 0 0 0 0 0 0 

1216 1206 879 84 0 0.66335 0 0 0 0 0 0 0 0 0 0 0 0 0 0 0 0 0 0 0 0.027027 0.027027 0.162162 0.135135 0.189189 0.162162 0.243243 0.0540541 0 0 0 0 0 0 

1312 1295 936 84 0 0.617761 0 0 0 0 0 0 0 0 0 0 0 0 0 0 0 0 0 0 0 0.075 0.025 0.1 0.1 0.275 0.2 0.175 0.05 0 0 0 0 0 0 

1216 1201 885 84 0 0.666112 0 0 0 0 0 0 0 0 0 0 0 0 0 0 0 0 0 0 0.027027 0 0.0810811 0 0.108108 0.162162 0.378378 0.162162 0.0810811 0 0 0 0 0 0 

1312 1290 959 84 0 0.620155 0 0 0 0 0 0 0 0 0 0 0 0 0 0 0 0 0 0 0 0.025 0.025 0 0.125 0.275 0.2 0.25 0.075 0.025 0 0 0 0 0 

1280 1257 916 84 0 0.636436 0 0 0 0 0 0 0 0 0 0 0 0 0 0 0 0 0 0 0 0.025641 0.025641 0.0512821 0.230769 0.25641 0.179487 0.153846 0.0512821 0 0.025641 0 0 0 0 

1120 1098 802 83 0 0.728597 0 0 0 0 0 0 0 0 0 0 0 0 0 0 0 0 0 0 0 0 0.0294118 0.117647 0.176471 0.117647 0.352941 0.176471 0.0294118 0 0 0 0 0 0 

1216 1210 891 84 0 0.661157 0 0 0 0 0 0 0 0 0 0 0 0 0 0 0 0 0 0 0 0 0.108108 0.108108 0.0540541 0.189189 0.243243 0.216216 0.027027 0.0540541 0 0 0 0 0 

1216 1207 890 84 0 0.6628 0 0 0 0 0 0 0 0 0 0 0 0 0 0 0 0 0 0 0 0 0.027027 0.0810811 0.135135 0.27027 0.243243 0.189189 0.027027 0.027027 0 0 0 0 0 

1312 1288 918 84 0 0.621118 0 0 0 0 0 0 0 0 0 0 0 0 0 0 0 0 0 0 0.025 0.05 0.05 0.075 0.2 0.275 0.125 0.15 0.05 0 0 0 0 0 0 

1216 1201 874 84 0 0.666112 0 0 0 0 0 0 0 0 0 0 0 0 0 0 0 0 0 0 0 0.027027 0.0540541 0.162162 0.0810811 0.216216 0.189189 0.189189 0.0540541 0.027027 0 0 0 0 0 

1280 1260 903 84 0 0.634921 0 0 0 0 0 0 0 0 0 0 0 0 0 0 0 0 0 0 0.025641 0.025641 0.0512821 0.102564 0.179487 0.230769 0.205128 0.128205 0.0512821 0 0 0 0 0 0 

1216 1198 886 84 0 0.66778 0 0 0 0 0 0 0 0 0 0 0 0 0 0 0 0 0 0 0 0 0.0540541 0.0540541 0.108108 0.216216 0.27027 0.216216 0.0810811 0 0 0 0 0 0 

1216 1207 895 84 0 0.6628 0 0 0 0 0 0 0 0 0 0 0 0 0 0 0 0 0 0 0.027027 0 0.027027 0.0810811 0.0810811 0.189189 0.351351 0.108108 0.0810811 0.0540541 0 0 0 0 0 

1280 1262 908 84 0 0.633914 0 0 0 0 0 0 0 0 0 0 0 0 0 0 0 0 0 0 0.025641 0.025641 0.128205 0.025641 0.102564 0.179487 0.333333 0.179487 0 0 0 0 0 0 0 

1216 1206 884 84 0 0.66335 0 0 0 0 0 0 0 0 0 0 0 0 0 0 0 0 0 0 0 0 0.0810811 0.135135 0.108108 0.243243 0.135135 0.135135 0.135135 0.027027 0 0 0 0 0 

1280 1270 930 84 0 0.629921 0 0 0 0 0 0 0 0 0 0 0 0 0 0 0 0 0 0 0 0.025641 0.025641 0.102564 0.128205 0.282051 0.205128 0.128205 0.0769231 0.025641 0 0 0 0 0 

1280 1256 917 84 0 0.636943 0 0 0 0 0 0 0 0 0 0 0 0 0 0 0 0 0 0 0 0.025641 0.025641 0.0769231 0.205128 0.230769 0.153846 0.179487 0.0769231 0.025641 0 0 0 0 0 

1344 1322 963 84 0 0.605144 0 0 0 0 0 0 0 0 0 0 0 0 0 0 0 0 0 0 0 0.0243902 0.0487805 0.0487805 0.097561 0.365854 0.219512 0.121951 0.0731707 0 0 0 0 0 0 

1344 1320 944 84 0 0.606061 0 0 0 0 0 0 0 0 0 0 0 0 0 0 0 0 0.0243902 0 0 0.0243902 0.097561 0.0731707 0.121951 0.243902 0.243902 0.121951 0.0243902 0.0243902 0 0 0 0 0 

1280 1268 926 84 0 0.630915 0 0 0 0 0 0 0 0 0 0 0 0 0 0 0 0 0 0 0 0.025641 0.0512821 0.128205 0.128205 0.179487 0.230769 0.153846 0.0769231 0.025641 0 0 0 0 0 

1312 1287 941 84 0 0.621601 0 0 0 0 0 0 0 0 0 0 0 0 0 0 0 0 0 0 0 0 0.025 0.075 0.175 0.275 0.25 0.125 0.05 0.025 0 0 0 0 0 

1280 1260 921 84 0 0.634921 0 0 0 0 0 0 0 0 0 0 0 0 0 0 0 0 0 0 0 0 0.025641 0.0769231 0.25641 0.153846 0.230769 0.205128 0.0512821 0 0 0 0 0 0 

1280 1258 917 84 0 0.63593 0 0 0 0 0 0 0 0 0 0 0 0 0 0 0 0 0 0 0 0.025641 0.0512821 0.128205 0.128205 0.153846 0.230769 0.205128 0.0512821 0.025641 0 0 0 0 0 

1312 1287 933 84 0 0.621601 0 0 0 0 0 0 0 0 0 0 0 0 0 0 0 0 0 0 0 0.025 0.05 0.05 0.3 0.1 0.2 0.225 0.05 0 0 0 0 0 0 

1280 1261 912 84 0 0.634417 0 0 0 0 0 0 0 0 0 0 0 0 0 0 0 0 0 0 0 0 0.128205 0.102564 0.128205 0.230769 0.179487 0.153846 0.025641 0.0512821 0 0 0 0 0 

1216 1202 885 84 0 0.665557 0 0 0 0 0 0 0 0 0 0 0 0 0 0 0 0 0 0 0 0 0.0540541 0.108108 0.108108 0.27027 0.162162 0.162162 0.108108 0.027027 0 0 0 0 0 

1152 1124 826 84 0 0.711744 0 0 0 0 0 0 0 0 0 0 0 0 0 0 0 0 0 0 0 0 0.0285714 0.0571429 0.171429 0.257143 0.171429 0.257143 0.0571429 0 0 0 0 0 0 

1216 1200 877 84 0 0.666667 0 0 0 0 0 0 0 0 0 0 0 0 0 0 0 0 0 0 0 0 0 0.135135 0.135135 0.297297 0.27027 0.0810811 0.0810811 0 0 0 0 0 0 

1184 1159 820 84 0 0.69025 0 0 0 0 0 0 0 0 0 0 0 0 0 0 0.0277778 0 0 0 0 0 0.0833333 0.111111 0.25 0.25 0.111111 0.0833333 0.0555556 0.0277778 0 0 0 0 0 

1312 1295 933 84 0 0.617761 0 0 0 0 0 0 0 0 0 0 0 0 0 0 0 0 0 0.025 0 0.025 0.05 0.075 0.15 0.275 0.225 0.1 0.075 0 0 0 0 0 0 

1344 1319 968 84 0 0.60652 0 0 0 0 0 0 0 0 0 0 0 0 0 0 0 0 0 0 0 0 0.097561 0.0487805 0.146341 0.268293 0.146341 0.0487805 0.243902 0 0 0 0 0 0 

1280 1260 920 84 0 0.634921 0 0 0 0 0 0 0 0 0 0 0 0 0 0 0 0 0 0 0 0 0.0512821 0.0769231 0.230769 0.230769 0.128205 0.179487 0.0769231 0.025641 0 0 0 0 0 

1440 1412 1022 84 0 0.566572 0 0 0 0 0 0 0 0 0 0 0 0 0 0 0 0 0 0 0.0227273 0.0227273 0.0909091 0.0681818 0.0909091 0.181818 0.272727 0.181818 0.0681818 0 0 0 0 0 0 

1280 1261 902 84 0 0.634417 0 0 0 0 0 0 0 0 0 0 0 0 0 0 0 0 0 0 0 0 0.0512821 0.179487 0.179487 0.282051 0.179487 0.102564 0 0.025641 0 0 0 0 0 

1152 1133 827 84 0 0.70609 0 0 0 0 0 0 0 0 0 0 0 0 0 0 0 0 0 0 0 0.0285714 0.0285714 0.142857 0.142857 0.228571 0.142857 0.171429 0.0571429 0.0571429 0 0 0 0 0 

1280 1263 920 84 0 0.633412 0 0 0 0 0 0 0 0 0 0 0 0 0 0 0 0 0 0 0 0.025641 0.025641 0.0769231 0.205128 0.230769 0.205128 0.179487 0.025641 0.025641 0 0 0 0 0 

1184 1157 848 84 0 0.691443 0 0 0 0 0 0 0 0 0 0 0 0 0 0 0 0 0 0 0 0 0 0.0833333 0.166667 0.277778 0.25 0.166667 0.0555556 0 0 0 0 0 0 

1216 1203 894 84 0 0.665004 0 0 0 0 0 0 0 0 0 0 0 0 0 0 0 0 0 0 0 0 0 0.135135 0.108108 0.135135 0.27027 0.297297 0.0540541 0 0 0 0 0 0 

1280 1257 934 84 0 0.636436 0 0 0 0 0 0 0 0 0 0 0 0 0 0 0 0 0 0 0 0.0512821 0.0512821 0.0512821 0.102564 0.128205 0.25641 0.153846 0.128205 0.0512821 0.025641 0 0 0 0 

1216 1197 871 84 0 0.668338 0 0 0 0 0 0 0 0 0 0 0 0 0 0 0 0 0 0 0 0 0.0540541 0.0810811 0.216216 0.189189 0.297297 0.0540541 0.108108 0 0 0 0 0 0 

1216 1208 914 84 0 0.662252 0 0 0 0 0 0 0 0 0 0 0 0 0 0 0 0 0 0 0 0 0 0.027027 0.135135 0.216216 0.189189 0.243243 0.189189 0 0 0 0 0 0 

1184 1161 849 84 0 0.689061 0 0 0 0 0 0 0 0 0 0 0 0 0 0 0 0 0 0 0 0 0.0555556 0.0277778 0.25 0.166667 0.277778 0.138889 0.0833333 0 0 0 0 0 0 

1312 1289 934 84 0 0.620636 0 0 0 0 0 0 0 0 0 0 0 0 0 0 0 0 0 0 0 0.025 0 0.1 0.175 0.275 0.3 0.1 0 0.025 0 0 0 0 0 

1184 1161 857 84 0 0.689061 0 0 0 0 0 0 0 0 0 0 0 0 0 0 0 0 0 0 0 0 0.0277778 0.111111 0.111111 0.277778 0.222222 0.111111 0.0277778 0.111111 0 0 0 0 0 

1216 1202 876 84 0 0.665557 0 0 0 0 0 0 0 0 0 0 0 0 0 0 0 0 0 0 0 0.027027 0.0810811 0.027027 0.189189 0.216216 0.189189 0.216216 0.0540541 0 0 0 0 0 0 

1216 1209 893 84 0 0.661704 0 0 0 0 0 0 0 0 0 0 0 0 0 0 0 0 0 0 0 0 0 0.027027 0.243243 0.189189 0.405405 0.0810811 0.027027 0.027027 0 0 0 0 0 

1312 1295 945 84 0 0.617761 0 0 0 0 0 0 0 0 0 0 0 0 0 0 0 0 0 0 0.025 0 0.025 0.1 0.05 0.425 0.15 0.175 0.025 0 0.025 0 0 0 0 

1280 1268 922 84 0 0.630915 0 0 0 0 0 0 0 0 0 0 0 0 0 0 0 0 0 0 0 0 0 0.179487 0.153846 0.282051 0.205128 0.102564 0.0769231 0 0 0 0 0 0 

1216 1206 881 84 0 0.66335 0 0 0 0 0 0 0 0 0 0 0 0 0 0 0 0 0 0 0.027027 0 0 0.135135 0.108108 0.297297 0.27027 0.0810811 0.0540541 0 0.027027 0 0 0 0 

1280 1258 895 84 0 0.63593 0 0 0 0 0 0 0 0 0 0 0 0 0 0 0 0 0 0 0 0.0769231 0.0769231 0.102564 0.179487 0.205128 0.205128 0.0512821 0.102564 0 0 0 0 0 0 

1312 1290 927 84 0 0.620155 0 0 0 0 0 0 0 0 0 0 0 0 0 0 0 0 0 0 0 0.05 0.025 0.125 0.125 0.25 0.275 0.15 0 0 0 0 0 0 0 

1088 1083 800 83 0 0.738689 0 0 0 0 0 0 0 0 0 0 0 0 0 0 0 0 0 0.030303 0 0 0 0.121212 0.181818 0.0909091 0.242424 0.212121 0.0606061 0.0606061 0 0 0 0 0 

1280 1262 905 84 0 0.633914 0 0 0 0 0 0 0 0 0 0 0 0 0 0 0 0 0 0 0 0 0.0512821 0.153846 0.179487 0.282051 0.179487 0.153846 0 0 0 0 0 0 0 

1152 1130 823 84 0 0.707965 0 0 0 0 0 0 0 0 0 0 0 0 0 0 0 0 0 0 0 0 0.114286 0.0857143 0.114286 0.257143 0.114286 0.2 0.114286 0 0 0 0 0 0 

1280 1265 933 84 0 0.632411 0 0 0 0 0 0 0 0 0 0 0 0 0 0 0 0 0 0 0 0.025641 0.025641 0.128205 0.179487 0.0769231 0.25641 0.128205 0.128205 0.0512821 0 0 0 0 0 

1344 1319 942 84 0 0.60652 0 0 0 0 0 0 0 0 0 0 0 0 0 0 0 0 0 0 0 0 0.0243902 0.0731707 0.365854 0.219512 0.243902 0.0731707 0 0 0 0 0 0 0 

1280 1259 913 84 0 0.635425 0 0 0 0 0 0 0 0 0 0 0 0 0 0 0 0 0 0 0.025641 0 0.0769231 0.0512821 0.205128 0.25641 0.153846 0.0769231 0.128205 0.025641 0 0 0 0 0 

1280 1266 921 84 0 0.631912 0 0 0 0 0 0 0 0 0 0 0 0 0 0 0 0 0 0 0 0 0.128205 0.0512821 0.128205 0.25641 0.205128 0.153846 0.0512821 0.025641 0 0 0 0 0 

1280 1257 925 84 0 0.636436 0 0 0 0 0 0 0 0 0 0 0 0 0 0 0 0 0 0 0 0.025641 0.0512821 0.0769231 0.153846 0.128205 0.205128 0.230769 0.128205 0 0 0 0 0 0 

1344 1320 961 84 0 0.606061 0 0 0 0 0 0 0 0 0 0 0 0 0 0 0 0 0 0 0.0243902 0.0243902 0.0731707 0 0.121951 0.341463 0.195122 0.097561 0.0731707 0.0487805 0 0 0 0 0 

1280 1260 918 84 0 0.634921 0 0 0 0 0 0 0 0 0 0 0 0 0 0 0 0 0 0 0.025641 0 0.0512821 0.102564 0.102564 0.205128 0.25641 0.205128 0.0512821 0 0 0 0 0 0 

1184 1159 871 84 0 0.69025 0 0 0 0 0 0 0 0 0 0 0 0 0 0 0 0 0 0 0 0.0277778 0 0.0277778 0.111111 0.222222 0.222222 0.194444 0.111111 0.0833333 0 0 0 0 0 

1184 1156 858 84 0 0.692042 0 0 0 0 0 0 0 0 0 0 0 0 0 0 0 0 0 0 0 0 0.0555556 0.0833333 0.0833333 0.194444 0.194444 0.25 0.111111 0.0277778 0 0 0 0 0 

1312 1293 936 84 0 0.618716 0 0 0 0 0 0 0 0 0 0 0 0 0 0 0 0 0 0 0 0.05 0 0.1 0.25 0.225 0.125 0.175 0.05 0.025 0 0 0 0 0 

1280 1266 939 84 0 0.631912 0 0 0 0 0 0 0 0 0 0 0 0 0 0 0 0 0 0.025641 0 0 0 0.0512821 0.179487 0.102564 0.307692 0.25641 0.0769231 0 0 0 0 0 0 

1280 1267 912 84 0 0.631413 0 0 0 0 0 0 0 0 0 0 0 0 0 0 0 0 0 0 0 0.025641 0.0769231 0.153846 0.102564 0.179487 0.307692 0.128205 0.025641 0 0 0 0 0 0 

1216 1207 888 84 0 0.6628 0 0 0 0 0 0 0 0 0 0 0 0 0 0 0 0 0 0 0 0 0.0540541 0.108108 0.189189 0.135135 0.216216 0.189189 0.0810811 0.027027 0 0 0 0 0 

1312 1289 930 84 0 0.620636 0 0 0 0 0 0 0 0 0 0 0 0 0 0 0 0 0 0 0 0.025 0.025 0.1 0.225 0.275 0.15 0.125 0.075 0 0 0 0 0 0 

1216 1203 876 84 0 0.665004 0 0 0 0 0 0 0 0 0 0 0 0 0 0 0 0 0 0.027027 0.027027 0 0.027027 0.027027 0.216216 0.27027 0.162162 0.162162 0 0.0810811 0 0 0 0 0 

1312 1292 930 84 0 0.619195 0 0 0 0 0 0 0 0 0 0 0 0 0 0 0 0 0 0 0.025 0.025 0 0.2 0.15 0.2 0.2 0.075 0.125 0 0 0 0 0 0 

1088 1077 802 82 0 0.742804 0 0 0 0 0 0 0 0 0 0 0 0 0 0 0 0 0 0 0 0.030303 0.030303 0.0606061 0.0909091 0.181818 0.242424 0.242424 0.121212 0 0 0 0 0 0 

1280 1257 915 84 0 0.636436 0 0 0 0 0 0 0 0 0 0 0 0 0 0 0 0 0 0 0 0.0512821 0.0512821 0.128205 0.0769231 0.179487 0.230769 0.179487 0.0769231 0.025641 0 0 0 0 0 

1280 1267 908 84 0 0.631413 0 0 0 0 0 0 0 0 0 0 0 0 0 0 0 0 0 0 0.025641 0.025641 0.0769231 0.102564 0.230769 0.102564 0.25641 0.128205 0.025641 0.025641 0 0 0 0 0 

1312 1289 946 84 0 0.620636 0 0 0 0 0 0 0 0 0 0 0 0 0 0 0 0 0 0 0 0 0.025 0.225 0.075 0.1 0.325 0.1 0.1 0.05 0 0 0 0 0 

1280 1261 924 84 0 0.634417 0 0 0 0 0 0 0 0 0 0 0 0 0 0 0 0 0 0 0 0 0.0512821 0.0769231 0.102564 0.282051 0.25641 0.179487 0.0512821 0 0 0 0 0 0 

1312 1291 949 84 0 0.619675 0 0 0 0 0 0 0 0 0 0 0 0 0 0 0 0 0 0 0 0 0.05 0.1 0.05 0.35 0.175 0.175 0.075 0.025 0 0 0 0 0 

1344 1323 964 84 0 0.604686 0 0 0 0 0 0 0 0 0 0 0 0 0 0 0 0 0 0 0 0.0243902 0.0731707 0.0731707 0.219512 0.170732 0.146341 0.146341 0.121951 0 0.0243902 0 0 0 0 

1216 1204 878 84 0 0.664452 0 0 0 0 0 0 0 0 0 0 0 0 0 0 0 0 0 0.027027 0.027027 0.027027 0 0.0810811 0.108108 0.27027 0.162162 0.189189 0.108108 0 0 0 0 0 0 

1216 1205 864 84 0 0.6639 0 0 0 0 0 0 0 0 0 0 0 0 0 0 0 0 0 0 0 0 0.135135 0.0810811 0.189189 0.243243 0.189189 0.135135 0.027027 0 0 0 0 0 0 

1280 1267 932 84 0 0.631413 0 0 0 0 0 0 0 0 0 0 0 0 0 0 0 0 0 0 0 0 0.025641 0.0769231 0.128205 0.384615 0.179487 0.0769231 0.0769231 0.0512821 0 0 0 0 0 

1280 1272 937 84 0 0.628931 0 0 0 0 0 0 0 0 0 0 0 0 0 0 0 0 0 0 0 0 0.0512821 0.128205 0.179487 0.179487 0.153846 0.128205 0.128205 0.0512821 0 0 0 0 0 

1280 1265 915 84 0 0.632411 0 0 0 0 0 0 0 0 0 0 0 0 0 0 0 0 0 0 0 0 0.0512821 0.0512821 0.282051 0.179487 0.358974 0.025641 0.0512821 0 0 0 0 0 0 

1280 1260 913 84 0 0.634921 0 0 0 0 0 0 0 0 0 0 0 0 0 0 0 0 0 0 0 0 0.0512821 0.102564 0.128205 0.230769 0.384615 0.102564 0 0 0 0 0 0 0 

1280 1263 918 84 0 0.633412 0 0 0 0 0 0 0 0 0 0 0 0 0 0 0 0 0 0 0 0 0.025641 0.153846 0.179487 0.230769 0.230769 0.0512821 0.128205 0 0 0 0 0 0 

1280 1257 899 84 0 0.636436 0 0 0 0 0 0 0 0 0 0 0 0 0 0 0 0 0 0.025641 0 0.025641 0.025641 0.102564 0.282051 0.205128 0.128205 0.153846 0.025641 0 0.025641 0 0 0 0 

1216 1206 884 84 0 0.66335 0 0 0 0 0 0 0 0 0 0 0 0 0 0 0 0 0 0 0 0.027027 0.027027 0.0810811 0.189189 0.162162 0.27027 0.162162 0.0810811 0 0 0 0 0 0 

1312 1285 955 84 0 0.622568 0 0 0 0 0 0 0 0 0 0 0 0 0 0 0 0 0 0 0 0 0 0.025 0.175 0.25 0.175 0.325 0.05 0 0 0 0 0 0 

1280 1259 897 84 0 0.635425 0 0 0 0 0 0 0 0 0 0 0 0 0 0 0 0 0 0 0 0.0512821 0.205128 0.025641 0.128205 0.179487 0.179487 0.153846 0.0769231 0 0 0 0 0 0 

1280 1267 913 84 0 0.631413 0 0 0 0 0 0 0 0 0 0 0 0 0 0 0 0 0 0 0.025641 0.025641 0.025641 0.102564 0.179487 0.230769 0.25641 0.102564 0.0512821 0 0 0 0 0 0 

1344 1326 960 84 0 0.603318 0 0 0 0 0 0 0 0 0 0 0 0 0 0 0 0 0 0 0 0.0243902 0 0.0487805 0.268293 0.292683 0.219512 0.121951 0.0243902 0 0 0 0 0 0 

1184 1158 849 84 0 0.690846 0 0 0 0 0 0 0 0 0 0 0 0 0 0 0 0 0 0 0 0 0.0277778 0.0555556 0.138889 0.305556 0.222222 0.222222 0.0277778 0 0 0 0 0 0 

1184 1156 862 84 0 0.692042 0 0 0 0 0 0 0 0 0 0 0 0 0 0 0 0 0 0 0 0 0.0277778 0.0277778 0.111111 0.166667 0.361111 0.222222 0.0555556 0.0277778 0 0 0 0 0 

1280 1257 894 84 0 0.636436 0 0 0 0 0 0 0 0 0 0 0 0 0 0 0 0 0 0 0 0.025641 0.0769231 0.128205 0.307692 0.179487 0.102564 0.102564 0.025641 0.0512821 0 0 0 0 0 

1280 1264 927 84 0 0.632911 0 0 0 0 0 0 0 0 0 0 0 0 0 0 0 0 0 0 0 0 0.0512821 0.025641 0.205128 0.333333 0.102564 0.205128 0.0512821 0.025641 0 0 0 0 0 

1312 1297 947 84 0 0.616808 0 0 0 0 0 0 0 0 0 0 0 0 0 0 0 0 0 0 0 0 0.025 0.225 0.125 0.125 0.25 0.125 0.1 0.025 0 0 0 0 0 

1216 1202 879 84 0 0.665557 0 0 0 0 0 0 0 0 0 0 0 0 0 0 0 0 0 0.027027 0 0 0.0540541 0.189189 0.108108 0.108108 0.162162 0.189189 0.108108 0.0540541 0 0 0 0 0 

1152 1126 811 84 0 0.71048 0 0 0 0 0 0 0 0 0 0 0 0 0 0 0 0 0 0.0285714 0 0.0285714 0.0285714 0.114286 0.114286 0.142857 0.428571 0.0571429 0.0571429 0 0 0 0 0 0 

1280 1265 927 84 0 0.632411 0 0 0 0 0 0 0 0 0 0 0 0 0 0 0 0 0 0 0 0 0 0.153846 0.153846 0.153846 0.282051 0.25641 0 0 0 0 0 0 0 

1216 1196 886 84 0 0.668896 0 0 0 0 0 0 0 0 0 0 0 0 0 0 0 0 0 0 0 0 0 0.0540541 0.243243 0.0810811 0.405405 0.135135 0.027027 0.0540541 0 0 0 0 0 

1152 1123 826 84 0 0.712378 0 0 0 0 0 0 0 0 0 0 0 0 0 0 0 0 0 0 0 0 0.0571429 0.0285714 0.142857 0.171429 0.371429 0.171429 0.0571429 0 0 0 0 0 0 

1312 1292 929 84 0 0.619195 0 0 0 0 0 0 0 0 0 0 0 0 0 0 0 0 0 0 0 0.05 0 0.225 0.125 0.175 0.25 0.1 0.05 0.025 0 0 0 0 0 

1280 1254 919 84 0 0.637959 0 0 0 0 0 0 0 0 0 0 0 0 0 0 0 0 0 0 0 0 0.102564 0.0512821 0.102564 0.230769 0.205128 0.205128 0.102564 0 0 0 0 0 0 

1280 1258 929 84 0 0.63593 0 0 0 0 0 0 0 0 0 0 0 0 0 0 0 0 0 0 0 0 0.0769231 0.0512821 0.0769231 0.307692 0.179487 0.153846 0.128205 0.025641 0 0 0 0 0 

1376 1355 962 84 0 0.590406 0 0 0 0 0 0 0 0 0 0 0 0 0 0 0 0 0 0 0 0.0714286 0.0952381 0.0952381 0.214286 0.190476 0.190476 0.047619 0.047619 0.047619 0 0 0 0 0 

1216 1203 887 84 0 0.665004 0 0 0 0 0 0 0 0 0 0 0 0 0 0 0 0 0 0 0 0 0 0.162162 0.216216 0.108108 0.162162 0.243243 0.0810811 0.027027 0 0 0 0 0 

1312 1292 967 84 0 0.619195 0 0 0 0 0 0 0 0 0 0 0 0 0 0 0 0 0 0 0 0 0 0.075 0.025 0.275 0.3 0.225 0.1 0 0 0 0 0 0 

1280 1269 916 84 0 0.630418 0 0 0 0 0 0 0 0 0 0 0 0 0 0 0 0 0 0 0 0 0.0769231 0.179487 0.0512821 0.25641 0.307692 0.102564 0.025641 0 0 0 0 0 0 

1216 1192 857 84 0 0.671141 0 0 0 0 0 0 0 0 0 0 0 0 0 0 0 0 0 0 0.027027 0.027027 0.0810811 0.135135 0.108108 0.189189 0.189189 0.162162 0.027027 0.0540541 0 0 0 0 0 

1216 1197 890 84 0 0.668338 0 0 0 0 0 0 0 0 0 0 0 0 0 0 0 0 0 0 0 0 0.027027 0.0810811 0.0810811 0.216216 0.297297 0.189189 0.0810811 0.027027 0 0 0 0 0 

1216 1208 868 84 0 0.662252 0 0 0 0 0 0 0 0 0 0 0 0 0 0 0 0 0 0 0.027027 0 0.027027 0.108108 0.243243 0.297297 0.135135 0.135135 0.027027 0 0 0 0 0 0 

1152 1124 802 81 0 0.711744 0 0 0 0 0 0 0 0 0 0 0 0 0 0 0 0 0 0 0 0.0285714 0.0857143 0.0285714 0.285714 0.2 0.228571 0.142857 0 0 0 0 0 0 0 

1216 1200 884 84 0 0.666667 0 0 0 0 0 0 0 0 0 0 0 0 0 0 0 0 0 0 0 0 0.0540541 0.0540541 0.162162 0.216216 0.216216 0.216216 0.0810811 0 0 0 0 0 0 

1280 1260 936 84 0 0.634921 0 0 0 0 0 0 0 0 0 0 0 0 0 0 0 0 0 0 0 0.025641 0.025641 0.0512821 0.102564 0.282051 0.128205 0.25641 0.0769231 0.0512821 0 0 0 0 0 

1344 1326 950 84 0 0.603318 0 0 0 0 0 0 0 0 0 0 0 0 0 0 0 0 0 0 0 0.0243902 0.097561 0.097561 0.170732 0.268293 0.170732 0.097561 0.0731707 0 0 0 0 0 0 

1152 1124 823 84 0 0.711744 0 0 0 0 0 0 0 0 0 0 0 0 0 0 0 0 0 0 0 0.0285714 0.0285714 0.142857 0.114286 0.114286 0.2 0.314286 0.0571429 0 0 0 0 0 0 

1344 1318 982 84 0 0.60698 0 0 0 0 0 0 0 0 0 0 0 0 0 0 0 0 0 0 0 0.0243902 0.0243902 0.0243902 0.097561 0.219512 0.219512 0.292683 0.0731707 0.0243902 0 0 0 0 0 

1216 1201 870 84 0 0.666112 0 0 0 0 0 0 0 0 0 0 0 0 0 0 0 0 0 0 0 0 0.027027 0.135135 0.216216 0.27027 0.162162 0.162162 0 0 0.027027 0 0 0 0 

1280 1260 927 84 0 0.634921 0 0 0 0 0 0 0 0 0 0 0 0 0 0 0 0 0 0 0 0.025641 0 0.0769231 0.230769 0.128205 0.25641 0.205128 0.0512821 0 0.025641 0 0 0 0 

1280 1256 913 84 0 0.636943 0 0 0 0 0 0 0 0 0 0 0 0 0 0 0 0 0 0 0 0.0512821 0 0.0769231 0.179487 0.179487 0.333333 0.128205 0.0512821 0 0 0 0 0 0 

1280 1265 917 84 0 0.632411 0 0 0 0 0 0 0 0 0 0 0 0 0 0 0 0 0 0 0 0 0.0769231 0.102564 0.205128 0.205128 0.205128 0.128205 0.0512821 0.025641 0 0 0 0 0 

1280 1273 922 84 0 0.628437 0 0 0 0 0 0 0 0 0 0 0 0 0 0 0 0 0 0 0 0.025641 0.025641 0.102564 0.307692 0.179487 0.128205 0.179487 0.025641 0 0.025641 0 0 0 0 

1280 1263 924 84 0 0.633412 0 0 0 0 0 0 0 0 0 0 0 0 0 0 0 0 0 0 0 0.025641 0.025641 0.0512821 0.230769 0.205128 0.179487 0.205128 0.0769231 0 0 0 0 0 0 

1216 1201 900 84 0 0.666112 0 0 0 0 0 0 0 0 0 0 0 0 0 0 0 0 0 0 0 0 0.027027 0.027027 0.135135 0.297297 0.135135 0.189189 0.135135 0.0540541 0 0 0 0 0 

1216 1201 880 84 0 0.666112 0 0 0 0 0 0 0 0 0 0 0 0 0 0 0 0 0 0 0 0.027027 0.027027 0.0810811 0.162162 0.189189 0.27027 0.162162 0.0810811 0 0 0 0 0 0 

1120 1095 802 82 0 0.730594 0 0 0 0 0 0 0 0 0 0 0 0 0 0 0 0 0 0 0 0.0294118 0.0294118 0.0588235 0.147059 0.264706 0.205882 0.176471 0.0588235 0.0294118 0 0 0 0 0 

1280 1259 900 84 0 0.635425 0 0 0 0 0 0 0 0 0 0 0 0 0 0 0 0 0 0.025641 0.025641 0 0.025641 0.102564 0.128205 0.384615 0.179487 0.0769231 0.0512821 0 0 0 0 0 0 

1216 1202 878 84 0 0.665557 0 0 0 0 0 0 0 0 0 0 0 0 0 0 0 0 0 0 0 0.0540541 0.027027 0.0810811 0.162162 0.189189 0.243243 0.162162 0.0540541 0 0.027027 0 0 0 0 

1184 1157 850 84 0 0.691443 0 0 0 0 0 0 0 0 0 0 0 0 0 0 0 0 0 0 0 0 0.0555556 0 0.138889 0.388889 0.166667 0.138889 0.111111 0 0 0 0 0 0 

1216 1201 865 84 0 0.666112 0 0 0 0 0 0 0 0 0 0 0 0 0 0 0 0 0 0 0.027027 0.027027 0.0540541 0.0810811 0.189189 0.216216 0.189189 0.162162 0.0540541 0 0 0 0 0 0 

1216 1205 911 84 0 0.6639 0 0 0 0 0 0 0 0 0 0 0 0 0 0 0 0 0 0 0 0 0 0.0810811 0.108108 0.0810811 0.243243 0.378378 0.108108 0 0 0 0 0 0 

1184 1160 828 84 0 0.689655 0 0 0 0 0 0 0 0 0 0 0 0 0 0 0 0 0 0 0 0.0277778 0.0277778 0.222222 0.0833333 0.277778 0.25 0.0833333 0.0277778 0 0 0 0 0 0 

1216 1205 889 84 0 0.6639 0 0 0 0 0 0 0 0 0 0 0 0 0 0 0 0 0 0 0 0 0.027027 0.162162 0.0810811 0.189189 0.243243 0.216216 0.0540541 0.027027 0 0 0 0 0 

1312 1290 946 84 0 0.620155 0 0 0 0 0 0 0 0 0 0 0 0 0 0 0 0 0 0 0 0 0.075 0.075 0.175 0.175 0.125 0.3 0.075 0 0 0 0 0 0 

1280 1262 916 84 0 0.633914 0 0 0 0 0 0 0 0 0 0 0 0 0 0 0 0 0.025641 0 0 0.0512821 0.0512821 0.0769231 0.0769231 0.205128 0.230769 0.205128 0.0512821 0.025641 0 0 0 0 0 

1280 1267 928 84 0 0.631413 0 0 0 0 0 0 0 0 0 0 0 0 0 0 0 0 0 0 0 0.025641 0.025641 0.102564 0.179487 0.179487 0.205128 0.205128 0.0512821 0.025641 0 0 0 0 0 

1312 1287 941 84 0 0.621601 0 0 0 0 0 0 0 0 0 0 0 0 0 0 0 0 0 0 0 0 0.05 0.075 0.125 0.225 0.35 0.1 0.075 0 0 0 0 0 0 

1312 1288 950 84 0 0.621118 0 0 0 0 0 0 0 0 0 0 0 0 0 0 0 0 0 0 0 0 0.025 0.125 0.125 0.25 0.125 0.175 0.175 0 0 0 0 0 0 

1344 1320 965 84 0 0.606061 0 0 0 0 0 0 0 0 0 0 0 0 0 0 0 0 0 0 0 0 0.0243902 0.0731707 0.097561 0.341463 0.317073 0.121951 0 0.0243902 0 0 0 0 0 

1312 1293 944 84 0 0.618716 0 0 0 0 0 0 0 0 0 0 0 0 0 0 0 0 0 0 0 0 0.05 0.1 0.2 0.175 0.25 0.125 0.075 0.025 0 0 0 0 0 

1312 1290 940 84 0 0.620155 0 0 0 0 0 0 0 0 0 0 0 0 0 0 0 0 0 0 0 0.025 0 0.075 0.3 0.15 0.175 0.2 0.075 0 0 0 0 0 0 

1344 1321 969 84 0 0.605602 0 0 0 0 0 0 0 0 0 0 0 0 0 0 0 0 0 0 0 0.0243902 0.0243902 0.0731707 0.195122 0.195122 0.195122 0.170732 0.097561 0.0243902 0 0 0 0 0 

1280 1262 932 84 0 0.633914 0 0 0 0 0 0 0 0 0 0 0 0 0 0 0 0 0 0 0 0.025641 0.0512821 0.0512821 0.179487 0.128205 0.230769 0.179487 0.128205 0.025641 0 0 0 0 0 

1216 1201 877 84 0 0.666112 0 0 0 0 0 0 0 0 0 0 0 0 0 0 0 0 0 0 0 0 0.0540541 0.108108 0.189189 0.216216 0.189189 0.135135 0.0810811 0.027027 0 0 0 0 0 

1216 1201 884 84 0 0.666112 0 0 0 0 0 0 0 0 0 0 0 0 0 0 0 0 0 0 0 0.027027 0.0540541 0.027027 0.189189 0.216216 0.0810811 0.351351 0.0540541 0 0 0 0 0 0 

1280 1259 936 84 0 0.635425 0 0 0 0 0 0 0 0 0 0 0 0 0 0 0 0 0 0 0 0 0.025641 0.0512821 0.153846 0.205128 0.25641 0.179487 0.0769231 0.0512821 0 0 0 0 0 

1312 1287 927 84 0 0.621601 0 0 0 0 0 0 0 0 0 0 0 0 0 0 0 0 0 0.025 0.025 0.05 0 0.05 0.125 0.325 0.15 0.2 0.05 0 0 0 0 0 0 

1312 1293 940 84 0 0.618716 0 0 0 0 0 0 0 0 0 0 0 0 0 0 0 0 0 0.025 0.025 0 0 0.125 0.1 0.225 0.275 0.15 0.075 0 0 0 0 0 0 

1152 1123 802 82 0 0.712378 0 0 0 0 0 0 0 0 0 0 0 0 0 0 0 0 0 0 0 0.0571429 0.0285714 0.114286 0.142857 0.285714 0.257143 0.0857143 0.0285714 0 0 0 0 0 0 

1280 1258 922 84 0 0.63593 0 0 0 0 0 0 0 0 0 0 0 0 0 0 0 0 0 0 0 0 0.025641 0.153846 0.128205 0.153846 0.307692 0.153846 0.0512821 0 0.025641 0 0 0 0 

1344 1327 954 84 0 0.602864 0 0 0 0 0 0 0 0 0 0 0 0 0 0 0 0 0 0 0.0243902 0.0243902 0.0243902 0.121951 0.170732 0.317073 0.097561 0.146341 0.0731707 0 0 0 0 0 0 

1344 1319 955 84 0 0.60652 0 0 0 0 0 0 0 0 0 0 0 0 0 0 0 0 0 0 0.0243902 0.0243902 0 0.146341 0.097561 0.219512 0.268293 0.195122 0.0243902 0 0 0 0 0 0 

1216 1205 892 84 0 0.6639 0 0 0 0 0 0 0 0 0 0 0 0 0 0 0 0 0 0 0 0 0 0.0540541 0.108108 0.432432 0.162162 0.162162 0.0540541 0.027027 0 0 0 0 0 

1280 1263 918 84 0 0.633412 0 0 0 0 0 0 0 0 0 0 0 0 0 0 0 0 0 0 0 0 0.0512821 0.102564 0.179487 0.25641 0.179487 0.179487 0.0512821 0 0 0 0 0 0 

1216 1204 882 84 0 0.664452 0 0 0 0 0 0 0 0 0 0 0 0 0 0 0 0 0 0 0 0.0810811 0.027027 0.027027 0.135135 0.216216 0.216216 0.216216 0.0810811 0 0 0 0 0 0 

1216 1205 889 84 0 0.6639 0 0 0 0 0 0 0 0 0 0 0 0 0 0 0 0 0 0 0 0 0.0540541 0.0540541 0.108108 0.351351 0.189189 0.0810811 0.162162 0 0 0 0 0 0 

1312 1291 938 84 0 0.619675 0 0 0 0 0 0 0 0 0 0 0 0 0 0 0 0 0 0 0 0.025 0.075 0.1 0.1 0.225 0.225 0.175 0.075 0 0 0 0 0 0 

1216 1208 894 84 0 0.662252 0 0 0 0 0 0 0 0 0 0 0 0 0 0 0 0 0 0 0 0 0.0540541 0.0810811 0.135135 0.108108 0.324324 0.27027 0 0.027027 0 0 0 0 0 

1152 1122 812 84 0 0.713012 0 0 0 0 0 0 0 0 0 0 0 0 0 0 0 0 0 0 0 0 0.0571429 0.171429 0.0571429 0.285714 0.2 0.171429 0.0571429 0 0 0 0 0 0 

1120 1106 802 84 0 0.723327 0 0 0 0 0 0 0 0 0 0 0 0 0 0 0 0 0 0 0 0 0.0882353 0.0882353 0.205882 0.117647 0.352941 0.0882353 0.0588235 0 0 0 0 0 0 

1280 1268 946 84 0 0.630915 0 0 0 0 0 0 0 0 0 0 0 0 0 0 0 0 0 0 0 0 0.025641 0.025641 0.0769231 0.25641 0.358974 0.205128 0.025641 0.025641 0 0 0 0 0 

1312 1291 939 84 0 0.619675 0 0 0 0 0 0 0 0 0 0 0 0 0 0 0 0 0 0 0 0.025 0.05 0.2 0.05 0.125 0.275 0.2 0.075 0 0 0 0 0 0 

1216 1205 889 84 0 0.6639 0 0 0 0 0 0 0 0 0 0 0 0 0 0 0 0 0 0 0 0.0540541 0.027027 0 0.108108 0.243243 0.351351 0.135135 0.0810811 0 0 0 0 0 0 

1216 1200 869 84 0 0.666667 0 0 0 0 0 0 0 0 0 0 0 0 0 0 0 0 0 0 0 0.0540541 0.0540541 0.0810811 0.135135 0.216216 0.216216 0.216216 0.027027 0 0 0 0 0 0 

1184 1159 860 84 0 0.69025 0 0 0 0 0 0 0 0 0 0 0 0 0 0 0 0 0 0 0 0.0277778 0.0277778 0.0833333 0.111111 0.166667 0.138889 0.333333 0.0833333 0.0277778 0 0 0 0 0 

1216 1200 879 84 0 0.666667 0 0 0 0 0 0 0 0 0 0 0 0 0 0 0 0 0 0 0.027027 0.027027 0.027027 0.027027 0.189189 0.189189 0.27027 0.162162 0.027027 0.0540541 0 0 0 0 0 

1184 1154 833 84 0 0.693241 0 0 0 0 0 0 0 0 0 0 0 0 0 0 0 0 0 0 0 0 0.111111 0.111111 0.222222 0.111111 0.194444 0.138889 0.0833333 0 0.0277778 0 0 0 0 

1280 1258 903 84 0 0.63593 0 0 0 0 0 0 0 0 0 0 0 0 0 0 0 0 0 0.025641 0 0.025641 0.0769231 0.128205 0.179487 0.153846 0.153846 0.153846 0.0512821 0.0512821 0 0 0 0 0 

1344 1318 980 84 0 0.60698 0 0 0 0 0 0 0 0 0 0 0 0 0 0 0 0 0 0 0 0 0.0487805 0 0.0731707 0.268293 0.317073 0.268293 0 0 0.0243902 0 0 0 0 

1216 1205 867 84 0 0.6639 0 0 0 0 0 0 0 0 0 0 0 0 0 0 0 0 0 0 0 0.027027 0.027027 0.162162 0.162162 0.324324 0.0540541 0.243243 0 0 0 0 0 0 0 

1312 1287 923 84 0 0.621601 0 0 0 0 0 0 0 0 0 0 0 0 0 0 0 0 0 0.025 0 0 0.05 0.1 0.2 0.225 0.25 0.1 0.05 0 0 0 0 0 0 

1216 1200 858 84 0 0.666667 0 0 0 0 0 0 0 0 0 0 0 0 0 0 0 0 0 0 0 0 0.108108 0.135135 0.162162 0.27027 0.162162 0.135135 0.027027 0 0 0 0 0 0 

1216 1209 888 84 0 0.661704 0 0 0 0 0 0 0 0 0 0 0 0 0 0 0 0 0 0 0 0 0.0540541 0.0540541 0.135135 0.297297 0.243243 0.162162 0.0540541 0 0 0 0 0 0 

1216 1199 869 84 0 0.667223 0 0 0 0 0 0 0 0 0 0 0 0 0 0 0 0 0 0 0 0 0.0540541 0.135135 0.135135 0.243243 0.27027 0.108108 0.0540541 0 0 0 0 0 0 

1344 1322 966 84 0 0.605144 0 0 0 0 0 0 0 0 0 0 0 0 0 0 0 0 0 0 0 0 0.0243902 0.097561 0.170732 0.268293 0.219512 0.121951 0.097561 0 0 0 0 0 0 

1280 1258 915 84 0 0.63593 0 0 0 0 0 0 0 0 0 0 0 0 0 0 0 0 0 0 0 0 0.0512821 0.102564 0.205128 0.128205 0.282051 0.205128 0.025641 0 0 0 0 0 0 

1216 1196 894 84 0 0.668896 0 0 0 0 0 0 0 0 0 0 0 0 0 0 0 0 0 0 0 0 0.0540541 0.0810811 0.0540541 0.216216 0.162162 0.297297 0.0810811 0.0540541 0 0 0 0 0 

1344 1318 964 84 0 0.60698 0 0 0 0 0 0 0 0 0 0 0 0 0 0 0 0 0 0 0 0 0.0487805 0.0487805 0.219512 0.243902 0.219512 0.0731707 0.121951 0.0243902 0 0 0 0 0 

