1216 1203 879 84 0 0.665004 0 0 0 0 0 0 0 0 0 0 0 0 0 0 0 0 0 0 0.027027 0 0 0.0810811 0.243243 0.135135 0.297297 0.162162 0.0540541 0 0 0 0 0 0 

1216 1203 874 84 0 0.665004 0 0 0 0 0 0 0 0 0 0 0 0 0 0 0 0 0 0 0 0 0.0540541 0.0810811 0.189189 0.189189 0.351351 0.135135 0 0 0 0 0 0 0 

1280 1259 888 84 0 0.635425 0 0 0 0 0 0 0 0 0 0 0 0 0 0 0 0 0 0 0.025641 0.0769231 0.0769231 0.128205 0.205128 0.153846 0.179487 0.0512821 0.0769231 0.025641 0 0 0 0 0 

1312 1285 934 84 0 0.622568 0 0 0 0 0 0 0 0 0 0 0 0 0 0 0 0 0 0 0 0 0.1 0.025 0.225 0.2 0.2 0.175 0.05 0.025 0 0 0 0 0 

1216 1200 886 84 0 0.666667 0 0 0 0 0 0 0 0 0 0 0 0 0 0 0 0 0 0 0 0 0.0540541 0.027027 0.135135 0.243243 0.297297 0.162162 0.0810811 0 0 0 0 0 0 

1312 1290 936 84 0 0.620155 0 0 0 0 0 0 0 0 0 0 0 0 0 0 0 0 0 0 0 0 0.05 0.15 0.075 0.325 0.225 0.125 0 0.05 0 0 0 0 0 

1216 1205 877 84 0 0.6639 0 0 0 0 0 0 0 0 0 0 0 0 0 0 0 0 0 0.027027 0 0.027027 0.0540541 0.0540541 0.135135 0.297297 0.108108 0.189189 0.108108 0 0 0 0 0 0 

1344 1330 959 84 0 0.601504 0 0 0 0 0 0 0 0 0 0 0 0 0 0 0 0 0 0 0 0.0487805 0.0487805 0.121951 0.097561 0.268293 0.243902 0.121951 0.0487805 0 0 0 0 0 0 

1184 1161 834 84 0 0.689061 0 0 0 0 0 0 0 0 0 0 0 0 0 0 0 0 0 0 0.0555556 0.0277778 0.0277778 0.138889 0.194444 0.166667 0.0555556 0.222222 0.0833333 0.0277778 0 0 0 0 0 

1280 1264 932 84 0 0.632911 0 0 0 0 0 0 0 0 0 0 0 0 0 0 0 0 0 0 0 0 0.025641 0.102564 0.128205 0.128205 0.435897 0.128205 0 0.0512821 0 0 0 0 0 

1344 1319 964 84 0 0.60652 0 0 0 0 0 0 0 0 0 0 0 0 0 0 0 0 0 0 0 0.0243902 0 0.0731707 0.219512 0.268293 0.219512 0.0731707 0.0487805 0.0731707 0 0 0 0 0 

1312 1290 937 84 0 0.620155 0 0 0 0 0 0 0 0 0 0 0 0 0 0 0 0 0 0 0.025 0 0.05 0.075 0.1 0.275 0.325 0.075 0.075 0 0 0 0 0 0 

1312 1298 947 84 0 0.616333 0 0 0 0 0 0 0 0 0 0 0 0 0 0 0 0 0 0 0 0 0 0.125 0.25 0.2 0.25 0.05 0.125 0 0 0 0 0 0 

1312 1289 941 84 0 0.620636 0 0 0 0 0 0 0 0 0 0 0 0 0 0 0 0 0 0 0 0.025 0.05 0.025 0.175 0.275 0.175 0.225 0.05 0 0 0 0 0 0 

1344 1325 957 84 0 0.603774 0 0 0 0 0 0 0 0 0 0 0 0 0 0 0 0 0 0 0 0 0.121951 0.0243902 0.268293 0.243902 0.097561 0.121951 0.121951 0 0 0 0 0 0 

1216 1208 904 84 0 0.662252 0 0 0 0 0 0 0 0 0 0 0 0 0 0 0 0 0 0 0 0 0.027027 0.027027 0.108108 0.216216 0.297297 0.27027 0.027027 0.027027 0 0 0 0 0 

1216 1193 871 84 0 0.670578 0 0 0 0 0 0 0 0 0 0 0 0 0 0 0 0 0 0 0.027027 0.0540541 0 0.0810811 0.135135 0.216216 0.189189 0.162162 0.108108 0.027027 0 0 0 0 0 

1312 1292 918 84 0 0.619195 0 0 0 0 0 0 0 0 0 0 0 0 0 0 0 0.025 0 0 0.025 0.05 0.05 0.025 0.275 0.2 0.125 0.15 0.075 0 0 0 0 0 0 

1280 1264 908 84 0 0.632911 0 0 0 0 0 0 0 0 0 0 0 0 0 0 0 0 0 0 0.025641 0.025641 0.025641 0.102564 0.179487 0.307692 0.179487 0.0769231 0.0769231 0 0 0 0 0 0 

1216 1208 887 84 0 0.662252 0 0 0 0 0 0 0 0 0 0 0 0 0 0 0 0 0 0 0 0.027027 0.027027 0.027027 0.216216 0.243243 0.243243 0.135135 0.0540541 0.027027 0 0 0 0 0 

1280 1263 916 84 0 0.633412 0 0 0 0 0 0 0 0 0 0 0 0 0 0 0 0 0 0 0 0 0.0769231 0.153846 0.102564 0.179487 0.25641 0.205128 0.025641 0 0 0 0 0 0 

1280 1262 907 84 0 0.633914 0 0 0 0 0 0 0 0 0 0 0 0 0 0 0 0 0 0 0 0.0512821 0.0512821 0.0769231 0.25641 0.25641 0.0512821 0.153846 0.102564 0 0 0 0 0 0 

1280 1262 913 84 0 0.633914 0 0 0 0 0 0 0 0 0 0 0 0 0 0 0 0 0 0 0 0.025641 0.0769231 0.0769231 0.153846 0.230769 0.179487 0.25641 0 0 0 0 0 0 0 

1312 1287 928 84 0 0.621601 0 0 0 0 0 0 0 0 0 0 0 0 0 0 0 0 0 0 0 0 0.075 0.1 0.225 0.175 0.225 0.15 0.05 0 0 0 0 0 0 

1184 1156 848 84 0 0.692042 0 0 0 0 0 0 0 0 0 0 0 0 0 0 0 0 0 0 0 0 0 0.0833333 0.111111 0.333333 0.25 0.194444 0.0277778 0 0 0 0 0 0 

1280 1264 920 84 0 0.632911 0 0 0 0 0 0 0 0 0 0 0 0 0 0 0 0 0 0 0 0 0.0769231 0.102564 0.205128 0.153846 0.230769 0.128205 0.0769231 0.025641 0 0 0 0 0 

1184 1164 847 84 0 0.687285 0 0 0 0 0 0 0 0 0 0 0 0 0 0 0 0 0 0.0277778 0 0.0277778 0 0.138889 0.0555556 0.277778 0.194444 0.222222 0.0555556 0 0 0 0 0 0 

1216 1204 874 84 0 0.664452 0 0 0 0 0 0 0 0 0 0 0 0 0 0 0 0 0 0 0 0.027027 0.108108 0.0540541 0.0810811 0.378378 0.108108 0.162162 0.0540541 0.027027 0 0 0 0 0 

1280 1262 932 84 0 0.633914 0 0 0 0 0 0 0 0 0 0 0 0 0 0 0 0 0 0 0 0.025641 0.0512821 0.0512821 0.153846 0.179487 0.282051 0.102564 0.0769231 0.0512821 0.025641 0 0 0 0 

1216 1196 878 84 0 0.668896 0 0 0 0 0 0 0 0 0 0 0 0 0 0 0 0 0 0 0 0 0.027027 0 0.216216 0.27027 0.324324 0.108108 0.0540541 0 0 0 0 0 0 

1344 1325 973 84 0 0.603774 0 0 0 0 0 0 0 0 0 0 0 0 0 0 0 0 0 0 0 0.0487805 0.0487805 0.0243902 0.097561 0.195122 0.390244 0.0731707 0.121951 0 0 0 0 0 0 

1216 1202 892 84 0 0.665557 0 0 0 0 0 0 0 0 0 0 0 0 0 0 0 0 0 0 0 0 0.027027 0 0.297297 0.216216 0.108108 0.189189 0.135135 0.027027 0 0 0 0 0 

1280 1270 925 84 0 0.629921 0 0 0 0 0 0 0 0 0 0 0 0 0 0 0 0 0 0 0.0512821 0.025641 0.025641 0.153846 0.128205 0.128205 0.179487 0.153846 0.102564 0.025641 0.025641 0 0 0 0 

1344 1319 942 84 0 0.60652 0 0 0 0 0 0 0 0 0 0 0 0 0 0 0 0 0 0 0.0243902 0 0.121951 0.097561 0.170732 0.195122 0.170732 0.170732 0.0487805 0 0 0 0 0 0 

1280 1265 937 84 0 0.632411 0 0 0 0 0 0 0 0 0 0 0 0 0 0 0 0 0 0 0 0 0.025641 0.0512821 0.0769231 0.333333 0.307692 0.102564 0.0769231 0.025641 0 0 0 0 0 

1280 1264 917 84 0 0.632911 0 0 0 0 0 0 0 0 0 0 0 0 0 0 0 0 0 0 0 0 0.0512821 0.102564 0.25641 0.153846 0.205128 0.179487 0.0512821 0 0 0 0 0 0 

1216 1208 905 84 0 0.662252 0 0 0 0 0 0 0 0 0 0 0 0 0 0 0 0 0 0 0 0.027027 0 0.027027 0.135135 0.216216 0.297297 0.135135 0.108108 0.0540541 0 0 0 0 0 

1280 1258 896 84 0 0.63593 0 0 0 0 0 0 0 0 0 0 0 0 0 0 0 0 0 0 0 0.0512821 0.0512821 0.25641 0.0512821 0.230769 0.153846 0.128205 0.0769231 0 0 0 0 0 0 

1312 1295 941 84 0 0.617761 0 0 0 0 0 0 0 0 0 0 0 0 0 0 0 0 0 0.025 0 0.025 0.1 0 0.125 0.3 0.175 0.125 0.1 0.025 0 0 0 0 0 

1216 1207 904 84 0 0.6628 0 0 0 0 0 0 0 0 0 0 0 0 0 0 0 0 0 0 0 0.027027 0.0540541 0.0540541 0.108108 0.162162 0.162162 0.216216 0.162162 0.0540541 0 0 0 0 0 

1216 1206 884 84 0 0.66335 0 0 0 0 0 0 0 0 0 0 0 0 0 0 0 0 0 0 0.027027 0 0.0540541 0.135135 0.189189 0.0810811 0.216216 0.135135 0.0810811 0.0810811 0 0 0 0 0 

1280 1264 929 84 0 0.632911 0 0 0 0 0 0 0 0 0 0 0 0 0 0 0 0 0 0 0 0.0512821 0.025641 0.0769231 0.102564 0.205128 0.307692 0.102564 0.0769231 0.0512821 0 0 0 0 0 

1120 1107 802 81 0 0.722674 0 0 0 0 0 0 0 0 0 0 0 0 0 0 0 0 0 0 0 0 0.0588235 0.176471 0.176471 0.147059 0.176471 0.235294 0.0294118 0 0 0 0 0 0 

1312 1293 944 84 0 0.618716 0 0 0 0 0 0 0 0 0 0 0 0 0 0 0 0 0 0 0 0.025 0 0.125 0.15 0.275 0.2 0.125 0.075 0.025 0 0 0 0 0 

1216 1204 888 84 0 0.664452 0 0 0 0 0 0 0 0 0 0 0 0 0 0 0 0 0 0 0 0 0.027027 0.135135 0.162162 0.162162 0.243243 0.135135 0.108108 0 0.027027 0 0 0 0 

1376 1351 974 84 0 0.592154 0 0 0 0 0 0 0 0 0 0 0 0 0 0 0 0 0 0 0.0238095 0.0238095 0.0714286 0.0714286 0.142857 0.190476 0.261905 0.166667 0.047619 0 0 0 0 0 0 

1216 1203 872 84 0 0.665004 0 0 0 0 0 0 0 0 0 0 0 0 0 0 0 0 0 0 0 0.0540541 0.027027 0.135135 0.108108 0.189189 0.297297 0.135135 0.0540541 0 0 0 0 0 0 

1216 1208 878 84 0 0.662252 0 0 0 0 0 0 0 0 0 0 0 0 0 0 0 0 0 0 0 0.027027 0.108108 0.027027 0.189189 0.216216 0.216216 0.108108 0.108108 0 0 0 0 0 0 

1152 1127 835 84 0 0.709849 0 0 0 0 0 0 0 0 0 0 0 0 0 0 0 0 0 0 0 0.0285714 0.0285714 0.0571429 0.142857 0.2 0.2 0.2 0.0857143 0.0285714 0.0285714 0 0 0 0 

1280 1267 928 84 0 0.631413 0 0 0 0 0 0 0 0 0 0 0 0 0 0 0 0 0 0 0 0 0.025641 0.102564 0.102564 0.307692 0.282051 0.128205 0.0512821 0 0 0 0 0 0 

1344 1320 970 84 0 0.606061 0 0 0 0 0 0 0 0 0 0 0 0 0 0 0 0 0 0 0 0 0.0487805 0.146341 0.0731707 0.268293 0.121951 0.170732 0.170732 0 0 0 0 0 0 

1344 1321 970 84 0 0.605602 0 0 0 0 0 0 0 0 0 0 0 0 0 0 0 0 0 0 0 0 0.0731707 0.097561 0.170732 0.121951 0.195122 0.219512 0.097561 0.0243902 0 0 0 0 0 

1312 1292 949 84 0 0.619195 0 0 0 0 0 0 0 0 0 0 0 0 0 0 0 0 0 0 0 0 0.025 0.075 0.15 0.225 0.35 0.1 0.05 0.025 0 0 0 0 0 

1216 1201 880 84 0 0.666112 0 0 0 0 0 0 0 0 0 0 0 0 0 0 0 0 0 0 0 0 0.027027 0 0.243243 0.27027 0.297297 0.135135 0.027027 0 0 0 0 0 0 

1280 1259 911 84 0 0.635425 0 0 0 0 0 0 0 0 0 0 0 0 0 0 0 0 0 0 0 0.025641 0 0.0769231 0.282051 0.25641 0.153846 0.153846 0.0512821 0 0 0 0 0 0 

1216 1207 889 84 0 0.6628 0 0 0 0 0 0 0 0 0 0 0 0 0 0 0 0 0 0 0 0.027027 0.027027 0.108108 0.108108 0.243243 0.243243 0.108108 0.0810811 0.0540541 0 0 0 0 0 

1216 1202 881 84 0 0.665557 0 0 0 0 0 0 0 0 0 0 0 0 0 0 0 0 0 0 0 0.027027 0 0.0810811 0.162162 0.243243 0.243243 0.216216 0.027027 0 0 0 0 0 0 

1184 1159 836 84 0 0.69025 0 0 0 0 0 0 0 0 0 0 0 0 0 0 0 0 0 0 0 0 0.0555556 0.0833333 0.277778 0.25 0.111111 0.138889 0.0833333 0 0 0 0 0 0 

1120 1104 802 79 0 0.724638 0 0 0 0 0 0 0 0 0 0 0 0 0 0 0 0 0 0 0 0.0588235 0.0882353 0.0294118 0.176471 0.0882353 0.323529 0.176471 0.0588235 0 0 0 0 0 0 

1216 1205 891 84 0 0.6639 0 0 0 0 0 0 0 0 0 0 0 0 0 0 0 0 0 0 0 0 0.027027 0.0540541 0.135135 0.297297 0.216216 0.189189 0.0810811 0 0 0 0 0 0 

1312 1292 952 84 0 0.619195 0 0 0 0 0 0 0 0 0 0 0 0 0 0 0 0 0 0 0.05 0 0.025 0.05 0.1 0.275 0.175 0.175 0.1 0.05 0 0 0 0 0 

1280 1271 910 84 0 0.629426 0 0 0 0 0 0 0 0 0 0 0 0 0 0 0 0 0 0 0 0.025641 0.102564 0.102564 0.153846 0.25641 0.230769 0.102564 0.025641 0 0 0 0 0 0 

1184 1159 838 84 0 0.69025 0 0 0 0 0 0 0 0 0 0 0 0 0 0 0 0 0 0 0.0277778 0 0 0.0833333 0.194444 0.305556 0.194444 0.194444 0 0 0 0 0 0 0 

1312 1289 934 84 0 0.620636 0 0 0 0 0 0 0 0 0 0 0 0 0 0 0 0 0 0 0 0.025 0.05 0.1 0.275 0.175 0.15 0.075 0.05 0.1 0 0 0 0 0 

1184 1158 837 84 0 0.690846 0 0 0 0 0 0 0 0 0 0 0 0 0 0 0 0 0 0 0 0.0555556 0 0.111111 0.194444 0.194444 0.222222 0.166667 0.0555556 0 0 0 0 0 0 

1216 1202 873 84 0 0.665557 0 0 0 0 0 0 0 0 0 0 0 0 0 0 0 0 0 0 0.027027 0 0.027027 0.108108 0.216216 0.135135 0.297297 0.135135 0.027027 0.027027 0 0 0 0 0 

1216 1205 883 84 0 0.6639 0 0 0 0 0 0 0 0 0 0 0 0 0 0 0 0 0 0 0 0.0540541 0 0.0810811 0.189189 0.162162 0.243243 0.189189 0.0810811 0 0 0 0 0 0 

1312 1286 946 84 0 0.622084 0 0 0 0 0 0 0 0 0 0 0 0 0 0 0 0 0 0 0 0 0.025 0.025 0.2 0.3 0.275 0.05 0.075 0.025 0.025 0 0 0 0 

1216 1194 872 84 0 0.670017 0 0 0 0 0 0 0 0 0 0 0 0 0 0 0 0 0 0 0.027027 0 0.027027 0.108108 0.216216 0.0540541 0.27027 0.216216 0.0810811 0 0 0 0 0 0 

1216 1207 874 84 0 0.6628 0 0 0 0 0 0 0 0 0 0 0 0 0 0 0 0 0 0 0 0.027027 0.027027 0.135135 0.297297 0.162162 0.108108 0.135135 0.0540541 0.0540541 0 0 0 0 0 

1280 1256 924 84 0 0.636943 0 0 0 0 0 0 0 0 0 0 0 0 0 0 0 0 0 0 0 0 0 0.0512821 0.230769 0.230769 0.179487 0.282051 0.025641 0 0 0 0 0 0 

1184 1159 842 84 0 0.69025 0 0 0 0 0 0 0 0 0 0 0 0 0 0 0 0 0 0 0 0.0277778 0 0.166667 0.166667 0.222222 0.138889 0.194444 0.0555556 0.0277778 0 0 0 0 0 

1216 1205 878 84 0 0.6639 0 0 0 0 0 0 0 0 0 0 0 0 0 0 0 0 0 0 0 0 0.027027 0.108108 0.243243 0.162162 0.243243 0.189189 0.027027 0 0 0 0 0 0 

1312 1286 933 84 0 0.622084 0 0 0 0 0 0 0 0 0 0 0 0 0 0 0 0 0 0 0 0 0.05 0.1 0.225 0.2 0.225 0.1 0.075 0.025 0 0 0 0 0 

1280 1263 923 84 0 0.633412 0 0 0 0 0 0 0 0 0 0 0 0 0 0 0 0 0 0 0 0 0.025641 0.0769231 0.153846 0.307692 0.205128 0.230769 0 0 0 0 0 0 0 

1184 1163 844 84 0 0.687876 0 0 0 0 0 0 0 0 0 0 0 0 0 0 0 0 0 0 0.0277778 0 0.0277778 0.0833333 0.166667 0.305556 0.138889 0.194444 0.0555556 0 0 0 0 0 0 

1280 1269 919 84 0 0.630418 0 0 0 0 0 0 0 0 0 0 0 0 0 0 0 0 0 0 0.025641 0 0 0.128205 0.128205 0.358974 0.179487 0.179487 0 0 0 0 0 0 0 

1280 1271 921 84 0 0.629426 0 0 0 0 0 0 0 0 0 0 0 0 0 0 0 0 0 0 0 0.025641 0 0.102564 0.333333 0.179487 0.179487 0.0769231 0.0769231 0.025641 0 0 0 0 0 

1280 1259 931 84 0 0.635425 0 0 0 0 0 0 0 0 0 0 0 0 0 0 0 0 0 0 0 0.025641 0.025641 0.0512821 0.179487 0.102564 0.307692 0.205128 0.0769231 0.025641 0 0 0 0 0 

1312 1290 925 84 0 0.620155 0 0 0 0 0 0 0 0 0 0 0 0 0 0 0 0 0 0 0 0.025 0.075 0.15 0.1 0.3 0.175 0.125 0.025 0.025 0 0 0 0 0 

1280 1262 918 84 0 0.633914 0 0 0 0 0 0 0 0 0 0 0 0 0 0 0 0 0 0 0.025641 0 0.025641 0.025641 0.230769 0.25641 0.25641 0.128205 0.0512821 0 0 0 0 0 0 

1216 1207 885 84 0 0.6628 0 0 0 0 0 0 0 0 0 0 0 0 0 0 0 0 0 0 0 0 0 0.027027 0.351351 0.189189 0.243243 0.135135 0.027027 0.027027 0 0 0 0 0 

1184 1157 846 84 0 0.691443 0 0 0 0 0 0 0 0 0 0 0 0 0 0 0 0 0.0277778 0 0 0 0.0555556 0.0277778 0.138889 0.25 0.166667 0.25 0.0833333 0 0 0 0 0 0 

1216 1195 842 84 0 0.669456 0 0 0 0 0 0 0 0 0 0 0 0 0 0 0 0 0 0 0.027027 0.027027 0 0.0810811 0.405405 0.216216 0.216216 0.027027 0 0 0 0 0 0 0 

1280 1267 926 84 0 0.631413 0 0 0 0 0 0 0 0 0 0 0 0 0 0 0 0 0 0 0 0 0.025641 0.128205 0.230769 0.128205 0.230769 0.205128 0.025641 0.025641 0 0 0 0 0 

1216 1209 877 84 0 0.661704 0 0 0 0 0 0 0 0 0 0 0 0 0 0 0 0 0 0 0 0 0.027027 0.108108 0.297297 0.135135 0.297297 0.0810811 0.0540541 0 0 0 0 0 0 

1184 1157 865 84 0 0.691443 0 0 0 0 0 0 0 0 0 0 0 0 0 0 0 0 0 0 0 0 0.0277778 0.0277778 0.0833333 0.25 0.222222 0.277778 0.111111 0 0 0 0 0 0 

1216 1207 856 84 0 0.6628 0 0 0 0 0 0 0 0 0 0 0 0 0 0 0 0 0 0 0.027027 0.0810811 0.135135 0.135135 0.0540541 0.189189 0.216216 0.0540541 0.0540541 0.0540541 0 0 0 0 0 

1216 1202 852 84 0 0.665557 0 0 0 0 0 0 0 0 0 0 0 0 0 0 0 0 0 0 0 0.0810811 0.0810811 0.108108 0.135135 0.324324 0.189189 0 0.0540541 0.027027 0 0 0 0 0 

1216 1204 863 84 0 0.664452 0 0 0 0 0 0 0 0 0 0 0 0 0 0 0 0 0 0.027027 0.027027 0.027027 0 0.135135 0.216216 0.135135 0.189189 0.243243 0 0 0 0 0 0 0 

1312 1291 948 84 0 0.619675 0 0 0 0 0 0 0 0 0 0 0 0 0 0 0 0 0 0 0 0.025 0 0.075 0.1 0.35 0.275 0.1 0 0.075 0 0 0 0 0 

1280 1267 938 84 0 0.631413 0 0 0 0 0 0 0 0 0 0 0 0 0 0 0 0 0 0 0 0 0.0512821 0.0512821 0.025641 0.307692 0.358974 0.153846 0.025641 0.025641 0 0 0 0 0 

1216 1210 899 84 0 0.661157 0 0 0 0 0 0 0 0 0 0 0 0 0 0 0 0 0 0 0 0.0540541 0.027027 0.0540541 0.0810811 0.216216 0.216216 0.189189 0.162162 0 0 0 0 0 0 

1344 1330 950 84 0 0.601504 0 0 0 0 0 0 0 0 0 0 0 0 0 0 0 0 0 0.0243902 0.0243902 0.0487805 0.0243902 0.097561 0.170732 0.243902 0.146341 0.170732 0.0487805 0 0 0 0 0 0 

1280 1264 919 84 0 0.632911 0 0 0 0 0 0 0 0 0 0 0 0 0 0 0 0 0 0 0 0.025641 0.0512821 0.0512821 0.205128 0.25641 0.230769 0.128205 0 0.025641 0.025641 0 0 0 0 

1280 1258 908 84 0 0.63593 0 0 0 0 0 0 0 0 0 0 0 0 0 0 0 0 0 0 0 0 0.0769231 0.153846 0.153846 0.128205 0.307692 0.128205 0.0512821 0 0 0 0 0 0 

1344 1325 959 84 0 0.603774 0 0 0 0 0 0 0 0 0 0 0 0 0 0 0 0 0 0 0 0 0.0731707 0.121951 0.195122 0.170732 0.170732 0.243902 0.0243902 0 0 0 0 0 0 

1344 1325 966 84 0 0.603774 0 0 0 0 0 0 0 0 0 0 0 0 0 0 0 0 0 0 0 0.0731707 0 0.097561 0.146341 0.146341 0.317073 0.146341 0.0243902 0.0487805 0 0 0 0 0 

1184 1160 863 84 0 0.689655 0 0 0 0 0 0 0 0 0 0 0 0 0 0 0 0 0 0 0 0 0 0.0277778 0.138889 0.333333 0.138889 0.277778 0.0833333 0 0 0 0 0 0 

1280 1266 951 84 0 0.631912 0 0 0 0 0 0 0 0 0 0 0 0 0 0 0 0 0 0 0 0 0.025641 0.025641 0.153846 0.128205 0.333333 0.153846 0.153846 0.025641 0 0 0 0 0 

