288 268 201 37 0 0.597015 0 0 0 0 0 0 0 0 0 0 0 0 0 0 0 0 0 0 0 0 0 0.125 0.125 0.125 0.25 0.375 0 0 0 0 0 0 0 

256 232 171 37 0 0.689655 0 0 0 0 0 0 0 0 0 0 0 0 0 0 0 0 0 0 0 0 0.142857 0 0.142857 0.285714 0.142857 0.142857 0.142857 0 0 0 0 0 0 

256 234 176 37 0 0.683761 0 0 0 0 0 0 0 0 0 0 0 0 0 0 0 0 0 0 0 0 0 0.142857 0 0.142857 0.571429 0 0.142857 0 0 0 0 0 0 

288 276 207 37 0 0.57971 0 0 0 0 0 0 0 0 0 0 0 0 0 0 0 0 0 0 0 0 0 0.125 0.125 0.25 0.25 0.25 0 0 0 0 0 0 0 

256 234 176 37 0 0.683761 0 0 0 0 0 0 0 0 0 0 0 0 0 0 0 0 0 0 0 0 0 0.142857 0 0.428571 0.142857 0 0.285714 0 0 0 0 0 0 

288 276 205 37 0 0.57971 0 0 0 0 0 0 0 0 0 0 0 0 0 0 0 0 0 0 0 0.125 0 0 0.125 0.125 0.5 0.125 0 0 0 0 0 0 0 

288 269 189 37 0 0.594796 0 0 0 0 0 0 0 0 0 0 0 0 0 0 0 0 0 0 0 0.125 0.125 0.125 0 0.5 0.125 0 0 0 0 0 0 0 0 

288 269 196 37 0 0.594796 0 0 0 0 0 0 0 0 0 0 0 0 0 0 0 0 0 0 0 0 0 0.125 0.25 0.375 0.125 0.125 0 0 0 0 0 0 0 

288 269 200 37 0 0.594796 0 0 0 0 0 0 0 0 0 0 0 0 0 0 0 0 0 0 0 0 0 0.125 0.125 0.25 0.375 0 0.125 0 0 0 0 0 0 

256 232 171 37 0 0.689655 0 0 0 0 0 0 0 0 0 0 0 0 0 0 0 0 0 0 0 0 0 0 0.142857 0.428571 0.428571 0 0 0 0 0 0 0 0 

256 232 181 37 0 0.689655 0 0 0 0 0 0 0 0 0 0 0 0 0 0 0 0 0 0 0 0 0 0 0 0 0.571429 0.142857 0.285714 0 0 0 0 0 0 

288 269 194 37 0 0.594796 0 0 0 0 0 0 0 0 0 0 0 0 0 0 0 0 0 0 0 0.125 0.125 0 0 0.5 0.125 0 0.125 0 0 0 0 0 0 

288 269 199 37 0 0.594796 0 0 0 0 0 0 0 0 0 0 0 0 0 0 0 0 0 0 0 0 0.125 0.125 0.125 0.25 0 0.125 0.25 0 0 0 0 0 0 

288 275 207 37 0 0.581818 0 0 0 0 0 0 0 0 0 0 0 0 0 0 0 0 0 0 0 0 0 0 0.375 0.125 0.125 0.375 0 0 0 0 0 0 0 

288 269 186 37 0 0.594796 0 0 0 0 0 0 0 0 0 0 0 0 0 0 0 0 0 0 0.125 0 0.125 0.125 0.25 0.25 0.125 0 0 0 0 0 0 0 0 

288 274 203 37 0 0.583942 0 0 0 0 0 0 0 0 0 0 0 0 0 0 0 0 0 0 0 0 0.125 0 0.125 0.375 0.125 0.25 0 0 0 0 0 0 0 

256 231 168 37 0 0.692641 0 0 0 0 0 0 0 0 0 0 0 0 0 0 0 0 0 0 0 0 0 0 0.142857 0.714286 0.142857 0 0 0 0 0 0 0 0 

288 269 194 37 0 0.594796 0 0 0 0 0 0 0 0 0 0 0 0 0 0 0 0 0 0 0 0 0.125 0 0.25 0.375 0.25 0 0 0 0 0 0 0 0 

288 269 197 37 0 0.594796 0 0 0 0 0 0 0 0 0 0 0 0 0 0 0 0 0 0 0 0 0 0.125 0.125 0.5 0.125 0.125 0 0 0 0 0 0 0 

288 269 198 37 0 0.594796 0 0 0 0 0 0 0 0 0 0 0 0 0 0 0 0 0 0 0 0 0 0.125 0.25 0.25 0.25 0 0.125 0 0 0 0 0 0 

288 268 197 37 0 0.597015 0 0 0 0 0 0 0 0 0 0 0 0 0 0 0 0 0 0 0 0 0.125 0.125 0 0.25 0.375 0 0.125 0 0 0 0 0 0 

288 268 201 37 0 0.597015 0 0 0 0 0 0 0 0 0 0 0 0 0 0 0 0 0 0 0 0 0 0.125 0 0.25 0.375 0.25 0 0 0 0 0 0 0 

288 269 199 37 0 0.594796 0 0 0 0 0 0 0 0 0 0 0 0 0 0 0 0 0 0 0 0 0.125 0 0 0.5 0.125 0.25 0 0 0 0 0 0 0 

256 232 173 37 0 0.689655 0 0 0 0 0 0 0 0 0 0 0 0 0 0 0 0 0 0 0 0 0 0 0 0.571429 0.285714 0.142857 0 0 0 0 0 0 0 

288 277 193 37 0 0.577617 0 0 0 0 0 0 0 0 0 0 0 0 0 0 0 0 0 0 0 0.125 0 0.25 0.5 0.125 0 0 0 0 0 0 0 0 0 

288 277 200 37 0 0.577617 0 0 0 0 0 0 0 0 0 0 0 0 0 0 0 0 0 0 0 0 0 0.25 0.125 0.625 0 0 0 0 0 0 0 0 0 

288 278 202 37 0 0.57554 0 0 0 0 0 0 0 0 0 0 0 0 0 0 0 0 0 0 0 0.25 0 0.125 0.125 0 0.125 0.375 0 0 0 0 0 0 0 

288 275 205 37 0 0.581818 0 0 0 0 0 0 0 0 0 0 0 0 0 0 0 0 0 0 0 0 0 0.125 0.25 0.125 0.25 0.25 0 0 0 0 0 0 0 

256 232 178 37 0 0.689655 0 0 0 0 0 0 0 0 0 0 0 0 0 0 0 0 0 0 0 0 0 0 0 0.142857 0.428571 0.428571 0 0 0 0 0 0 0 

256 238 178 37 0 0.672269 0 0 0 0 0 0 0 0 0 0 0 0 0 0 0 0 0 0 0 0 0.142857 0 0 0.428571 0.285714 0 0 0.142857 0 0 0 0 0 

288 269 196 37 0 0.594796 0 0 0 0 0 0 0 0 0 0 0 0 0 0 0 0 0 0 0 0.125 0 0.25 0 0.25 0 0.25 0.125 0 0 0 0 0 0 

288 268 191 37 0 0.597015 0 0 0 0 0 0 0 0 0 0 0 0 0 0 0 0 0 0 0 0 0.125 0.125 0.375 0 0.375 0 0 0 0 0 0 0 0 

256 234 175 37 0 0.683761 0 0 0 0 0 0 0 0 0 0 0 0 0 0 0 0 0 0 0 0 0 0 0.142857 0.285714 0.428571 0.142857 0 0 0 0 0 0 0 

288 269 194 37 0 0.594796 0 0 0 0 0 0 0 0 0 0 0 0 0 0 0 0 0 0 0 0 0 0.125 0.625 0 0.125 0 0.125 0 0 0 0 0 0 

256 234 175 37 0 0.683761 0 0 0 0 0 0 0 0 0 0 0 0 0 0 0 0 0 0 0 0 0 0 0.285714 0.142857 0.285714 0.285714 0 0 0 0 0 0 0 

288 268 196 37 0 0.597015 0 0 0 0 0 0 0 0 0 0 0 0 0 0 0 0 0 0 0 0 0 0.125 0.25 0.25 0.25 0.125 0 0 0 0 0 0 0 

288 277 194 37 0 0.577617 0 0 0 0 0 0 0 0 0 0 0 0 0 0 0 0 0 0.125 0 0 0.125 0.25 0 0.25 0.25 0 0 0 0 0 0 0 0 

288 269 196 37 0 0.594796 0 0 0 0 0 0 0 0 0 0 0 0 0 0 0 0 0 0 0 0 0.125 0 0.375 0.125 0.125 0.25 0 0 0 0 0 0 0 

256 232 172 37 0 0.689655 0 0 0 0 0 0 0 0 0 0 0 0 0 0 0 0 0 0 0 0 0 0 0.285714 0.428571 0 0.142857 0.142857 0 0 0 0 0 0 

288 276 197 37 0 0.57971 0 0 0 0 0 0 0 0 0 0 0 0 0 0 0 0 0 0 0 0 0.125 0.25 0.25 0.25 0 0.125 0 0 0 0 0 0 0 

256 234 175 37 0 0.683761 0 0 0 0 0 0 0 0 0 0 0 0 0 0 0 0 0 0 0 0 0 0.142857 0 0.142857 0.571429 0.142857 0 0 0 0 0 0 0 

288 269 192 37 0 0.594796 0 0 0 0 0 0 0 0 0 0 0 0 0 0 0 0 0 0 0 0 0 0.25 0.25 0.375 0.125 0 0 0 0 0 0 0 0 

288 269 193 37 0 0.594796 0 0 0 0 0 0 0 0 0 0 0 0 0 0 0 0 0 0 0 0 0.125 0.25 0.125 0.125 0.25 0.125 0 0 0 0 0 0 0 

288 277 200 37 0 0.577617 0 0 0 0 0 0 0 0 0 0 0 0 0 0 0 0 0 0 0 0 0.25 0.125 0.125 0.25 0 0.25 0 0 0 0 0 0 0 

256 234 173 37 0 0.683761 0 0 0 0 0 0 0 0 0 0 0 0 0 0 0 0 0 0 0 0 0 0.142857 0.142857 0.285714 0.142857 0.285714 0 0 0 0 0 0 0 

288 275 205 37 0 0.581818 0 0 0 0 0 0 0 0 0 0 0 0 0 0 0 0 0 0 0 0 0 0.125 0.25 0 0.5 0.125 0 0 0 0 0 0 0 

256 232 172 37 0 0.689655 0 0 0 0 0 0 0 0 0 0 0 0 0 0 0 0 0 0 0 0 0 0.142857 0.285714 0 0.142857 0.428571 0 0 0 0 0 0 0 

288 269 194 37 0 0.594796 0 0 0 0 0 0 0 0 0 0 0 0 0 0 0 0 0 0 0 0.125 0 0.125 0.125 0.25 0.25 0.125 0 0 0 0 0 0 0 

256 234 177 37 0 0.683761 0 0 0 0 0 0 0 0 0 0 0 0 0 0 0 0 0 0 0 0 0 0 0 0.428571 0.428571 0 0.142857 0 0 0 0 0 0 

288 269 194 37 0 0.594796 0 0 0 0 0 0 0 0 0 0 0 0 0 0 0 0 0 0 0 0 0 0.25 0.25 0.125 0.375 0 0 0 0 0 0 0 0 

288 269 200 37 0 0.594796 0 0 0 0 0 0 0 0 0 0 0 0 0 0 0 0 0 0 0 0 0 0 0.375 0.125 0.25 0.25 0 0 0 0 0 0 0 

288 261 185 37 0 0.613027 0 0 0 0 0 0 0 0 0 0 0 0 0 0 0 0 0 0 0 0.125 0 0.25 0.125 0.25 0 0.125 0.125 0 0 0 0 0 0 

288 276 207 37 0 0.57971 0 0 0 0 0 0 0 0 0 0 0 0 0 0 0 0 0 0 0 0 0 0.25 0.125 0 0.25 0.375 0 0 0 0 0 0 0 

256 234 179 37 0 0.683761 0 0 0 0 0 0 0 0 0 0 0 0 0 0 0 0 0 0 0 0 0 0 0.142857 0.142857 0.428571 0.142857 0 0.142857 0 0 0 0 0 

256 232 175 37 0 0.689655 0 0 0 0 0 0 0 0 0 0 0 0 0 0 0 0 0 0 0 0 0 0 0.142857 0.428571 0.142857 0.142857 0 0.142857 0 0 0 0 0 

288 269 198 37 0 0.594796 0 0 0 0 0 0 0 0 0 0 0 0 0 0 0 0 0 0 0 0 0 0.125 0.375 0 0.25 0.25 0 0 0 0 0 0 0 

256 231 168 37 0 0.692641 0 0 0 0 0 0 0 0 0 0 0 0 0 0 0 0 0 0 0 0 0 0.142857 0 0.571429 0.285714 0 0 0 0 0 0 0 0 

256 234 178 37 0 0.683761 0 0 0 0 0 0 0 0 0 0 0 0 0 0 0 0 0 0 0 0 0 0 0.142857 0.285714 0.142857 0.285714 0.142857 0 0 0 0 0 0 

256 234 174 37 0 0.683761 0 0 0 0 0 0 0 0 0 0 0 0 0 0 0 0 0 0 0 0.142857 0 0.142857 0 0.142857 0.142857 0.142857 0.285714 0 0 0 0 0 0 

288 268 199 37 0 0.597015 0 0 0 0 0 0 0 0 0 0 0 0 0 0 0 0 0 0 0 0 0 0.25 0.125 0 0.25 0.375 0 0 0 0 0 0 0 

288 276 205 37 0 0.57971 0 0 0 0 0 0 0 0 0 0 0 0 0 0 0 0 0 0 0 0 0.125 0.125 0.125 0.25 0 0.25 0.125 0 0 0 0 0 0 

288 269 200 37 0 0.594796 0 0 0 0 0 0 0 0 0 0 0 0 0 0 0 0 0 0 0 0 0 0 0.25 0.25 0.375 0.125 0 0 0 0 0 0 0 

288 269 195 37 0 0.594796 0 0 0 0 0 0 0 0 0 0 0 0 0 0 0 0 0 0 0 0.125 0.125 0 0.125 0.125 0.25 0.25 0 0 0 0 0 0 0 

288 276 207 37 0 0.57971 0 0 0 0 0 0 0 0 0 0 0 0 0 0 0 0 0 0 0 0 0 0 0.25 0.25 0.375 0.125 0 0 0 0 0 0 0 

256 234 166 37 0 0.683761 0 0 0 0 0 0 0 0 0 0 0 0 0 0 0 0 0 0 0 0 0.142857 0.142857 0.428571 0.142857 0 0 0.142857 0 0 0 0 0 0 

256 234 173 37 0 0.683761 0 0 0 0 0 0 0 0 0 0 0 0 0 0 0 0 0 0 0 0 0.142857 0.142857 0 0.142857 0.142857 0.428571 0 0 0 0 0 0 0 

288 275 204 37 0 0.581818 0 0 0 0 0 0 0 0 0 0 0 0 0 0 0 0 0 0 0 0.125 0 0.125 0 0.25 0.125 0.375 0 0 0 0 0 0 0 

288 275 210 37 0 0.581818 0 0 0 0 0 0 0 0 0 0 0 0 0 0 0 0 0 0 0 0 0 0 0.125 0.125 0.5 0.25 0 0 0 0 0 0 0 

256 232 175 37 0 0.689655 0 0 0 0 0 0 0 0 0 0 0 0 0 0 0 0 0 0 0 0 0 0.142857 0 0.142857 0.428571 0.142857 0.142857 0 0 0 0 0 0 

256 234 176 37 0 0.683761 0 0 0 0 0 0 0 0 0 0 0 0 0 0 0 0 0 0 0 0 0 0 0 0.571429 0.285714 0 0.142857 0 0 0 0 0 0 

288 277 201 37 0 0.577617 0 0 0 0 0 0 0 0 0 0 0 0 0 0 0 0 0 0 0 0.125 0.125 0 0.125 0.25 0.25 0.125 0 0 0 0 0 0 0 

288 269 192 37 0 0.594796 0 0 0 0 0 0 0 0 0 0 0 0 0 0 0 0 0 0 0 0 0 0.25 0.25 0.375 0.125 0 0 0 0 0 0 0 0 

288 276 208 37 0 0.57971 0 0 0 0 0 0 0 0 0 0 0 0 0 0 0 0 0 0 0 0 0 0 0.125 0.5 0.125 0.25 0 0 0 0 0 0 0 

288 268 203 37 0 0.597015 0 0 0 0 0 0 0 0 0 0 0 0 0 0 0 0 0 0 0 0 0 0.125 0 0.125 0.5 0.125 0.125 0 0 0 0 0 0 

256 234 176 37 0 0.683761 0 0 0 0 0 0 0 0 0 0 0 0 0 0 0 0 0 0 0 0 0 0 0.142857 0.142857 0.571429 0.142857 0 0 0 0 0 0 0 

256 232 171 37 0 0.689655 0 0 0 0 0 0 0 0 0 0 0 0 0 0 0 0 0 0 0 0 0 0.142857 0.285714 0.142857 0.285714 0 0 0.142857 0 0 0 0 0 

256 234 177 37 0 0.683761 0 0 0 0 0 0 0 0 0 0 0 0 0 0 0 0 0 0 0 0 0 0 0.142857 0.142857 0.428571 0.285714 0 0 0 0 0 0 0 

256 232 178 37 0 0.689655 0 0 0 0 0 0 0 0 0 0 0 0 0 0 0 0 0 0 0 0 0 0.142857 0.142857 0 0.142857 0.142857 0.428571 0 0 0 0 0 0 

256 234 177 37 0 0.683761 0 0 0 0 0 0 0 0 0 0 0 0 0 0 0 0 0 0 0 0 0 0 0.285714 0.142857 0 0.571429 0 0 0 0 0 0 0 

288 268 195 37 0 0.597015 0 0 0 0 0 0 0 0 0 0 0 0 0 0 0 0 0 0 0 0 0 0.25 0.25 0.125 0.25 0 0.125 0 0 0 0 0 0 

256 234 174 37 0 0.683761 0 0 0 0 0 0 0 0 0 0 0 0 0 0 0 0 0 0 0 0 0 0 0.285714 0.285714 0.142857 0.285714 0 0 0 0 0 0 0 

320 303 223 37 0 0.528053 0 0 0 0 0 0 0 0 0 0 0 0 0 0 0 0 0 0 0.111111 0 0 0 0.111111 0.444444 0.111111 0 0.222222 0 0 0 0 0 0 

256 234 175 37 0 0.683761 0 0 0 0 0 0 0 0 0 0 0 0 0 0 0 0 0 0 0 0 0 0.285714 0 0 0.428571 0.142857 0.142857 0 0 0 0 0 0 

288 269 199 37 0 0.594796 0 0 0 0 0 0 0 0 0 0 0 0 0 0 0 0 0 0 0 0.125 0 0 0.375 0 0.125 0.25 0 0.125 0 0 0 0 0 

256 230 166 37 0 0.695652 0 0 0 0 0 0 0 0 0 0 0 0 0 0 0 0 0 0 0 0.142857 0 0.142857 0.142857 0 0.285714 0.285714 0 0 0 0 0 0 0 

256 234 182 37 0 0.683761 0 0 0 0 0 0 0 0 0 0 0 0 0 0 0 0 0 0 0 0 0 0 0.285714 0 0.285714 0 0.142857 0.285714 0 0 0 0 0 

256 231 167 37 0 0.692641 0 0 0 0 0 0 0 0 0 0 0 0 0 0 0 0 0 0 0 0 0 0.285714 0 0.428571 0.142857 0.142857 0 0 0 0 0 0 0 

288 269 192 37 0 0.594796 0 0 0 0 0 0 0 0 0 0 0 0 0 0 0 0 0 0 0 0.125 0.125 0 0.125 0.375 0.125 0.125 0 0 0 0 0 0 0 

288 269 193 37 0 0.594796 0 0 0 0 0 0 0 0 0 0 0 0 0 0 0 0 0 0 0 0 0.125 0.125 0.375 0 0.25 0.125 0 0 0 0 0 0 0 

256 231 164 37 0 0.692641 0 0 0 0 0 0 0 0 0 0 0 0 0 0 0 0 0 0 0 0 0.285714 0 0.285714 0 0.285714 0.142857 0 0 0 0 0 0 0 

288 268 201 37 0 0.597015 0 0 0 0 0 0 0 0 0 0 0 0 0 0 0 0 0 0 0 0 0 0.125 0.125 0.125 0.375 0.125 0.125 0 0 0 0 0 0 

288 268 191 37 0 0.597015 0 0 0 0 0 0 0 0 0 0 0 0 0 0 0 0 0 0 0 0.125 0 0.25 0 0.25 0.375 0 0 0 0 0 0 0 0 

256 228 164 37 0 0.701754 0 0 0 0 0 0 0 0 0 0 0 0 0 0 0 0 0 0.142857 0 0 0 0.142857 0 0.285714 0 0.285714 0.142857 0 0 0 0 0 0 

288 261 189 37 0 0.613027 0 0 0 0 0 0 0 0 0 0 0 0 0 0 0 0 0 0 0 0 0 0.125 0.25 0.375 0 0.25 0 0 0 0 0 0 0 

288 269 196 37 0 0.594796 0 0 0 0 0 0 0 0 0 0 0 0 0 0 0 0 0 0 0 0 0.125 0 0.375 0.25 0 0.125 0.125 0 0 0 0 0 0 

288 269 191 37 0 0.594796 0 0 0 0 0 0 0 0 0 0 0 0 0 0 0 0 0 0 0 0 0.125 0.125 0.125 0.625 0 0 0 0 0 0 0 0 0 

256 232 181 37 0 0.689655 0 0 0 0 0 0 0 0 0 0 0 0 0 0 0 0 0 0 0 0 0 0 0.142857 0 0.142857 0.571429 0 0.142857 0 0 0 0 0 

256 234 176 37 0 0.683761 0 0 0 0 0 0 0 0 0 0 0 0 0 0 0 0 0 0 0 0 0 0 0.142857 0.285714 0.428571 0 0.142857 0 0 0 0 0 0 

256 234 177 37 0 0.683761 0 0 0 0 0 0 0 0 0 0 0 0 0 0 0 0 0 0 0 0 0 0 0 0.714286 0 0.142857 0 0.142857 0 0 0 0 0 

288 269 194 37 0 0.594796 0 0 0 0 0 0 0 0 0 0 0 0 0 0 0 0 0 0 0 0 0 0.375 0.125 0.25 0.125 0 0.125 0 0 0 0 0 0 

288 276 210 37 0 0.57971 0 0 0 0 0 0 0 0 0 0 0 0 0 0 0 0 0 0 0 0 0 0 0.125 0.125 0.625 0.125 0 0 0 0 0 0 0 

288 276 208 37 0 0.57971 0 0 0 0 0 0 0 0 0 0 0 0 0 0 0 0 0 0 0 0 0 0.125 0.125 0.375 0.125 0 0.25 0 0 0 0 0 0 

288 261 186 37 0 0.613027 0 0 0 0 0 0 0 0 0 0 0 0 0 0 0 0 0 0 0 0 0 0.25 0.125 0.375 0.25 0 0 0 0 0 0 0 0 

288 276 198 37 0 0.57971 0 0 0 0 0 0 0 0 0 0 0 0 0 0 0 0 0 0 0 0 0 0.375 0.25 0.25 0 0.125 0 0 0 0 0 0 0 

256 234 177 37 0 0.683761 0 0 0 0 0 0 0 0 0 0 0 0 0 0 0 0 0 0 0 0 0 0.142857 0 0.285714 0.142857 0.285714 0.142857 0 0 0 0 0 0 

288 268 196 37 0 0.597015 0 0 0 0 0 0 0 0 0 0 0 0 0 0 0 0 0 0 0.125 0 0 0 0.125 0.125 0.5 0.125 0 0 0 0 0 0 0 

256 232 175 37 0 0.689655 0 0 0 0 0 0 0 0 0 0 0 0 0 0 0 0 0 0 0 0 0 0.142857 0 0.285714 0.285714 0.142857 0 0.142857 0 0 0 0 0 

256 234 177 37 0 0.683761 0 0 0 0 0 0 0 0 0 0 0 0 0 0 0 0 0 0 0 0 0.142857 0 0.142857 0 0.142857 0.428571 0.142857 0 0 0 0 0 0 

256 230 166 37 0 0.695652 0 0 0 0 0 0 0 0 0 0 0 0 0 0 0 0 0 0 0 0 0 0.142857 0.571429 0 0 0.142857 0.142857 0 0 0 0 0 0 

288 261 188 37 0 0.613027 0 0 0 0 0 0 0 0 0 0 0 0 0 0 0 0 0 0 0 0 0 0.25 0.125 0.25 0.25 0.125 0 0 0 0 0 0 0 

256 234 178 37 0 0.683761 0 0 0 0 0 0 0 0 0 0 0 0 0 0 0 0 0 0 0 0 0 0 0.142857 0.142857 0.285714 0.428571 0 0 0 0 0 0 0 

288 277 204 37 0 0.577617 0 0 0 0 0 0 0 0 0 0 0 0 0 0 0 0 0 0 0 0 0 0.125 0.125 0.5 0.25 0 0 0 0 0 0 0 0 

288 275 210 37 0 0.581818 0 0 0 0 0 0 0 0 0 0 0 0 0 0 0 0 0 0 0 0 0 0.125 0 0.375 0.125 0.125 0.25 0 0 0 0 0 0 

288 261 179 37 0 0.613027 0 0 0 0 0 0 0 0 0 0 0 0 0 0 0 0 0 0 0 0.375 0 0 0.25 0.125 0.125 0 0.125 0 0 0 0 0 0 

256 230 166 37 0 0.695652 0 0 0 0 0 0 0 0 0 0 0 0 0 0 0 0 0 0 0 0 0 0 0.571429 0.142857 0.142857 0.142857 0 0 0 0 0 0 0 

288 275 209 37 0 0.581818 0 0 0 0 0 0 0 0 0 0 0 0 0 0 0 0 0 0 0 0 0.125 0 0 0.125 0.5 0.125 0.125 0 0 0 0 0 0 

288 269 197 37 0 0.594796 0 0 0 0 0 0 0 0 0 0 0 0 0 0 0 0 0 0 0 0 0 0.125 0.375 0.125 0.125 0.25 0 0 0 0 0 0 0 

288 269 191 37 0 0.594796 0 0 0 0 0 0 0 0 0 0 0 0 0 0 0 0 0 0 0 0 0.25 0.125 0.25 0.125 0.125 0 0.125 0 0 0 0 0 0 

288 275 212 37 0 0.581818 0 0 0 0 0 0 0 0 0 0 0 0 0 0 0 0 0 0 0 0 0 0 0.125 0.25 0.25 0.25 0 0.125 0 0 0 0 0 

288 269 193 37 0 0.594796 0 0 0 0 0 0 0 0 0 0 0 0 0 0 0 0 0 0.125 0 0 0 0.125 0.125 0.25 0.25 0 0.125 0 0 0 0 0 0 

288 269 191 37 0 0.594796 0 0 0 0 0 0 0 0 0 0 0 0 0 0 0 0 0 0 0 0 0.25 0.125 0.125 0.25 0.125 0.125 0 0 0 0 0 0 0 

256 234 175 37 0 0.683761 0 0 0 0 0 0 0 0 0 0 0 0 0 0 0 0 0 0 0 0 0 0.142857 0 0.142857 0.571429 0.142857 0 0 0 0 0 0 0 

288 269 183 37 0 0.594796 0 0 0 0 0 0 0 0 0 0 0 0 0 0 0 0 0 0 0.125 0 0.125 0.375 0.125 0.125 0.125 0 0 0 0 0 0 0 0 

288 276 210 37 0 0.57971 0 0 0 0 0 0 0 0 0 0 0 0 0 0 0 0 0 0 0 0 0 0 0.125 0.25 0.375 0.25 0 0 0 0 0 0 0 

288 277 199 37 0 0.577617 0 0 0 0 0 0 0 0 0 0 0 0 0 0 0 0 0 0 0 0 0.125 0.25 0.125 0.25 0.25 0 0 0 0 0 0 0 0 

256 238 179 37 0 0.672269 0 0 0 0 0 0 0 0 0 0 0 0 0 0 0 0 0 0 0 0 0.142857 0.142857 0 0 0.285714 0.285714 0.142857 0 0 0 0 0 0 

256 234 175 37 0 0.683761 0 0 0 0 0 0 0 0 0 0 0 0 0 0 0 0 0 0 0 0 0 0 0.428571 0 0.428571 0 0 0.142857 0 0 0 0 0 

256 234 176 37 0 0.683761 0 0 0 0 0 0 0 0 0 0 0 0 0 0 0 0 0 0 0 0 0 0 0.285714 0.142857 0.285714 0.142857 0.142857 0 0 0 0 0 0 

288 276 204 37 0 0.57971 0 0 0 0 0 0 0 0 0 0 0 0 0 0 0 0 0 0 0 0.125 0 0.125 0.125 0 0.5 0 0.125 0 0 0 0 0 0 

256 232 175 37 0 0.689655 0 0 0 0 0 0 0 0 0 0 0 0 0 0 0 0 0 0 0 0 0.142857 0 0 0.285714 0 0.428571 0.142857 0 0 0 0 0 0 

288 269 193 37 0 0.594796 0 0 0 0 0 0 0 0 0 0 0 0 0 0 0 0 0 0 0 0.125 0.125 0 0.125 0.375 0.125 0 0.125 0 0 0 0 0 0 

256 232 171 37 0 0.689655 0 0 0 0 0 0 0 0 0 0 0 0 0 0 0 0 0 0 0 0 0.142857 0.142857 0 0.142857 0.142857 0.428571 0 0 0 0 0 0 0 

256 234 182 37 0 0.683761 0 0 0 0 0 0 0 0 0 0 0 0 0 0 0 0 0 0 0 0 0 0 0 0.142857 0.428571 0.142857 0.285714 0 0 0 0 0 0 

256 234 176 37 0 0.683761 0 0 0 0 0 0 0 0 0 0 0 0 0 0 0 0 0 0 0 0 0.142857 0 0 0.142857 0.285714 0.428571 0 0 0 0 0 0 0 

288 269 192 37 0 0.594796 0 0 0 0 0 0 0 0 0 0 0 0 0 0 0 0 0 0 0 0.125 0.125 0.125 0.125 0 0.375 0.125 0 0 0 0 0 0 0 

288 275 190 37 0 0.581818 0 0 0 0 0 0 0 0 0 0 0 0 0 0 0 0 0 0 0 0.25 0.25 0.125 0 0.125 0.125 0.125 0 0 0 0 0 0 0 

288 275 206 37 0 0.581818 0 0 0 0 0 0 0 0 0 0 0 0 0 0 0 0 0 0 0 0 0 0 0.125 0.5 0.25 0.125 0 0 0 0 0 0 0 

288 275 212 37 0 0.581818 0 0 0 0 0 0 0 0 0 0 0 0 0 0 0 0 0 0 0 0 0 0.125 0 0.25 0 0.5 0.125 0 0 0 0 0 0 

256 234 173 37 0 0.683761 0 0 0 0 0 0 0 0 0 0 0 0 0 0 0 0 0 0 0 0 0.142857 0 0.142857 0.142857 0.285714 0.285714 0 0 0 0 0 0 0 

256 232 175 37 0 0.689655 0 0 0 0 0 0 0 0 0 0 0 0 0 0 0 0 0 0 0 0 0 0 0 0.428571 0.428571 0 0.142857 0 0 0 0 0 0 

288 276 202 37 0 0.57971 0 0 0 0 0 0 0 0 0 0 0 0 0 0 0 0 0 0 0 0 0 0.25 0.125 0.25 0.375 0 0 0 0 0 0 0 0 

256 232 175 37 0 0.689655 0 0 0 0 0 0 0 0 0 0 0 0 0 0 0 0 0 0 0 0 0 0 0.142857 0.285714 0.428571 0 0 0.142857 0 0 0 0 0 

288 268 200 37 0 0.597015 0 0 0 0 0 0 0 0 0 0 0 0 0 0 0 0 0 0 0 0 0 0.125 0.125 0.375 0 0.25 0.125 0 0 0 0 0 0 

256 234 175 37 0 0.683761 0 0 0 0 0 0 0 0 0 0 0 0 0 0 0 0 0 0 0 0 0 0.142857 0 0.285714 0.285714 0.285714 0 0 0 0 0 0 0 

256 230 168 37 0 0.695652 0 0 0 0 0 0 0 0 0 0 0 0 0 0 0 0 0 0 0 0 0 0.142857 0.285714 0.285714 0 0.142857 0.142857 0 0 0 0 0 0 

288 276 212 37 0 0.57971 0 0 0 0 0 0 0 0 0 0 0 0 0 0 0 0 0 0 0 0 0 0.125 0.125 0.125 0.125 0.375 0 0.125 0 0 0 0 0 

256 234 176 37 0 0.683761 0 0 0 0 0 0 0 0 0 0 0 0 0 0 0 0 0 0 0 0 0 0 0 0.428571 0.428571 0.142857 0 0 0 0 0 0 0 

288 277 203 37 0 0.577617 0 0 0 0 0 0 0 0 0 0 0 0 0 0 0 0 0 0 0 0 0 0.375 0.125 0.125 0.125 0.25 0 0 0 0 0 0 0 

256 232 171 37 0 0.689655 0 0 0 0 0 0 0 0 0 0 0 0 0 0 0 0 0 0 0 0 0.142857 0.142857 0.142857 0 0.285714 0.142857 0 0.142857 0 0 0 0 0 

288 261 192 37 0 0.613027 0 0 0 0 0 0 0 0 0 0 0 0 0 0 0 0 0 0 0 0 0 0.125 0.25 0.125 0.25 0.125 0.125 0 0 0 0 0 0 

256 231 171 37 0 0.692641 0 0 0 0 0 0 0 0 0 0 0 0 0 0 0 0 0 0 0 0 0 0 0.428571 0 0.285714 0.285714 0 0 0 0 0 0 0 

288 276 210 37 0 0.57971 0 0 0 0 0 0 0 0 0 0 0 0 0 0 0 0 0 0 0 0 0 0.125 0 0.5 0.125 0.125 0 0 0.125 0 0 0 0 

288 268 195 37 0 0.597015 0 0 0 0 0 0 0 0 0 0 0 0 0 0 0 0 0 0 0 0 0 0.25 0.125 0.25 0.25 0.125 0 0 0 0 0 0 0 

256 234 177 37 0 0.683761 0 0 0 0 0 0 0 0 0 0 0 0 0 0 0 0 0 0 0 0 0 0 0.285714 0.142857 0.142857 0.285714 0.142857 0 0 0 0 0 0 

288 277 209 37 0 0.577617 0 0 0 0 0 0 0 0 0 0 0 0 0 0 0 0 0 0 0 0 0 0.125 0 0.375 0.25 0.25 0 0 0 0 0 0 0 

288 261 189 37 0 0.613027 0 0 0 0 0 0 0 0 0 0 0 0 0 0 0 0 0 0.125 0 0 0 0 0 0.375 0.25 0.25 0 0 0 0 0 0 0 

288 269 198 37 0 0.594796 0 0 0 0 0 0 0 0 0 0 0 0 0 0 0 0 0 0 0 0 0 0 0.25 0.375 0.375 0 0 0 0 0 0 0 0 

288 268 197 37 0 0.597015 0 0 0 0 0 0 0 0 0 0 0 0 0 0 0 0 0 0 0 0 0 0.125 0.25 0.375 0 0.125 0.125 0 0 0 0 0 0 

256 228 166 37 0 0.701754 0 0 0 0 0 0 0 0 0 0 0 0 0 0 0 0 0 0 0 0 0.142857 0.142857 0.142857 0.142857 0.142857 0.142857 0 0.142857 0 0 0 0 0 

288 269 203 37 0 0.594796 0 0 0 0 0 0 0 0 0 0 0 0 0 0 0 0 0 0 0 0 0 0.125 0.125 0.25 0.125 0.125 0.25 0 0 0 0 0 0 

288 276 215 37 0 0.57971 0 0 0 0 0 0 0 0 0 0 0 0 0 0 0 0 0 0 0 0 0 0 0 0.25 0.375 0.25 0 0.125 0 0 0 0 0 

288 275 210 37 0 0.581818 0 0 0 0 0 0 0 0 0 0 0 0 0 0 0 0 0 0 0 0 0 0 0.125 0.25 0.375 0.125 0.125 0 0 0 0 0 0 

256 234 179 37 0 0.683761 0 0 0 0 0 0 0 0 0 0 0 0 0 0 0 0 0 0 0 0 0 0.142857 0.142857 0 0.142857 0.285714 0.285714 0 0 0 0 0 0 

288 269 196 37 0 0.594796 0 0 0 0 0 0 0 0 0 0 0 0 0 0 0 0 0 0 0 0 0 0 0.375 0.5 0 0.125 0 0 0 0 0 0 0 

288 261 193 37 0 0.613027 0 0 0 0 0 0 0 0 0 0 0 0 0 0 0 0 0 0 0 0.125 0 0.125 0 0.125 0.125 0.375 0.125 0 0 0 0 0 0 

256 234 178 37 0 0.683761 0 0 0 0 0 0 0 0 0 0 0 0 0 0 0 0 0 0 0 0 0 0 0 0.285714 0.428571 0.285714 0 0 0 0 0 0 0 

288 269 203 37 0 0.594796 0 0 0 0 0 0 0 0 0 0 0 0 0 0 0 0 0 0 0 0 0 0.125 0.125 0.25 0.25 0.125 0 0 0.125 0 0 0 0 

288 276 207 37 0 0.57971 0 0 0 0 0 0 0 0 0 0 0 0 0 0 0 0 0 0 0 0 0 0.125 0 0.375 0.375 0.125 0 0 0 0 0 0 0 

256 232 170 37 0 0.689655 0 0 0 0 0 0 0 0 0 0 0 0 0 0 0 0 0 0 0 0.142857 0 0 0.142857 0.285714 0.142857 0.142857 0.142857 0 0 0 0 0 0 

256 232 173 37 0 0.689655 0 0 0 0 0 0 0 0 0 0 0 0 0 0 0 0 0 0 0 0 0 0 0.428571 0 0.285714 0.142857 0.142857 0 0 0 0 0 0 

256 231 167 37 0 0.692641 0 0 0 0 0 0 0 0 0 0 0 0 0 0 0 0 0 0 0 0 0 0.285714 0 0.285714 0.428571 0 0 0 0 0 0 0 0 

256 234 174 37 0 0.683761 0 0 0 0 0 0 0 0 0 0 0 0 0 0 0 0 0 0 0 0 0 0.142857 0.142857 0.285714 0.285714 0 0 0.142857 0 0 0 0 0 

256 234 177 37 0 0.683761 0 0 0 0 0 0 0 0 0 0 0 0 0 0 0 0 0 0 0 0 0 0 0.142857 0.142857 0.428571 0.285714 0 0 0 0 0 0 0 

288 268 198 37 0 0.597015 0 0 0 0 0 0 0 0 0 0 0 0 0 0 0 0 0 0 0 0 0 0.375 0 0.125 0.125 0.25 0.125 0 0 0 0 0 0 

256 234 175 37 0 0.683761 0 0 0 0 0 0 0 0 0 0 0 0 0 0 0 0 0 0 0 0 0 0 0 0.571429 0.285714 0.142857 0 0 0 0 0 0 0 

288 269 197 37 0 0.594796 0 0 0 0 0 0 0 0 0 0 0 0 0 0 0 0 0 0 0 0 0 0.125 0.125 0.375 0.375 0 0 0 0 0 0 0 0 

256 234 176 37 0 0.683761 0 0 0 0 0 0 0 0 0 0 0 0 0 0 0 0 0 0 0 0 0.142857 0 0 0.142857 0.285714 0.428571 0 0 0 0 0 0 0 

288 269 198 37 0 0.594796 0 0 0 0 0 0 0 0 0 0 0 0 0 0 0 0 0 0 0 0 0 0.125 0 0.5 0.375 0 0 0 0 0 0 0 0 

256 234 178 37 0 0.683761 0 0 0 0 0 0 0 0 0 0 0 0 0 0 0 0 0 0 0 0 0 0 0 0.428571 0.285714 0.142857 0.142857 0 0 0 0 0 0 

288 269 202 37 0 0.594796 0 0 0 0 0 0 0 0 0 0 0 0 0 0 0 0 0 0 0 0 0 0.125 0.25 0.125 0.125 0.125 0.25 0 0 0 0 0 0 

288 269 196 37 0 0.594796 0 0 0 0 0 0 0 0 0 0 0 0 0 0 0 0 0 0 0 0 0 0 0.5 0.25 0.125 0.125 0 0 0 0 0 0 0 

256 232 166 37 0 0.689655 0 0 0 0 0 0 0 0 0 0 0 0 0 0 0 0 0 0 0 0.142857 0 0.285714 0 0.142857 0.142857 0.285714 0 0 0 0 0 0 0 

288 269 193 37 0 0.594796 0 0 0 0 0 0 0 0 0 0 0 0 0 0 0 0 0 0 0 0 0 0.125 0.375 0.375 0.125 0 0 0 0 0 0 0 0 

256 232 183 37 0 0.689655 0 0 0 0 0 0 0 0 0 0 0 0 0 0 0 0 0 0 0 0 0 0 0 0 0.428571 0.285714 0.142857 0.142857 0 0 0 0 0 

288 269 191 37 0 0.594796 0 0 0 0 0 0 0 0 0 0 0 0 0 0 0 0 0 0 0 0 0.25 0 0.375 0.125 0.125 0.125 0 0 0 0 0 0 0 

256 234 172 37 0 0.683761 0 0 0 0 0 0 0 0 0 0 0 0 0 0 0 0 0 0 0 0 0.142857 0 0.285714 0 0.285714 0.285714 0 0 0 0 0 0 0 

256 235 171 37 0 0.680851 0 0 0 0 0 0 0 0 0 0 0 0 0 0 0 0 0 0 0 0 0 0.142857 0.428571 0.142857 0 0.285714 0 0 0 0 0 0 0 

256 234 175 37 0 0.683761 0 0 0 0 0 0 0 0 0 0 0 0 0 0 0 0 0 0 0 0 0 0 0.428571 0 0.285714 0.142857 0.142857 0 0 0 0 0 0 

288 276 207 37 0 0.57971 0 0 0 0 0 0 0 0 0 0 0 0 0 0 0 0 0 0 0 0 0.125 0 0 0.375 0.25 0.25 0 0 0 0 0 0 0 

288 268 202 37 0 0.597015 0 0 0 0 0 0 0 0 0 0 0 0 0 0 0 0 0 0 0 0 0 0.125 0.125 0.25 0.125 0.25 0 0.125 0 0 0 0 0 

288 276 216 37 0 0.57971 0 0 0 0 0 0 0 0 0 0 0 0 0 0 0 0 0 0 0 0 0 0 0 0.125 0.5 0.125 0.25 0 0 0 0 0 0 

288 269 193 37 0 0.594796 0 0 0 0 0 0 0 0 0 0 0 0 0 0 0 0 0 0 0 0 0 0.125 0.375 0.375 0.125 0 0 0 0 0 0 0 0 

288 269 199 37 0 0.594796 0 0 0 0 0 0 0 0 0 0 0 0 0 0 0 0 0 0 0 0 0 0 0.375 0.125 0.375 0.125 0 0 0 0 0 0 0 

288 276 204 37 0 0.57971 0 0 0 0 0 0 0 0 0 0 0 0 0 0 0 0 0 0 0 0 0.125 0.125 0.125 0.375 0 0 0.25 0 0 0 0 0 0 

256 234 176 37 0 0.683761 0 0 0 0 0 0 0 0 0 0 0 0 0 0 0 0 0 0 0 0 0 0 0.142857 0.428571 0 0.428571 0 0 0 0 0 0 0 

256 232 170 37 0 0.689655 0 0 0 0 0 0 0 0 0 0 0 0 0 0 0 0 0 0 0 0 0 0 0.142857 0.571429 0.285714 0 0 0 0 0 0 0 0 

288 276 211 37 0 0.57971 0 0 0 0 0 0 0 0 0 0 0 0 0 0 0 0 0 0 0 0 0.125 0 0 0.25 0.375 0.125 0 0 0.125 0 0 0 0 

288 268 199 37 0 0.597015 0 0 0 0 0 0 0 0 0 0 0 0 0 0 0 0 0 0 0 0 0 0.125 0.25 0.125 0.25 0.125 0.125 0 0 0 0 0 0 

288 269 198 37 0 0.594796 0 0 0 0 0 0 0 0 0 0 0 0 0 0 0 0 0 0 0 0 0.125 0.125 0 0.375 0.125 0.125 0.125 0 0 0 0 0 0 

256 234 174 37 0 0.683761 0 0 0 0 0 0 0 0 0 0 0 0 0 0 0 0 0 0 0 0 0 0 0.142857 0.285714 0.571429 0 0 0 0 0 0 0 0 

256 232 169 37 0 0.689655 0 0 0 0 0 0 0 0 0 0 0 0 0 0 0 0 0 0 0 0 0 0.142857 0.285714 0.142857 0.285714 0.142857 0 0 0 0 0 0 0 

256 232 169 37 0 0.689655 0 0 0 0 0 0 0 0 0 0 0 0 0 0 0 0 0 0 0 0 0 0 0.285714 0.428571 0.285714 0 0 0 0 0 0 0 0 

288 276 201 37 0 0.57971 0 0 0 0 0 0 0 0 0 0 0 0 0 0 0 0 0 0 0 0 0.125 0.25 0 0.25 0.25 0.125 0 0 0 0 0 0 0 

288 275 208 37 0 0.581818 0 0 0 0 0 0 0 0 0 0 0 0 0 0 0 0 0 0 0 0 0 0 0.375 0.125 0.25 0 0.25 0 0 0 0 0 0 

288 275 207 37 0 0.581818 0 0 0 0 0 0 0 0 0 0 0 0 0 0 0 0 0 0 0 0 0 0.125 0 0.25 0.5 0.125 0 0 0 0 0 0 0 

256 229 164 37 0 0.69869 0 0 0 0 0 0 0 0 0 0 0 0 0 0 0 0 0 0 0 0.142857 0 0 0.142857 0.428571 0.142857 0.142857 0 0 0 0 0 0 0 

288 268 196 37 0 0.597015 0 0 0 0 0 0 0 0 0 0 0 0 0 0 0 0 0 0 0 0.25 0 0.125 0 0 0.375 0 0.125 0.125 0 0 0 0 0 

288 269 201 37 0 0.594796 0 0 0 0 0 0 0 0 0 0 0 0 0 0 0 0 0 0 0 0 0 0.125 0 0.375 0.25 0.25 0 0 0 0 0 0 0 

256 232 167 37 0 0.689655 0 0 0 0 0 0 0 0 0 0 0 0 0 0 0 0 0 0 0 0 0.142857 0 0.142857 0.571429 0 0.142857 0 0 0 0 0 0 0 

288 261 189 37 0 0.613027 0 0 0 0 0 0 0 0 0 0 0 0 0 0 0 0 0 0 0 0 0.125 0 0.25 0.25 0.125 0.25 0 0 0 0 0 0 0 

256 230 166 37 0 0.695652 0 0 0 0 0 0 0 0 0 0 0 0 0 0 0 0 0 0 0 0.142857 0 0 0 0.428571 0.428571 0 0 0 0 0 0 0 0 

288 261 183 37 0 0.613027 0 0 0 0 0 0 0 0 0 0 0 0 0 0 0 0 0 0 0.125 0 0 0.25 0.125 0.125 0.25 0.125 0 0 0 0 0 0 0 

288 261 181 37 0 0.613027 0 0 0 0 0 0 0 0 0 0 0 0 0 0 0 0 0 0 0 0.125 0.125 0 0.25 0.375 0.125 0 0 0 0 0 0 0 0 

288 276 206 37 0 0.57971 0 0 0 0 0 0 0 0 0 0 0 0 0 0 0 0 0 0 0 0 0 0 0.125 0.5 0.375 0 0 0 0 0 0 0 0 

256 234 176 37 0 0.683761 0 0 0 0 0 0 0 0 0 0 0 0 0 0 0 0 0 0 0 0 0 0 0.142857 0.285714 0.285714 0.285714 0 0 0 0 0 0 0 

256 235 172 37 0 0.680851 0 0 0 0 0 0 0 0 0 0 0 0 0 0 0 0 0 0 0 0.142857 0 0 0.142857 0.142857 0.428571 0.142857 0 0 0 0 0 0 0 

288 268 199 37 0 0.597015 0 0 0 0 0 0 0 0 0 0 0 0 0 0 0 0 0 0 0 0 0.125 0 0.125 0.125 0.375 0.25 0 0 0 0 0 0 0 

288 268 198 37 0 0.597015 0 0 0 0 0 0 0 0 0 0 0 0 0 0 0 0 0 0 0 0 0 0.25 0 0.125 0.5 0.125 0 0 0 0 0 0 0 

288 276 206 37 0 0.57971 0 0 0 0 0 0 0 0 0 0 0 0 0 0 0 0 0 0 0 0 0.125 0 0.25 0.125 0.125 0.375 0 0 0 0 0 0 0 

256 234 177 37 0 0.683761 0 0 0 0 0 0 0 0 0 0 0 0 0 0 0 0 0 0 0 0 0.142857 0 0 0.285714 0.142857 0.285714 0 0.142857 0 0 0 0 0 

288 269 199 37 0 0.594796 0 0 0 0 0 0 0 0 0 0 0 0 0 0 0 0 0 0 0 0 0 0 0.25 0.375 0.25 0.125 0 0 0 0 0 0 0 

256 232 168 37 0 0.689655 0 0 0 0 0 0 0 0 0 0 0 0 0 0 0 0 0 0 0 0 0 0.142857 0.428571 0 0.285714 0.142857 0 0 0 0 0 0 0 

288 269 192 37 0 0.594796 0 0 0 0 0 0 0 0 0 0 0 0 0 0 0 0 0 0 0 0 0.25 0.125 0 0.375 0.125 0.125 0 0 0 0 0 0 0 

256 234 174 37 0 0.683761 0 0 0 0 0 0 0 0 0 0 0 0 0 0 0 0 0 0 0 0 0.142857 0 0 0.142857 0.571429 0.142857 0 0 0 0 0 0 0 

288 269 198 37 0 0.594796 0 0 0 0 0 0 0 0 0 0 0 0 0 0 0 0 0 0 0 0 0.125 0 0.25 0.125 0.375 0 0.125 0 0 0 0 0 0 

288 269 189 37 0 0.594796 0 0 0 0 0 0 0 0 0 0 0 0 0 0 0 0 0 0 0.125 0 0 0.375 0.125 0 0.25 0.125 0 0 0 0 0 0 0 

288 275 209 37 0 0.581818 0 0 0 0 0 0 0 0 0 0 0 0 0 0 0 0 0 0 0 0 0 0 0.125 0.25 0.375 0.25 0 0 0 0 0 0 0 

288 269 195 37 0 0.594796 0 0 0 0 0 0 0 0 0 0 0 0 0 0 0 0 0 0 0 0 0 0.375 0 0.25 0.25 0.125 0 0 0 0 0 0 0 

288 261 189 37 0 0.613027 0 0 0 0 0 0 0 0 0 0 0 0 0 0 0 0 0 0 0 0.125 0 0 0.25 0.25 0.125 0.125 0.125 0 0 0 0 0 0 

256 232 168 37 0 0.689655 0 0 0 0 0 0 0 0 0 0 0 0 0 0 0 0 0 0 0 0.142857 0 0.142857 0 0.142857 0.428571 0.142857 0 0 0 0 0 0 0 

288 276 209 37 0 0.57971 0 0 0 0 0 0 0 0 0 0 0 0 0 0 0 0 0 0 0 0 0 0 0.125 0.625 0 0.125 0 0.125 0 0 0 0 0 

256 228 170 37 0 0.701754 0 0 0 0 0 0 0 0 0 0 0 0 0 0 0 0 0 0 0 0 0.142857 0 0.142857 0.142857 0.142857 0.142857 0.285714 0 0 0 0 0 0 

256 234 174 37 0 0.683761 0 0 0 0 0 0 0 0 0 0 0 0 0 0 0 0 0 0 0 0 0 0.142857 0.142857 0 0.571429 0.142857 0 0 0 0 0 0 0 

288 275 205 37 0 0.581818 0 0 0 0 0 0 0 0 0 0 0 0 0 0 0 0 0 0 0 0 0.25 0 0.125 0.125 0.25 0.125 0 0 0.125 0 0 0 0 

256 234 177 37 0 0.683761 0 0 0 0 0 0 0 0 0 0 0 0 0 0 0 0 0 0 0 0 0 0 0 0.285714 0.571429 0.142857 0 0 0 0 0 0 0 

320 303 223 37 0 0.528053 0 0 0 0 0 0 0 0 0 0 0 0 0 0 0 0 0 0 0 0.111111 0 0 0.111111 0.333333 0.222222 0.222222 0 0 0 0 0 0 0 

288 275 211 37 0 0.581818 0 0 0 0 0 0 0 0 0 0 0 0 0 0 0 0 0 0 0 0 0 0.125 0 0.375 0.125 0.125 0.125 0.125 0 0 0 0 0 

256 232 180 37 0 0.689655 0 0 0 0 0 0 0 0 0 0 0 0 0 0 0 0 0 0 0 0 0 0.142857 0 0.142857 0.142857 0.285714 0.142857 0 0.142857 0 0 0 0 

256 234 174 37 0 0.683761 0 0 0 0 0 0 0 0 0 0 0 0 0 0 0 0 0 0 0 0 0 0.142857 0 0.285714 0.428571 0.142857 0 0 0 0 0 0 0 

256 225 167 37 0 0.711111 0 0 0 0 0 0 0 0 0 0 0 0 0 0 0 0 0 0 0 0.142857 0 0 0.285714 0 0 0.142857 0.428571 0 0 0 0 0 0 

256 235 172 37 0 0.680851 0 0 0 0 0 0 0 0 0 0 0 0 0 0 0 0 0 0 0 0 0.142857 0 0.142857 0.428571 0 0.285714 0 0 0 0 0 0 0 

288 276 210 37 0 0.57971 0 0 0 0 0 0 0 0 0 0 0 0 0 0 0 0 0 0 0 0 0 0 0 0.375 0.5 0.125 0 0 0 0 0 0 0 

256 234 167 37 0 0.683761 0 0 0 0 0 0 0 0 0 0 0 0 0 0 0 0 0 0 0.142857 0 0.142857 0 0.142857 0.142857 0.285714 0 0.142857 0 0 0 0 0 0 

288 277 199 37 0 0.577617 0 0 0 0 0 0 0 0 0 0 0 0 0 0 0 0 0 0 0 0.125 0 0.25 0.25 0 0.25 0.125 0 0 0 0 0 0 0 

288 276 201 37 0 0.57971 0 0 0 0 0 0 0 0 0 0 0 0 0 0 0 0 0 0 0 0.125 0 0.25 0 0.25 0.25 0 0.125 0 0 0 0 0 0 

256 232 174 37 0 0.689655 0 0 0 0 0 0 0 0 0 0 0 0 0 0 0 0 0 0.142857 0 0 0 0 0 0.285714 0.142857 0 0.285714 0.142857 0 0 0 0 0 

288 269 193 37 0 0.594796 0 0 0 0 0 0 0 0 0 0 0 0 0 0 0 0 0 0 0 0 0 0.375 0.25 0.125 0.125 0 0.125 0 0 0 0 0 0 

288 269 198 37 0 0.594796 0 0 0 0 0 0 0 0 0 0 0 0 0 0 0 0 0 0 0 0 0 0 0.375 0.125 0.5 0 0 0 0 0 0 0 0 

256 231 166 37 0 0.692641 0 0 0 0 0 0 0 0 0 0 0 0 0 0 0 0 0 0 0 0 0.142857 0.142857 0 0.285714 0.428571 0 0 0 0 0 0 0 0 

288 269 202 37 0 0.594796 0 0 0 0 0 0 0 0 0 0 0 0 0 0 0 0 0 0 0 0 0.125 0 0.125 0.125 0.25 0.25 0.125 0 0 0 0 0 0 

256 232 173 37 0 0.689655 0 0 0 0 0 0 0 0 0 0 0 0 0 0 0 0 0 0 0 0 0 0 0.285714 0.142857 0.285714 0.285714 0 0 0 0 0 0 0 

288 269 196 37 0 0.594796 0 0 0 0 0 0 0 0 0 0 0 0 0 0 0 0 0 0 0 0.125 0 0.25 0.125 0 0.25 0 0.25 0 0 0 0 0 0 

256 232 180 37 0 0.689655 0 0 0 0 0 0 0 0 0 0 0 0 0 0 0 0 0 0 0 0 0 0 0 0.285714 0 0.571429 0.142857 0 0 0 0 0 0 

288 275 210 37 0 0.581818 0 0 0 0 0 0 0 0 0 0 0 0 0 0 0 0 0 0 0 0 0 0.125 0 0.375 0 0.375 0.125 0 0 0 0 0 0 

256 234 177 37 0 0.683761 0 0 0 0 0 0 0 0 0 0 0 0 0 0 0 0 0 0 0 0 0 0 0.142857 0.142857 0.428571 0.285714 0 0 0 0 0 0 0 

288 277 199 37 0 0.577617 0 0 0 0 0 0 0 0 0 0 0 0 0 0 0 0 0 0 0 0 0.125 0.25 0.125 0.25 0.25 0 0 0 0 0 0 0 0 

288 269 196 37 0 0.594796 0 0 0 0 0 0 0 0 0 0 0 0 0 0 0 0 0 0 0 0 0 0.25 0.125 0.25 0.25 0.125 0 0 0 0 0 0 0 

256 232 172 37 0 0.689655 0 0 0 0 0 0 0 0 0 0 0 0 0 0 0 0 0 0 0 0 0 0 0.285714 0.428571 0 0.142857 0.142857 0 0 0 0 0 0 

288 276 199 37 0 0.57971 0 0 0 0 0 0 0 0 0 0 0 0 0 0 0 0 0 0 0 0 0 0.5 0.125 0.125 0 0.25 0 0 0 0 0 0 0 

288 275 214 37 0 0.581818 0 0 0 0 0 0 0 0 0 0 0 0 0 0 0 0 0 0 0 0 0.125 0 0 0 0.125 0.625 0.125 0 0 0 0 0 0 

288 261 191 37 0 0.613027 0 0 0 0 0 0 0 0 0 0 0 0 0 0 0 0 0 0 0 0 0 0.125 0 0.5 0.25 0.125 0 0 0 0 0 0 0 

256 230 170 37 0 0.695652 0 0 0 0 0 0 0 0 0 0 0 0 0 0 0 0 0 0 0 0 0 0.285714 0.142857 0 0.285714 0.142857 0 0.142857 0 0 0 0 0 

288 269 199 37 0 0.594796 0 0 0 0 0 0 0 0 0 0 0 0 0 0 0 0 0 0 0 0 0 0.125 0.125 0.375 0.25 0 0.125 0 0 0 0 0 0 

288 269 201 37 0 0.594796 0 0 0 0 0 0 0 0 0 0 0 0 0 0 0 0 0 0 0 0.125 0 0 0 0.125 0.5 0.25 0 0 0 0 0 0 0 

256 235 174 37 0 0.680851 0 0 0 0 0 0 0 0 0 0 0 0 0 0 0 0 0 0 0 0 0 0 0.428571 0 0.428571 0.142857 0 0 0 0 0 0 0 

288 276 211 37 0 0.57971 0 0 0 0 0 0 0 0 0 0 0 0 0 0 0 0 0 0 0 0 0 0 0.125 0.25 0.375 0.125 0.125 0 0 0 0 0 0 

256 234 179 37 0 0.683761 0 0 0 0 0 0 0 0 0 0 0 0 0 0 0 0 0 0 0 0 0 0.142857 0 0 0.285714 0.571429 0 0 0 0 0 0 0 

288 269 198 37 0 0.594796 0 0 0 0 0 0 0 0 0 0 0 0 0 0 0 0 0 0 0 0 0 0.125 0.125 0.375 0.25 0.125 0 0 0 0 0 0 0 

288 268 197 37 0 0.597015 0 0 0 0 0 0 0 0 0 0 0 0 0 0 0 0 0 0 0 0 0 0.25 0.125 0.125 0.375 0 0.125 0 0 0 0 0 0 

256 232 169 37 0 0.689655 0 0 0 0 0 0 0 0 0 0 0 0 0 0 0 0 0 0 0 0 0.142857 0 0.142857 0.285714 0.285714 0.142857 0 0 0 0 0 0 0 

288 269 202 37 0 0.594796 0 0 0 0 0 0 0 0 0 0 0 0 0 0 0 0 0 0 0 0 0 0 0.25 0.25 0.25 0.125 0.125 0 0 0 0 0 0 

256 234 166 37 0 0.683761 0 0 0 0 0 0 0 0 0 0 0 0 0 0 0 0 0 0 0 0 0.142857 0.285714 0.142857 0.142857 0.142857 0.142857 0 0 0 0 0 0 0 

256 234 174 37 0 0.683761 0 0 0 0 0 0 0 0 0 0 0 0 0 0 0 0 0 0 0 0 0 0.142857 0.142857 0 0.571429 0.142857 0 0 0 0 0 0 0 

256 234 178 37 0 0.683761 0 0 0 0 0 0 0 0 0 0 0 0 0 0 0 0 0 0 0 0 0 0 0.142857 0.285714 0.142857 0.285714 0.142857 0 0 0 0 0 0 

288 276 204 37 0 0.57971 0 0 0 0 0 0 0 0 0 0 0 0 0 0 0 0 0 0 0 0.125 0 0.125 0.125 0 0.375 0.25 0 0 0 0 0 0 0 

288 268 196 37 0 0.597015 0 0 0 0 0 0 0 0 0 0 0 0 0 0 0 0 0 0 0 0 0 0.125 0.25 0.375 0 0.25 0 0 0 0 0 0 0 

256 232 173 37 0 0.689655 0 0 0 0 0 0 0 0 0 0 0 0 0 0 0 0 0 0 0 0 0 0 0.142857 0.428571 0.142857 0.285714 0 0 0 0 0 0 0 

288 269 189 37 0 0.594796 0 0 0 0 0 0 0 0 0 0 0 0 0 0 0 0 0 0 0.125 0 0.125 0 0.25 0.25 0.25 0 0 0 0 0 0 0 0 

288 269 194 37 0 0.594796 0 0 0 0 0 0 0 0 0 0 0 0 0 0 0 0 0 0 0 0 0 0.125 0.375 0.25 0.25 0 0 0 0 0 0 0 0 

288 275 208 37 0 0.581818 0 0 0 0 0 0 0 0 0 0 0 0 0 0 0 0 0 0 0 0 0 0 0.125 0.375 0.25 0.25 0 0 0 0 0 0 0 

288 275 209 37 0 0.581818 0 0 0 0 0 0 0 0 0 0 0 0 0 0 0 0 0 0 0 0 0 0.125 0.25 0.125 0.125 0.125 0.125 0.125 0 0 0 0 0 

256 230 167 37 0 0.695652 0 0 0 0 0 0 0 0 0 0 0 0 0 0 0 0 0 0 0 0 0 0.142857 0.285714 0.142857 0.285714 0.142857 0 0 0 0 0 0 0 

256 232 174 37 0 0.689655 0 0 0 0 0 0 0 0 0 0 0 0 0 0 0 0 0 0 0 0 0 0 0.285714 0.285714 0.142857 0.142857 0 0.142857 0 0 0 0 0 

256 231 169 37 0 0.692641 0 0 0 0 0 0 0 0 0 0 0 0 0 0 0 0 0 0 0 0 0.142857 0 0.285714 0.285714 0 0 0.285714 0 0 0 0 0 0 

288 276 197 37 0 0.57971 0 0 0 0 0 0 0 0 0 0 0 0 0 0 0 0 0 0 0 0 0.125 0.375 0.25 0 0 0.25 0 0 0 0 0 0 0 

256 232 176 37 0 0.689655 0 0 0 0 0 0 0 0 0 0 0 0 0 0 0 0 0 0 0 0 0 0 0.142857 0.285714 0.285714 0.142857 0 0.142857 0 0 0 0 0 

288 269 203 37 0 0.594796 0 0 0 0 0 0 0 0 0 0 0 0 0 0 0 0 0 0 0 0 0.125 0 0.25 0.125 0 0.25 0.125 0.125 0 0 0 0 0 

288 277 201 37 0 0.577617 0 0 0 0 0 0 0 0 0 0 0 0 0 0 0 0 0 0 0 0 0 0.5 0.125 0.125 0.125 0 0 0.125 0 0 0 0 0 

288 269 185 37 0 0.594796 0 0 0 0 0 0 0 0 0 0 0 0 0 0 0 0 0 0 0.125 0 0.125 0.375 0 0.125 0.25 0 0 0 0 0 0 0 0 

288 269 194 37 0 0.594796 0 0 0 0 0 0 0 0 0 0 0 0 0 0 0 0 0 0 0 0 0 0.125 0.25 0.5 0.125 0 0 0 0 0 0 0 0 

288 276 209 37 0 0.57971 0 0 0 0 0 0 0 0 0 0 0 0 0 0 0 0 0 0 0 0 0 0.125 0 0.375 0.25 0.125 0.125 0 0 0 0 0 0 

256 234 174 37 0 0.683761 0 0 0 0 0 0 0 0 0 0 0 0 0 0 0 0 0 0 0 0 0.142857 0 0.142857 0.285714 0 0.285714 0.142857 0 0 0 0 0 0 

288 261 186 37 0 0.613027 0 0 0 0 0 0 0 0 0 0 0 0 0 0 0 0 0 0 0.125 0 0.125 0 0.125 0.25 0.125 0.125 0.125 0 0 0 0 0 0 

256 232 173 37 0 0.689655 0 0 0 0 0 0 0 0 0 0 0 0 0 0 0 0 0 0 0 0 0 0 0.142857 0.428571 0.142857 0.285714 0 0 0 0 0 0 0 

288 276 211 37 0 0.57971 0 0 0 0 0 0 0 0 0 0 0 0 0 0 0 0 0 0 0 0 0 0.125 0 0.25 0.375 0 0.25 0 0 0 0 0 0 

256 232 170 37 0 0.689655 0 0 0 0 0 0 0 0 0 0 0 0 0 0 0 0 0 0 0 0 0 0 0.142857 0.714286 0 0.142857 0 0 0 0 0 0 0 

256 234 174 37 0 0.683761 0 0 0 0 0 0 0 0 0 0 0 0 0 0 0 0 0 0 0 0 0.142857 0 0 0.142857 0.571429 0.142857 0 0 0 0 0 0 0 

288 269 200 37 0 0.594796 0 0 0 0 0 0 0 0 0 0 0 0 0 0 0 0 0 0 0 0 0 0.125 0.125 0.125 0.5 0.125 0 0 0 0 0 0 0 

256 232 169 37 0 0.689655 0 0 0 0 0 0 0 0 0 0 0 0 0 0 0 0 0 0 0 0 0.142857 0.285714 0 0 0.285714 0.142857 0.142857 0 0 0 0 0 0 

288 269 193 37 0 0.594796 0 0 0 0 0 0 0 0 0 0 0 0 0 0 0 0 0 0 0 0 0.125 0.125 0.375 0.125 0 0.25 0 0 0 0 0 0 0 

288 277 201 37 0 0.577617 0 0 0 0 0 0 0 0 0 0 0 0 0 0 0 0 0 0 0 0 0 0.25 0.25 0.375 0 0.125 0 0 0 0 0 0 0 

288 268 203 37 0 0.597015 0 0 0 0 0 0 0 0 0 0 0 0 0 0 0 0 0 0 0 0 0 0.125 0 0.25 0.125 0.5 0 0 0 0 0 0 0 

288 276 199 37 0 0.57971 0 0 0 0 0 0 0 0 0 0 0 0 0 0 0 0 0 0 0 0 0 0.375 0.25 0 0.375 0 0 0 0 0 0 0 0 

288 269 189 37 0 0.594796 0 0 0 0 0 0 0 0 0 0 0 0 0 0 0 0 0 0 0 0 0.125 0.375 0.125 0.125 0.25 0 0 0 0 0 0 0 0 

288 277 199 37 0 0.577617 0 0 0 0 0 0 0 0 0 0 0 0 0 0 0 0 0 0 0 0 0.125 0.375 0.125 0.125 0 0.25 0 0 0 0 0 0 0 

256 230 168 37 0 0.695652 0 0 0 0 0 0 0 0 0 0 0 0 0 0 0 0 0 0 0 0 0 0 0.428571 0.142857 0.285714 0.142857 0 0 0 0 0 0 0 

288 261 188 37 0 0.613027 0 0 0 0 0 0 0 0 0 0 0 0 0 0 0 0 0 0 0 0 0.125 0.25 0 0.125 0.25 0.25 0 0 0 0 0 0 0 

288 276 205 37 0 0.57971 0 0 0 0 0 0 0 0 0 0 0 0 0 0 0 0 0 0 0 0 0 0 0.5 0.125 0.25 0 0.125 0 0 0 0 0 0 

256 230 165 37 0 0.695652 0 0 0 0 0 0 0 0 0 0 0 0 0 0 0 0 0 0 0 0 0 0.142857 0.285714 0.428571 0 0.142857 0 0 0 0 0 0 0 

