2208 2198 1603 120 0 0.727934 0 0 0 0 0 0 0 0 0 0 0 0 0 0 0 0 0 0 0 0.0294118 0.0294118 0.0882353 0.176471 0.264706 0.132353 0.161765 0.102941 0.0147059 0 0 0 0 0 

2176 2170 1601 119 0 0.737327 0 0 0 0 0 0 0 0 0 0 0 0 0 0 0 0 0 0 0 0.0298507 0.0298507 0.0746269 0.104478 0.253731 0.134328 0.253731 0.104478 0.0149254 0 0 0 0 0 

2240 2212 1603 115 0 0.723327 0 0 0 0 0 0 0 0 0 0 0 0 0 0 0 0 0 0 0.0144928 0 0.057971 0.0724638 0.144928 0.231884 0.289855 0.15942 0.0144928 0.0144928 0 0 0 0 0 

2272 2249 1641 120 0 0.711427 0 0 0 0 0 0 0 0 0 0 0 0 0 0 0 0 0 0 0.0142857 0.0285714 0.0285714 0.114286 0.157143 0.171429 0.142857 0.242857 0.0571429 0.0428571 0 0 0 0 0 

2272 2249 1631 120 0 0.711427 0 0 0 0 0 0 0 0 0 0 0 0 0 0 0 0 0 0 0 0.0428571 0.0571429 0.0857143 0.114286 0.242857 0.228571 0.128571 0.0857143 0.0142857 0 0 0 0 0 

2208 2186 1604 117 0 0.73193 0 0 0 0 0 0 0 0 0 0 0 0 0 0 0 0 0 0 0 0 0.0294118 0.0882353 0.117647 0.294118 0.176471 0.235294 0.0588235 0 0 0 0 0 0 

2624 2601 1881 120 0 0.615148 0 0 0 0 0 0 0 0 0 0 0 0 0 0 0 0 0 0 0.0246914 0.0123457 0.037037 0.0740741 0.209877 0.222222 0.197531 0.135802 0.0617284 0.0246914 0 0 0 0 0 

2240 2217 1609 120 0 0.721696 0 0 0 0 0 0 0 0 0 0 0 0 0 0 0 0 0 0 0 0 0.0434783 0.101449 0.231884 0.217391 0.15942 0.144928 0.101449 0 0 0 0 0 0 

2208 2196 1604 117 0 0.728597 0 0 0 0 0 0 0 0 0 0 0 0 0 0 0 0 0 0 0 0 0.0147059 0.132353 0.161765 0.25 0.220588 0.147059 0.0441176 0.0294118 0 0 0 0 0 

2208 2204 1601 107 0 0.725953 0 0 0 0 0 0 0 0 0 0 0 0 0 0 0 0 0 0 0.0147059 0 0.0147059 0.117647 0.191176 0.264706 0.161765 0.191176 0.0147059 0.0294118 0 0 0 0 0 

