4800 4800 3484 37 160 0 0 0 0 0 0 0 0 0 0 0 0 0 0 0 0 0 0 0 0 0 0.0268456 0.100671 0.181208 0.255034 0.241611 0.134228 0.0536913 0.00671141 0 0 0 0 0 

4800 4800 3462 37 160 0 0 0 0 0 0 0 0 0 0 0 0 0 0 0 0 0 0 0 0.00671141 0.00671141 0.0604027 0.107383 0.174497 0.201342 0.241611 0.14094 0.0536913 0.00671141 0 0 0 0 0 

4800 4800 3474 37 160 0 0 0 0 0 0 0 0 0 0 0 0 0 0 0 0 0 0 0 0.00671141 0.0268456 0.0469799 0.0738255 0.174497 0.221477 0.208054 0.167785 0.0738255 0 0 0 0 0 0 

4800 4800 3485 37 160 0 0 0 0 0 0 0 0 0 0 0 0 0 0 0 0 0 0 0 0 0.00671141 0.0469799 0.0738255 0.214765 0.255034 0.174497 0.120805 0.0872483 0.0134228 0.00671141 0 0 0 0 

4800 4800 3480 37 160 0 0 0 0 0 0 0 0 0 0 0 0 0 0 0 0 0 0 0 0.00671141 0.0201342 0.033557 0.0939597 0.134228 0.281879 0.221477 0.127517 0.0604027 0.0134228 0.00671141 0 0 0 0 

4800 4800 3451 37 160 0 0 0 0 0 0 0 0 0 0 0 0 0 0 0 0 0 0 0.00671141 0 0.033557 0.0402685 0.0872483 0.214765 0.221477 0.194631 0.127517 0.0671141 0.00671141 0 0 0 0 0 

4800 4800 3463 37 160 0 0 0 0 0 0 0 0 0 0 0 0 0 0 0 0 0 0 0.00671141 0 0.0402685 0.0536913 0.100671 0.120805 0.248322 0.187919 0.161074 0.0671141 0.0134228 0 0 0 0 0 

4800 4800 3446 37 160 0 0 0 0 0 0 0 0 0 0 0 0 0 0 0 0 0 0 0 0.0134228 0.0201342 0.0671141 0.0805369 0.174497 0.228188 0.255034 0.0939597 0.0536913 0.0134228 0 0 0 0 0 

4800 4800 3469 37 160 0 0 0 0 0 0 0 0 0 0 0 0 0 0 0 0 0 0 0 0.0134228 0.0201342 0.0402685 0.114094 0.127517 0.208054 0.275168 0.14094 0.0402685 0.0201342 0 0 0 0 0 

4800 4800 3464 37 160 0 0 0 0 0 0 0 0 0 0 0 0 0 0 0 0 0 0 0 0.00671141 0.00671141 0.033557 0.127517 0.147651 0.228188 0.268456 0.147651 0.0201342 0.0134228 0 0 0 0 0 

