14080 14059 10196 268 0 0.569031 0 0 0 0 0 0 0 0 0 0 0 0 0 0 0 0 0 0.00683371 0.00455581 0.0273349 0.0364465 0.0820046 0.154897 0.216401 0.22779 0.166287 0.0683371 0.00911162 0 0 0 0 0 

13920 13909 10144 268 0 0.575167 0 0 0 0 0 0 0 0 0 0 0 0 0 0 0 0 0.00230415 0.00230415 0.00460829 0.00691244 0.0437788 0.0852535 0.158986 0.202765 0.232719 0.168203 0.0737327 0.016129 0.00230415 0 0 0 0 

14304 14278 10377 268 0 0.560303 0 0 0 0 0 0 0 0 0 0 0 0 0 0 0 0 0 0.0044843 0.0044843 0.029148 0.0381166 0.0695067 0.143498 0.251121 0.213004 0.159193 0.0695067 0.0134529 0.0044843 0 0 0 0 

13856 13842 10073 268 0 0.577951 0 0 0 0 0 0 0 0 0 0 0 0 0 0 0 0 0 0 0.00462963 0.0162037 0.037037 0.087963 0.148148 0.231481 0.222222 0.1875 0.0578704 0.00694444 0 0 0 0 0 

13920 13908 10089 268 0 0.575208 0 0 0 0 0 0 0 0 0 0 0 0 0 0 0 0 0 0 0.00230415 0.0253456 0.0437788 0.0990783 0.145161 0.228111 0.205069 0.179724 0.062212 0.00921659 0 0 0 0 0 

14112 14095 10240 268 0 0.567577 0 0 0 0 0 0 0 0 0 0 0 0 0 0 0 0 0 0 0.00909091 0.0113636 0.0363636 0.0977273 0.168182 0.229545 0.188636 0.170455 0.0818182 0.00681818 0 0 0 0 0 

13760 13742 10015 268 0 0.582157 0 0 0 0 0 0 0 0 0 0 0 0 0 0 0 0 0 0 0.002331 0.013986 0.02331 0.0979021 0.165501 0.247086 0.20979 0.144522 0.0699301 0.025641 0 0 0 0 0 

13920 13910 10111 268 0 0.575126 0 0 0 0 0 0 0 0 0 0 0 0 0 0 0 0 0.00230415 0.00230415 0.00921659 0.0184332 0.0322581 0.0714286 0.152074 0.232719 0.25576 0.158986 0.0437788 0.0207373 0 0 0 0 0 

14048 14027 10186 268 0 0.570329 0 0 0 0 0 0 0 0 0 0 0 0 0 0 0 0 0 0.00456621 0.00913242 0.0182648 0.0456621 0.0776256 0.143836 0.23516 0.232877 0.146119 0.0616438 0.0228311 0.00228311 0 0 0 0 

13920 13912 10037 268 0 0.575043 0 0 0 0 0 0 0 0 0 0 0 0 0 0 0 0 0 0.00230415 0.00691244 0.0276498 0.0414747 0.101382 0.154378 0.248848 0.202765 0.142857 0.062212 0.00921659 0 0 0 0 0 

