256 237 182 37 159 0.00421941 0 0 0 0 0 0 0 0 0 0 0 0 0 0 0 0 0 0 0 0 0 0 0 0.428571 0.142857 0.285714 0.142857 0 0 0 0 0 0 

448 440 315 37 160 0 0 0 0 0 0 0 0 0 0 0 0 0 0 0 0 0 0 0 0 0 0.153846 0.153846 0.307692 0.0769231 0.230769 0 0.0769231 0 0 0 0 0 0 

288 267 196 37 159 0.00374532 0 0 0 0 0 0 0 0 0 0 0 0 0 0 0 0 0 0 0 0 0 0 0.125 0.625 0.25 0 0 0 0 0 0 0 0 

224 213 160 30 159 0.00469484 0 0 0 0 0 0 0 0 0 0 0 0 0 0 0 0 0 0 0 0 0 0.333333 0 0 0.5 0.166667 0 0 0 0 0 0 0 

448 435 324 37 160 0 0 0 0 0 0 0 0 0 0 0 0 0 0 0 0 0 0 0 0 0 0.0769231 0.0769231 0.153846 0.0769231 0.230769 0.384615 0 0 0 0 0 0 0 

320 306 226 37 155 0.0163399 0 0 0 0 0 0 0 0 0 0 0 0 0 0 0 0 0 0 0 0 0 0.111111 0.111111 0.333333 0.444444 0 0 0 0 0 0 0 0 

384 372 276 37 158 0.00537634 0 0 0 0 0 0 0 0 0 0 0 0 0 0 0 0 0 0 0 0 0.0909091 0.181818 0.0909091 0.0909091 0.272727 0.0909091 0.181818 0 0 0 0 0 0 

352 343 258 37 160 0 0 0 0 0 0 0 0 0 0 0 0 0 0 0 0 0 0 0 0 0 0.1 0 0.2 0 0.4 0.3 0 0 0 0 0 0 0 

352 331 242 37 159 0.00302115 0 0 0 0 0 0 0 0 0 0 0 0 0 0 0 0 0 0 0 0.1 0 0 0.3 0.2 0.2 0.1 0 0.1 0 0 0 0 0 

672 653 471 37 159 0.00153139 0 0 0 0 0 0 0 0 0 0 0 0 0 0 0 0 0 0.05 0 0.05 0.15 0 0.15 0.15 0.05 0.25 0.15 0 0 0 0 0 0 

