640 617 455 56 0 0.583468 0 0 0 0 0 0 0 0 0 0 0 0 0 0 0 0 0 0 0 0.0526316 0 0.0526316 0.263158 0.157895 0 0.368421 0.105263 0 0 0 0 0 0 

640 618 443 56 0 0.582524 0 0 0 0 0 0 0 0 0 0 0 0 0 0 0 0 0 0 0 0.0526316 0.105263 0.105263 0.157895 0.105263 0.263158 0.210526 0 0 0 0 0 0 0 

736 717 513 56 0 0.502092 0 0 0 0 0 0 0 0 0 0 0 0 0 0 0 0 0 0 0 0 0.0909091 0.227273 0.227273 0.136364 0.0454545 0.181818 0.0909091 0 0 0 0 0 0 

704 679 493 56 0 0.530191 0 0 0 0 0 0 0 0 0 0 0 0 0 0 0 0.047619 0 0 0 0 0.047619 0.142857 0.047619 0.190476 0.190476 0.238095 0.047619 0.047619 0 0 0 0 0 

640 617 446 56 0 0.583468 0 0 0 0 0 0 0 0 0 0 0 0 0 0 0 0 0 0.0526316 0 0 0.0526316 0.105263 0 0.421053 0.157895 0.105263 0.105263 0 0 0 0 0 0 

512 505 382 56 0 0.712871 0 0 0 0 0 0 0 0 0 0 0 0 0 0 0 0 0 0 0 0 0 0 0.133333 0.333333 0.266667 0.2 0 0.0666667 0 0 0 0 0 

640 618 452 56 0 0.582524 0 0 0 0 0 0 0 0 0 0 0 0 0 0 0 0 0 0 0 0.0526316 0 0.105263 0.210526 0.105263 0.315789 0.105263 0.0526316 0.0526316 0 0 0 0 0 

640 617 454 56 0 0.583468 0 0 0 0 0 0 0 0 0 0 0 0 0 0 0 0 0 0 0 0 0 0.0526316 0.210526 0.315789 0.210526 0.105263 0.105263 0 0 0 0 0 0 

704 679 492 56 0 0.530191 0 0 0 0 0 0 0 0 0 0 0 0 0 0 0 0 0 0 0.047619 0 0.0952381 0.0952381 0.190476 0 0.238095 0.238095 0.0952381 0 0 0 0 0 0 

640 618 443 56 0 0.582524 0 0 0 0 0 0 0 0 0 0 0 0 0 0 0 0 0 0 0.0526316 0 0.0526316 0.105263 0.157895 0.263158 0.210526 0.105263 0.0526316 0 0 0 0 0 0 

