1280 1251 907 84 0 0.639488 0 0 0 0 0 0 0 0 0 0 0 0 0 0 0 0 0 0 0 0 0.025641 0.153846 0.179487 0.230769 0.179487 0.153846 0.0512821 0.025641 0 0 0 0 0 

1248 1220 890 84 0 0.655738 0 0 0 0 0 0 0 0 0 0 0 0 0 0 0 0 0 0 0 0 0 0.105263 0.157895 0.315789 0.184211 0.210526 0.0263158 0 0 0 0 0 0 

1280 1252 921 84 0 0.638978 0 0 0 0 0 0 0 0 0 0 0 0 0 0 0 0 0 0 0 0 0.025641 0.0512821 0.102564 0.25641 0.358974 0.179487 0.025641 0 0 0 0 0 0 

1248 1219 887 84 0 0.656276 0 0 0 0 0 0 0 0 0 0 0 0 0 0 0 0 0 0.0263158 0 0.0263158 0 0.105263 0.157895 0.210526 0.210526 0.131579 0.105263 0.0263158 0 0 0 0 0 

1216 1192 871 84 0 0.671141 0 0 0 0 0 0 0 0 0 0 0 0 0 0 0 0 0 0 0.027027 0.027027 0.0540541 0.0810811 0.108108 0.243243 0.135135 0.189189 0.0810811 0.027027 0.027027 0 0 0 0 

1280 1252 913 84 0 0.638978 0 0 0 0 0 0 0 0 0 0 0 0 0 0 0 0 0 0 0 0 0.025641 0.0512821 0.205128 0.25641 0.307692 0.102564 0.025641 0.025641 0 0 0 0 0 

1216 1194 858 84 0 0.670017 0 0 0 0 0 0 0 0 0 0 0 0 0 0 0 0.027027 0 0 0 0.0540541 0 0.0540541 0.216216 0.27027 0.189189 0.108108 0.0540541 0.027027 0 0 0 0 0 

1280 1252 900 84 0 0.638978 0 0 0 0 0 0 0 0 0 0 0 0 0 0 0 0 0 0 0 0 0.0769231 0.0769231 0.205128 0.179487 0.384615 0.0512821 0.025641 0 0 0 0 0 0 

1248 1219 891 84 0 0.656276 0 0 0 0 0 0 0 0 0 0 0 0 0 0 0 0 0 0 0 0.0263158 0.0526316 0.105263 0.105263 0.236842 0.157895 0.157895 0.157895 0 0 0 0 0 0 

1216 1194 890 84 0 0.670017 0 0 0 0 0 0 0 0 0 0 0 0 0 0 0 0 0 0 0 0.027027 0 0.0810811 0.0810811 0.243243 0.162162 0.243243 0.162162 0 0 0 0 0 0 

1312 1296 928 84 0 0.617284 0 0 0 0 0 0 0 0 0 0 0 0 0 0 0 0 0 0 0 0 0.125 0.1 0.15 0.275 0.225 0.075 0.05 0 0 0 0 0 0 

1280 1252 922 84 0 0.638978 0 0 0 0 0 0 0 0 0 0 0 0 0 0 0 0 0 0 0.025641 0 0 0.0512821 0.128205 0.307692 0.205128 0.153846 0.128205 0 0 0 0 0 0 

1216 1194 873 84 0 0.670017 0 0 0 0 0 0 0 0 0 0 0 0 0 0 0 0 0 0 0 0 0.0810811 0.027027 0.216216 0.243243 0.189189 0.135135 0.0540541 0.0540541 0 0 0 0 0 

1248 1219 904 84 0 0.656276 0 0 0 0 0 0 0 0 0 0 0 0 0 0 0 0 0 0 0 0 0.0526316 0.0789474 0.105263 0.210526 0.236842 0.157895 0.0789474 0.0526316 0.0263158 0 0 0 0 

1248 1219 895 84 0 0.656276 0 0 0 0 0 0 0 0 0 0 0 0 0 0 0 0 0 0.0263158 0 0 0 0.105263 0.105263 0.289474 0.184211 0.131579 0.131579 0.0263158 0 0 0 0 0 

1248 1220 867 84 0 0.655738 0 0 0 0 0 0 0 0 0 0 0 0 0 0 0 0 0 0 0.0263158 0 0 0.157895 0.210526 0.368421 0.131579 0.0789474 0.0263158 0 0 0 0 0 0 

1216 1194 865 84 0 0.670017 0 0 0 0 0 0 0 0 0 0 0 0 0 0 0 0 0 0 0 0 0.027027 0.162162 0.189189 0.189189 0.27027 0.0810811 0.0540541 0.027027 0 0 0 0 0 

