416 395 291 37 0 0.405063 0 0 0 0 0 0 0 0 0 0 0 0 0 0 0 0 0 0 0 0 0.0833333 0.0833333 0 0.333333 0.333333 0.0833333 0.0833333 0 0 0 0 0 0 

384 367 262 37 0 0.435967 0 0 0 0 0 0 0 0 0 0 0 0 0 0 0 0 0 0 0 0.0909091 0 0.181818 0.0909091 0.454545 0.0909091 0.0909091 0 0 0 0 0 0 0 

352 345 257 37 0 0.463768 0 0 0 0 0 0 0 0 0 0 0 0 0 0 0 0 0 0 0 0.1 0 0 0.3 0.2 0.1 0.2 0 0.1 0 0 0 0 0 

384 367 272 37 0 0.435967 0 0 0 0 0 0 0 0 0 0 0 0 0 0 0 0 0 0 0 0 0 0.0909091 0.0909091 0.363636 0.272727 0.181818 0 0 0 0 0 0 0 

416 401 292 37 0 0.399002 0 0 0 0 0 0 0 0 0 0 0 0 0 0 0 0 0 0 0 0.166667 0 0 0.0833333 0.166667 0.5 0.0833333 0 0 0 0 0 0 0 

544 532 386 37 0 0.300752 0 0 0 0 0 0 0 0 0 0 0 0 0 0 0 0 0 0 0 0 0.0625 0.125 0.1875 0.25 0.25 0.125 0 0 0 0 0 0 0 

448 437 315 37 0 0.366133 0 0 0 0 0 0 0 0 0 0 0 0 0 0 0 0 0 0.0769231 0 0 0.0769231 0.0769231 0.153846 0.153846 0.307692 0.153846 0 0 0 0 0 0 0 

480 461 333 37 0 0.347072 0 0 0 0 0 0 0 0 0 0 0 0 0 0 0 0 0 0 0 0.0714286 0 0 0.285714 0.285714 0.285714 0.0714286 0 0 0 0 0 0 0 

224 206 160 31 0 0.776699 0 0 0 0 0 0 0 0 0 0 0 0 0 0 0 0 0 0 0 0 0 0 0 0.166667 0.5 0.166667 0.166667 0 0 0 0 0 0 

256 244 185 37 0 0.655738 0 0 0 0 0 0 0 0 0 0 0 0 0 0 0 0 0 0 0 0 0 0.142857 0 0.285714 0.285714 0.285714 0 0 0 0 0 0 0 

288 266 192 37 0 0.601504 0 0 0 0 0 0 0 0 0 0 0 0 0 0 0 0 0 0 0 0 0 0.125 0.25 0.375 0.25 0 0 0 0 0 0 0 0 

288 271 195 37 0 0.590406 0 0 0 0 0 0 0 0 0 0 0 0 0 0 0 0 0 0 0 0 0.125 0.125 0.375 0.125 0.125 0 0.125 0 0 0 0 0 0 

224 215 160 30 0 0.744186 0 0 0 0 0 0 0 0 0 0 0 0 0 0 0 0 0 0 0 0 0.166667 0.166667 0 0.166667 0.333333 0.166667 0 0 0 0 0 0 0 

224 213 160 23 0 0.751174 0 0 0 0 0 0 0 0 0 0 0 0 0 0 0 0 0 0 0 0 0 0.166667 0.166667 0.166667 0.333333 0.166667 0 0 0 0 0 0 0 

256 240 176 37 0 0.666667 0 0 0 0 0 0 0 0 0 0 0 0 0 0 0 0 0 0 0 0 0 0.142857 0.285714 0.285714 0.142857 0.142857 0 0 0 0 0 0 0 

256 241 177 37 0 0.6639 0 0 0 0 0 0 0 0 0 0 0 0 0 0 0 0 0 0 0 0.142857 0 0 0.142857 0.142857 0.571429 0 0 0 0 0 0 0 0 

352 328 244 37 0 0.487805 0 0 0 0 0 0 0 0 0 0 0 0 0 0 0 0 0 0 0 0 0 0 0.2 0.3 0.2 0.3 0 0 0 0 0 0 0 

416 393 297 37 0 0.407125 0 0 0 0 0 0 0 0 0 0 0 0 0 0 0 0 0 0 0 0 0 0 0.25 0.0833333 0.416667 0 0.166667 0.0833333 0 0 0 0 0 

384 358 263 37 0 0.446927 0 0 0 0 0 0 0 0 0 0 0 0 0 0 0 0 0 0 0 0 0.0909091 0.0909091 0 0.272727 0.272727 0.272727 0 0 0 0 0 0 0 

416 396 288 37 0 0.40404 0 0 0 0 0 0 0 0 0 0 0 0 0 0 0 0 0 0 0 0 0.0833333 0.166667 0.166667 0.166667 0.166667 0.166667 0.0833333 0 0 0 0 0 0 

416 396 289 37 0 0.40404 0 0 0 0 0 0 0 0 0 0 0 0 0 0 0 0 0 0 0 0.0833333 0 0.0833333 0.166667 0.25 0.25 0.0833333 0 0.0833333 0 0 0 0 0 

416 391 294 37 0 0.409207 0 0 0 0 0 0 0 0 0 0 0 0 0 0 0 0 0 0 0 0 0 0.0833333 0 0.333333 0.25 0.166667 0.166667 0 0 0 0 0 0 

320 305 232 37 0 0.52459 0 0 0 0 0 0 0 0 0 0 0 0 0 0 0 0 0 0 0 0 0 0.111111 0.111111 0.111111 0.222222 0.333333 0.111111 0 0 0 0 0 0 

320 302 227 37 0 0.529801 0 0 0 0 0 0 0 0 0 0 0 0 0 0 0 0 0 0 0 0 0 0 0.111111 0.222222 0.555556 0.111111 0 0 0 0 0 0 0 

352 344 256 37 0 0.465116 0 0 0 0 0 0 0 0 0 0 0 0 0 0 0 0 0 0 0 0 0.1 0.1 0.1 0.4 0 0.1 0.2 0 0 0 0 0 0 

416 406 290 37 0 0.394089 0 0 0 0 0 0 0 0 0 0 0 0 0 0 0 0 0 0 0 0.0833333 0.166667 0 0.25 0.166667 0.25 0.0833333 0 0 0 0 0 0 0 

448 435 312 37 0 0.367816 0 0 0 0 0 0 0 0 0 0 0 0 0 0 0 0 0 0.0769231 0 0 0 0.230769 0.0769231 0.307692 0.230769 0 0 0.0769231 0 0 0 0 0 

224 210 160 33 0 0.761905 0 0 0 0 0 0 0 0 0 0 0 0 0 0 0 0 0 0 0 0 0 0 0.333333 0.166667 0 0.5 0 0 0 0 0 0 0 

288 265 193 37 0 0.603774 0 0 0 0 0 0 0 0 0 0 0 0 0 0 0 0 0 0 0 0 0.375 0 0 0.125 0.25 0 0.125 0.125 0 0 0 0 0 

416 401 296 37 0 0.399002 0 0 0 0 0 0 0 0 0 0 0 0 0 0 0 0 0 0 0 0 0 0.166667 0.25 0.0833333 0.333333 0.0833333 0 0.0833333 0 0 0 0 0 

288 265 183 37 0 0.603774 0 0 0 0 0 0 0 0 0 0 0 0 0 0 0 0 0 0 0 0.125 0 0.25 0.25 0.375 0 0 0 0 0 0 0 0 0 

416 403 285 37 0 0.397022 0 0 0 0 0 0 0 0 0 0 0 0 0 0 0 0 0 0 0 0 0.0833333 0.25 0.333333 0.166667 0.0833333 0.0833333 0 0 0 0 0 0 0 

320 299 218 37 0 0.535117 0 0 0 0 0 0 0 0 0 0 0 0 0 0 0 0 0 0 0 0 0 0 0.555556 0.222222 0 0.111111 0.111111 0 0 0 0 0 0 

288 262 192 37 0 0.610687 0 0 0 0 0 0 0 0 0 0 0 0 0 0 0 0 0 0 0 0 0.125 0.125 0 0.25 0.25 0.125 0.125 0 0 0 0 0 0 

320 308 228 37 0 0.519481 0 0 0 0 0 0 0 0 0 0 0 0 0 0 0 0 0 0 0 0 0 0.222222 0.222222 0 0.333333 0.222222 0 0 0 0 0 0 0 

352 340 254 37 0 0.470588 0 0 0 0 0 0 0 0 0 0 0 0 0 0 0 0 0 0 0 0 0 0.2 0.1 0.1 0.3 0.3 0 0 0 0 0 0 0 

416 390 283 37 0 0.410256 0 0 0 0 0 0 0 0 0 0 0 0 0 0 0 0 0 0 0 0 0.0833333 0.0833333 0.166667 0.25 0.25 0.0833333 0.0833333 0 0 0 0 0 0 

288 275 209 37 0 0.581818 0 0 0 0 0 0 0 0 0 0 0 0 0 0 0 0 0 0 0 0 0 0.125 0.125 0.125 0.25 0.25 0.125 0 0 0 0 0 0 

288 263 191 37 0 0.608365 0 0 0 0 0 0 0 0 0 0 0 0 0 0 0 0 0 0 0 0 0.125 0 0.125 0.5 0.125 0 0.125 0 0 0 0 0 0 

320 293 220 37 0 0.546075 0 0 0 0 0 0 0 0 0 0 0 0 0 0 0 0 0 0 0 0 0 0.111111 0 0.444444 0.111111 0 0.333333 0 0 0 0 0 0 

352 336 252 37 0 0.47619 0 0 0 0 0 0 0 0 0 0 0 0 0 0 0 0 0 0 0 0 0 0 0.3 0.2 0.1 0.4 0 0 0 0 0 0 0 

320 293 214 37 0 0.546075 0 0 0 0 0 0 0 0 0 0 0 0 0 0 0 0 0 0 0 0 0 0.222222 0.111111 0.222222 0.111111 0.333333 0 0 0 0 0 0 0 

352 328 255 37 0 0.487805 0 0 0 0 0 0 0 0 0 0 0 0 0 0 0 0 0 0 0 0 0 0 0.2 0 0.3 0 0.4 0.1 0 0 0 0 0 

224 209 160 31 0 0.76555 0 0 0 0 0 0 0 0 0 0 0 0 0 0 0 0 0 0 0 0 0 0 0 0.5 0.166667 0.333333 0 0 0 0 0 0 0 

352 345 258 37 0 0.463768 0 0 0 0 0 0 0 0 0 0 0 0 0 0 0 0 0 0 0 0 0 0 0.3 0.3 0.2 0.2 0 0 0 0 0 0 0 

288 273 194 37 0 0.586081 0 0 0 0 0 0 0 0 0 0 0 0 0 0 0 0 0 0 0 0.125 0 0.25 0.25 0.25 0 0 0.125 0 0 0 0 0 0 

288 273 206 37 0 0.586081 0 0 0 0 0 0 0 0 0 0 0 0 0 0 0 0 0 0 0 0 0 0 0.125 0.375 0.25 0.25 0 0 0 0 0 0 0 

416 398 283 37 0 0.40201 0 0 0 0 0 0 0 0 0 0 0 0 0 0 0 0 0 0.0833333 0 0 0.166667 0.0833333 0.166667 0.0833333 0.166667 0.166667 0.0833333 0 0 0 0 0 0 

288 265 190 37 0 0.603774 0 0 0 0 0 0 0 0 0 0 0 0 0 0 0 0 0 0 0 0.125 0 0.25 0.125 0.125 0.125 0.125 0.125 0 0 0 0 0 0 

256 226 170 37 0 0.707965 0 0 0 0 0 0 0 0 0 0 0 0 0 0 0 0 0 0 0 0 0 0 0 0.428571 0.142857 0.428571 0 0 0 0 0 0 0 

352 326 247 37 0 0.490798 0 0 0 0 0 0 0 0 0 0 0 0 0 0 0 0 0 0 0 0 0 0 0.1 0.2 0.4 0.2 0 0.1 0 0 0 0 0 

384 358 256 37 0 0.446927 0 0 0 0 0 0 0 0 0 0 0 0 0 0 0 0 0 0 0 0 0.0909091 0.181818 0 0.454545 0.181818 0.0909091 0 0 0 0 0 0 0 

320 305 232 37 0 0.52459 0 0 0 0 0 0 0 0 0 0 0 0 0 0 0 0 0 0 0 0 0 0.111111 0.222222 0 0 0.666667 0 0 0 0 0 0 0 

320 292 216 37 0 0.547945 0 0 0 0 0 0 0 0 0 0 0 0 0 0 0 0 0 0 0.111111 0 0 0 0 0.333333 0.222222 0.111111 0.222222 0 0 0 0 0 0 

320 296 214 37 0 0.540541 0 0 0 0 0 0 0 0 0 0 0 0 0 0 0 0 0 0 0 0 0 0.111111 0.111111 0.555556 0.222222 0 0 0 0 0 0 0 0 

320 302 221 37 0 0.529801 0 0 0 0 0 0 0 0 0 0 0 0 0 0 0 0 0 0 0 0 0 0.333333 0.111111 0.222222 0.111111 0.111111 0 0.111111 0 0 0 0 0 

288 275 205 37 0 0.581818 0 0 0 0 0 0 0 0 0 0 0 0 0 0 0 0 0 0 0 0 0 0.25 0 0.25 0.25 0.25 0 0 0 0 0 0 0 

512 499 364 37 0 0.320641 0 0 0 0 0 0 0 0 0 0 0 0 0 0 0 0 0 0 0 0 0.0666667 0.0666667 0.2 0.266667 0.266667 0.133333 0 0 0 0 0 0 0 

320 306 233 37 0 0.522876 0 0 0 0 0 0 0 0 0 0 0 0 0 0 0 0 0 0 0 0 0 0 0.111111 0.333333 0.222222 0.222222 0.111111 0 0 0 0 0 0 

576 560 411 37 0 0.285714 0 0 0 0 0 0 0 0 0 0 0 0 0 0 0 0 0 0 0 0 0 0.0588235 0.117647 0.470588 0.235294 0.117647 0 0 0 0 0 0 0 

416 402 296 37 0 0.39801 0 0 0 0 0 0 0 0 0 0 0 0 0 0 0 0 0 0 0 0 0.0833333 0.166667 0.0833333 0.166667 0.25 0.166667 0.0833333 0 0 0 0 0 0 

576 563 422 37 0 0.284192 0 0 0 0 0 0 0 0 0 0 0 0 0 0 0 0 0 0 0 0 0.0588235 0.0588235 0.117647 0.294118 0.117647 0.176471 0.0588235 0.117647 0 0 0 0 0 

352 328 246 37 0 0.487805 0 0 0 0 0 0 0 0 0 0 0 0 0 0 0 0 0 0 0 0 0 0.1 0.2 0.2 0 0.3 0.2 0 0 0 0 0 0 

480 472 336 37 0 0.338983 0 0 0 0 0 0 0 0 0 0 0 0 0 0 0 0 0.0714286 0 0 0 0 0.285714 0.0714286 0.285714 0.214286 0 0.0714286 0 0 0 0 0 0 

544 535 392 37 0 0.299065 0 0 0 0 0 0 0 0 0 0 0 0 0 0 0 0 0 0 0 0.0625 0.0625 0.125 0.0625 0.125 0.375 0.125 0.0625 0 0 0 0 0 0 

448 431 315 37 0 0.37123 0 0 0 0 0 0 0 0 0 0 0 0 0 0 0 0 0 0 0 0 0 0 0.307692 0.384615 0.230769 0.0769231 0 0 0 0 0 0 0 

480 464 334 37 0 0.344828 0 0 0 0 0 0 0 0 0 0 0 0 0 0 0 0 0.0714286 0 0 0 0 0.0714286 0.285714 0.214286 0.214286 0 0.142857 0 0 0 0 0 0 

224 217 170 37 0 0.737327 0 0 0 0 0 0 0 0 0 0 0 0 0 0 0 0 0 0 0 0 0 0 0.166667 0.166667 0.166667 0.333333 0.166667 0 0 0 0 0 0 

320 305 225 37 0 0.52459 0 0 0 0 0 0 0 0 0 0 0 0 0 0 0 0 0 0 0 0 0 0.111111 0.222222 0.333333 0.111111 0.222222 0 0 0 0 0 0 0 

384 372 272 37 0 0.430108 0 0 0 0 0 0 0 0 0 0 0 0 0 0 0 0 0 0 0 0 0 0.0909091 0.272727 0.363636 0.181818 0.0909091 0 0 0 0 0 0 0 

288 280 211 37 0 0.571429 0 0 0 0 0 0 0 0 0 0 0 0 0 0 0 0 0 0 0 0.125 0.125 0 0 0.125 0.25 0.125 0.25 0 0 0 0 0 0 

608 586 431 37 0 0.273038 0 0 0 0 0 0 0 0 0 0 0 0 0 0 0 0 0 0 0.0555556 0 0 0.111111 0.0555556 0.333333 0.111111 0.166667 0.166667 0 0 0 0 0 0 

224 212 160 27 0 0.754717 0 0 0 0 0 0 0 0 0 0 0 0 0 0 0 0 0 0 0 0 0 0.166667 0 0.166667 0.666667 0 0 0 0 0 0 0 0 

224 206 160 29 0 0.776699 0 0 0 0 0 0 0 0 0 0 0 0 0 0 0 0 0 0 0 0 0 0 0 0.333333 0.333333 0.166667 0 0.166667 0 0 0 0 0 

224 210 160 28 0 0.761905 0 0 0 0 0 0 0 0 0 0 0 0 0 0 0 0 0 0 0 0 0 0.166667 0.166667 0.166667 0.166667 0.166667 0 0.166667 0 0 0 0 0 

256 240 181 37 0 0.666667 0 0 0 0 0 0 0 0 0 0 0 0 0 0 0 0 0 0 0 0 0 0 0.285714 0.285714 0.142857 0.142857 0.142857 0 0 0 0 0 0 

288 262 181 37 0 0.610687 0 0 0 0 0 0 0 0 0 0 0 0 0 0 0 0 0 0 0 0.125 0.125 0.25 0.125 0.125 0.125 0.125 0 0 0 0 0 0 0 

224 212 161 34 0 0.754717 0 0 0 0 0 0 0 0 0 0 0 0 0 0 0 0 0 0 0 0 0 0.166667 0.166667 0.166667 0.166667 0.166667 0.166667 0 0 0 0 0 0 

224 208 160 30 0 0.769231 0 0 0 0 0 0 0 0 0 0 0 0 0 0 0 0 0 0 0 0 0 0 0 0.5 0 0.5 0 0 0 0 0 0 0 

288 274 204 37 0 0.583942 0 0 0 0 0 0 0 0 0 0 0 0 0 0 0 0 0 0 0 0 0 0 0.25 0.375 0.25 0.125 0 0 0 0 0 0 0 

256 235 180 37 0 0.680851 0 0 0 0 0 0 0 0 0 0 0 0 0 0 0 0 0 0 0 0 0 0 0 0.142857 0.571429 0.285714 0 0 0 0 0 0 0 

288 270 201 37 0 0.592593 0 0 0 0 0 0 0 0 0 0 0 0 0 0 0 0 0 0 0 0 0 0.25 0 0.125 0.375 0.25 0 0 0 0 0 0 0 

256 240 176 34 0 0.666667 0 0 0 0 0 0 0 0 0 0 0 0 0 0 0 0 0 0 0 0.142857 0 0.142857 0.142857 0 0.285714 0.285714 0 0 0 0 0 0 0 

224 214 160 31 0 0.747664 0 0 0 0 0 0 0 0 0 0 0 0 0 0 0 0 0 0 0 0 0 0.166667 0.333333 0.166667 0 0.333333 0 0 0 0 0 0 0 

224 216 164 37 0 0.740741 0 0 0 0 0 0 0 0 0 0 0 0 0 0 0 0 0 0 0 0 0 0 0.5 0 0.333333 0 0.166667 0 0 0 0 0 0 

256 245 184 37 0 0.653061 0 0 0 0 0 0 0 0 0 0 0 0 0 0 0 0 0 0 0 0 0 0.142857 0 0.428571 0.285714 0.142857 0 0 0 0 0 0 0 

256 227 160 34 0 0.704846 0 0 0 0 0 0 0 0 0 0 0 0 0 0 0 0 0 0 0.142857 0.142857 0 0.142857 0 0.142857 0.142857 0 0.285714 0 0 0 0 0 0 

288 267 199 37 0 0.599251 0 0 0 0 0 0 0 0 0 0 0 0 0 0 0 0 0 0 0 0 0.125 0 0 0.375 0.25 0.125 0.125 0 0 0 0 0 0 

256 226 160 30 0 0.707965 0 0 0 0 0 0 0 0 0 0 0 0 0 0 0 0 0 0 0.142857 0 0 0 0.142857 0.428571 0.142857 0.142857 0 0 0 0 0 0 0 

256 226 169 29 0 0.707965 0 0 0 0 0 0 0 0 0 0 0 0 0 0 0 0 0 0 0 0 0 0.142857 0 0.428571 0.142857 0 0.142857 0.142857 0 0 0 0 0 

288 265 207 37 0 0.603774 0 0 0 0 0 0 0 0 0 0 0 0 0 0 0 0 0 0 0 0 0 0 0.125 0 0.25 0.375 0.125 0.125 0 0 0 0 0 

256 225 160 30 0 0.711111 0 0 0 0 0 0 0 0 0 0 0 0 0 0 0 0 0 0 0 0 0 0.285714 0.142857 0.285714 0.142857 0.142857 0 0 0 0 0 0 0 

224 209 160 33 0 0.76555 0 0 0 0 0 0 0 0 0 0 0 0 0 0 0 0 0 0 0 0 0 0 0.333333 0 0.333333 0.166667 0.166667 0 0 0 0 0 0 

224 212 160 36 0 0.754717 0 0 0 0 0 0 0 0 0 0 0 0 0 0 0 0 0 0 0 0.166667 0 0.166667 0 0.166667 0 0.166667 0.166667 0.166667 0 0 0 0 0 

288 261 195 37 0 0.613027 0 0 0 0 0 0 0 0 0 0 0 0 0 0 0 0 0 0 0 0 0 0.125 0.125 0.25 0.25 0.125 0 0 0.125 0 0 0 0 

256 228 167 37 0 0.701754 0 0 0 0 0 0 0 0 0 0 0 0 0 0 0 0 0 0 0 0.142857 0 0 0 0.285714 0.285714 0.285714 0 0 0 0 0 0 0 

320 296 226 37 0 0.540541 0 0 0 0 0 0 0 0 0 0 0 0 0 0 0 0 0 0 0 0 0 0 0.111111 0.222222 0.222222 0.222222 0.222222 0 0 0 0 0 0 

320 292 217 37 0 0.547945 0 0 0 0 0 0 0 0 0 0 0 0 0 0 0 0 0 0 0 0 0 0.222222 0.111111 0.111111 0.222222 0 0.333333 0 0 0 0 0 0 

288 265 197 37 0 0.603774 0 0 0 0 0 0 0 0 0 0 0 0 0 0 0 0 0 0 0 0 0.125 0.125 0.125 0.125 0.25 0 0.125 0 0.125 0 0 0 0 

256 234 175 37 0 0.683761 0 0 0 0 0 0 0 0 0 0 0 0 0 0 0 0 0 0 0 0 0 0.142857 0.142857 0.285714 0 0.285714 0.142857 0 0 0 0 0 0 

