416 395 291 37 0 0.405063 0 0 0 0 0 0 0 0 0 0 0 0 0 0 0 0 0 0 0 0 0 0.0833333 0.0833333 0.5 0.0833333 0.25 0 0 0 0 0 0 0 

416 395 293 37 0 0.405063 0 0 0 0 0 0 0 0 0 0 0 0 0 0 0 0 0 0 0 0 0.0833333 0.0833333 0.0833333 0.25 0.0833333 0.333333 0.0833333 0 0 0 0 0 0 

416 395 287 37 0 0.405063 0 0 0 0 0 0 0 0 0 0 0 0 0 0 0 0 0 0 0 0 0.0833333 0.166667 0.166667 0.166667 0.166667 0.166667 0.0833333 0 0 0 0 0 0 

416 395 289 37 0 0.405063 0 0 0 0 0 0 0 0 0 0 0 0 0 0 0 0 0 0 0 0 0.166667 0 0.0833333 0.166667 0.416667 0.166667 0 0 0 0 0 0 0 

416 395 308 37 0 0.405063 0 0 0 0 0 0 0 0 0 0 0 0 0 0 0 0 0 0 0 0 0 0 0 0.166667 0.166667 0.416667 0.25 0 0 0 0 0 0 

416 395 296 37 0 0.405063 0 0 0 0 0 0 0 0 0 0 0 0 0 0 0 0 0 0 0 0 0.0833333 0 0 0.25 0.333333 0.333333 0 0 0 0 0 0 0 

416 395 293 37 0 0.405063 0 0 0 0 0 0 0 0 0 0 0 0 0 0 0 0 0 0 0 0 0 0 0.166667 0.333333 0.333333 0.166667 0 0 0 0 0 0 0 

416 395 289 37 0 0.405063 0 0 0 0 0 0 0 0 0 0 0 0 0 0 0 0 0 0 0 0 0 0.166667 0.166667 0.333333 0.0833333 0.166667 0.0833333 0 0 0 0 0 0 

416 395 299 37 0 0.405063 0 0 0 0 0 0 0 0 0 0 0 0 0 0 0 0 0 0 0 0 0 0 0.0833333 0.25 0.333333 0.25 0.0833333 0 0 0 0 0 0 

416 395 287 37 0 0.405063 0 0 0 0 0 0 0 0 0 0 0 0 0 0 0 0 0 0 0 0.166667 0 0.0833333 0.0833333 0.25 0.166667 0.0833333 0.0833333 0.0833333 0 0 0 0 0 

416 395 289 37 0 0.405063 0 0 0 0 0 0 0 0 0 0 0 0 0 0 0 0 0 0 0 0 0.0833333 0 0.25 0.166667 0.333333 0.166667 0 0 0 0 0 0 0 

416 395 304 37 0 0.405063 0 0 0 0 0 0 0 0 0 0 0 0 0 0 0 0 0 0 0 0 0 0 0.0833333 0.166667 0.25 0.25 0.25 0 0 0 0 0 0 

416 395 296 37 0 0.405063 0 0 0 0 0 0 0 0 0 0 0 0 0 0 0 0 0 0 0 0 0 0 0.166667 0.333333 0.25 0.0833333 0.166667 0 0 0 0 0 0 

416 395 291 37 0 0.405063 0 0 0 0 0 0 0 0 0 0 0 0 0 0 0 0 0 0 0 0 0.0833333 0.0833333 0.166667 0.0833333 0.333333 0.166667 0.0833333 0 0 0 0 0 0 

672 659 476 37 0 0.242792 0 0 0 0 0 0 0 0 0 0 0 0 0 0 0 0 0 0 0.05 0.05 0 0.15 0.2 0.15 0.1 0.2 0.1 0 0 0 0 0 0 

416 395 285 37 0 0.405063 0 0 0 0 0 0 0 0 0 0 0 0 0 0 0 0 0 0 0.0833333 0 0 0 0.25 0.25 0.333333 0.0833333 0 0 0 0 0 0 0 

416 395 297 37 0 0.405063 0 0 0 0 0 0 0 0 0 0 0 0 0 0 0 0 0 0 0 0 0 0 0.25 0.166667 0.333333 0.166667 0 0 0.0833333 0 0 0 0 

416 395 274 37 0 0.405063 0 0 0 0 0 0 0 0 0 0 0 0 0 0 0 0 0 0 0 0.166667 0.0833333 0 0.5 0 0.166667 0.0833333 0 0 0 0 0 0 0 

416 395 291 37 0 0.405063 0 0 0 0 0 0 0 0 0 0 0 0 0 0 0 0 0 0 0 0 0 0.166667 0.166667 0.25 0.0833333 0.25 0.0833333 0 0 0 0 0 0 

416 395 300 37 0 0.405063 0 0 0 0 0 0 0 0 0 0 0 0 0 0 0 0 0 0 0 0 0 0.0833333 0 0.333333 0.25 0.0833333 0.166667 0.0833333 0 0 0 0 0 

416 395 290 37 0 0.405063 0 0 0 0 0 0 0 0 0 0 0 0 0 0 0 0 0 0 0 0 0 0.0833333 0.25 0.25 0.25 0.0833333 0.0833333 0 0 0 0 0 0 

576 569 404 37 0 0.281195 0 0 0 0 0 0 0 0 0 0 0 0 0 0 0 0 0 0 0 0.0588235 0 0.294118 0.294118 0.176471 0 0.117647 0.0588235 0 0 0 0 0 0 

416 395 283 37 0 0.405063 0 0 0 0 0 0 0 0 0 0 0 0 0 0 0 0 0 0 0 0 0.0833333 0.0833333 0.25 0.333333 0.166667 0.0833333 0 0 0 0 0 0 0 

416 395 291 37 0 0.405063 0 0 0 0 0 0 0 0 0 0 0 0 0 0 0 0 0 0 0 0.166667 0 0 0.0833333 0.166667 0.25 0.25 0 0.0833333 0 0 0 0 0 

416 395 291 37 0 0.405063 0 0 0 0 0 0 0 0 0 0 0 0 0 0 0 0 0 0 0 0.0833333 0 0 0.166667 0.25 0.25 0.166667 0.0833333 0 0 0 0 0 0 

416 395 288 37 0 0.405063 0 0 0 0 0 0 0 0 0 0 0 0 0 0 0 0 0 0 0 0 0 0 0.333333 0.333333 0.25 0.0833333 0 0 0 0 0 0 0 

416 395 293 37 0 0.405063 0 0 0 0 0 0 0 0 0 0 0 0 0 0 0 0 0 0 0 0 0.0833333 0 0 0.416667 0.333333 0.0833333 0.0833333 0 0 0 0 0 0 

416 395 289 37 0 0.405063 0 0 0 0 0 0 0 0 0 0 0 0 0 0 0 0 0 0 0 0 0.0833333 0 0.25 0.25 0.166667 0.25 0 0 0 0 0 0 0 

608 592 425 37 0 0.27027 0 0 0 0 0 0 0 0 0 0 0 0 0 0 0 0 0 0 0 0 0.0555556 0.222222 0.111111 0.333333 0.166667 0.0555556 0.0555556 0 0 0 0 0 0 

416 395 292 37 0 0.405063 0 0 0 0 0 0 0 0 0 0 0 0 0 0 0 0 0 0 0 0.0833333 0.0833333 0 0 0.25 0.25 0.25 0.0833333 0 0 0 0 0 0 

416 395 278 37 0 0.405063 0 0 0 0 0 0 0 0 0 0 0 0 0 0 0 0 0 0 0.0833333 0 0.0833333 0.0833333 0.416667 0.0833333 0 0.25 0 0 0 0 0 0 0 

416 395 288 37 0 0.405063 0 0 0 0 0 0 0 0 0 0 0 0 0 0 0 0 0 0 0 0 0 0.25 0.166667 0.0833333 0.333333 0.0833333 0.0833333 0 0 0 0 0 0 

416 395 290 37 0 0.405063 0 0 0 0 0 0 0 0 0 0 0 0 0 0 0 0 0 0 0 0 0 0.0833333 0.25 0.25 0.25 0.0833333 0.0833333 0 0 0 0 0 0 

608 592 433 37 0 0.27027 0 0 0 0 0 0 0 0 0 0 0 0 0 0 0 0 0 0 0 0 0 0.0555556 0.222222 0.333333 0.277778 0.111111 0 0 0 0 0 0 0 

416 395 286 37 0 0.405063 0 0 0 0 0 0 0 0 0 0 0 0 0 0 0 0 0 0 0 0 0.0833333 0 0.25 0.416667 0.0833333 0.166667 0 0 0 0 0 0 0 

416 395 292 37 0 0.405063 0 0 0 0 0 0 0 0 0 0 0 0 0 0 0 0 0 0 0 0 0.0833333 0.0833333 0.25 0 0.25 0.25 0 0.0833333 0 0 0 0 0 

416 395 296 37 0 0.405063 0 0 0 0 0 0 0 0 0 0 0 0 0 0 0 0 0 0 0 0 0 0 0.0833333 0.333333 0.416667 0.0833333 0.0833333 0 0 0 0 0 0 

416 395 295 37 0 0.405063 0 0 0 0 0 0 0 0 0 0 0 0 0 0 0 0 0 0 0 0 0.0833333 0 0.0833333 0.25 0.333333 0.166667 0 0.0833333 0 0 0 0 0 

416 395 278 37 0 0.405063 0 0 0 0 0 0 0 0 0 0 0 0 0 0 0 0 0 0 0 0 0.0833333 0.25 0.166667 0.333333 0.166667 0 0 0 0 0 0 0 0 

512 504 376 37 0 0.31746 0 0 0 0 0 0 0 0 0 0 0 0 0 0 0 0 0 0 0 0 0.0666667 0.2 0 0.2 0.2 0.133333 0.2 0 0 0 0 0 0 

416 395 294 37 0 0.405063 0 0 0 0 0 0 0 0 0 0 0 0 0 0 0 0 0 0 0 0 0 0.0833333 0.166667 0.25 0.25 0.0833333 0.166667 0 0 0 0 0 0 

416 395 293 37 0 0.405063 0 0 0 0 0 0 0 0 0 0 0 0 0 0 0 0 0 0 0 0 0.0833333 0 0.25 0.166667 0.166667 0.166667 0.166667 0 0 0 0 0 0 

416 395 293 37 0 0.405063 0 0 0 0 0 0 0 0 0 0 0 0 0 0 0 0 0 0 0 0 0 0.166667 0.166667 0.166667 0.0833333 0.333333 0.0833333 0 0 0 0 0 0 

416 395 290 37 0 0.405063 0 0 0 0 0 0 0 0 0 0 0 0 0 0 0 0 0 0 0 0 0.0833333 0 0.0833333 0.416667 0.25 0.166667 0 0 0 0 0 0 0 

416 395 299 37 0 0.405063 0 0 0 0 0 0 0 0 0 0 0 0 0 0 0 0 0 0 0 0 0 0.0833333 0.0833333 0 0.416667 0.416667 0 0 0 0 0 0 0 

512 505 361 37 0 0.316832 0 0 0 0 0 0 0 0 0 0 0 0 0 0 0 0 0 0 0.0666667 0.0666667 0 0.0666667 0.133333 0.466667 0.133333 0.0666667 0 0 0 0 0 0 0 

608 592 433 37 0 0.27027 0 0 0 0 0 0 0 0 0 0 0 0 0 0 0 0 0 0 0 0 0.0555556 0 0.333333 0.166667 0.333333 0 0.111111 0 0 0 0 0 0 

416 395 284 37 0 0.405063 0 0 0 0 0 0 0 0 0 0 0 0 0 0 0 0 0 0 0 0.0833333 0.25 0 0.0833333 0.0833333 0.25 0.166667 0 0.0833333 0 0 0 0 0 

608 592 422 37 0 0.27027 0 0 0 0 0 0 0 0 0 0 0 0 0 0 0 0 0 0 0 0.111111 0 0.166667 0.222222 0.166667 0.111111 0.222222 0 0 0 0 0 0 0 

416 395 290 37 0 0.405063 0 0 0 0 0 0 0 0 0 0 0 0 0 0 0 0 0 0 0 0 0.0833333 0.0833333 0.25 0.0833333 0.166667 0.25 0.0833333 0 0 0 0 0 0 

416 395 291 37 0 0.405063 0 0 0 0 0 0 0 0 0 0 0 0 0 0 0 0 0 0 0 0.0833333 0 0 0.25 0.166667 0.25 0.0833333 0.166667 0 0 0 0 0 0 

416 395 300 37 0 0.405063 0 0 0 0 0 0 0 0 0 0 0 0 0 0 0 0 0 0 0 0 0 0 0.0833333 0.333333 0.25 0.0833333 0.25 0 0 0 0 0 0 

416 395 295 37 0 0.405063 0 0 0 0 0 0 0 0 0 0 0 0 0 0 0 0 0 0 0 0 0.0833333 0.0833333 0.0833333 0.166667 0.25 0.166667 0.0833333 0.0833333 0 0 0 0 0 

416 395 279 37 0 0.405063 0 0 0 0 0 0 0 0 0 0 0 0 0 0 0 0 0 0 0 0 0.0833333 0.25 0.25 0.166667 0.166667 0.0833333 0 0 0 0 0 0 0 

416 395 291 37 0 0.405063 0 0 0 0 0 0 0 0 0 0 0 0 0 0 0 0 0 0 0 0 0 0.333333 0.0833333 0.0833333 0 0.416667 0.0833333 0 0 0 0 0 0 

416 395 286 37 0 0.405063 0 0 0 0 0 0 0 0 0 0 0 0 0 0 0 0 0 0 0 0 0.0833333 0.0833333 0.166667 0.25 0.333333 0.0833333 0 0 0 0 0 0 0 

416 395 292 37 0 0.405063 0 0 0 0 0 0 0 0 0 0 0 0 0 0 0 0 0 0 0 0 0 0.166667 0.0833333 0.25 0.25 0.166667 0.0833333 0 0 0 0 0 0 

416 395 286 37 0 0.405063 0 0 0 0 0 0 0 0 0 0 0 0 0 0 0 0 0 0 0 0 0.0833333 0 0.166667 0.5 0.166667 0.0833333 0 0 0 0 0 0 0 

416 395 293 37 0 0.405063 0 0 0 0 0 0 0 0 0 0 0 0 0 0 0 0 0 0 0 0 0.0833333 0.0833333 0 0.25 0.25 0.333333 0 0 0 0 0 0 0 

416 395 281 37 0 0.405063 0 0 0 0 0 0 0 0 0 0 0 0 0 0 0 0 0 0.0833333 0 0 0 0.0833333 0.166667 0.416667 0.166667 0.0833333 0 0 0 0 0 0 0 

416 395 288 37 0 0.405063 0 0 0 0 0 0 0 0 0 0 0 0 0 0 0 0 0 0 0 0 0 0 0.25 0.5 0.166667 0.0833333 0 0 0 0 0 0 0 

672 661 462 37 0 0.242057 0 0 0 0 0 0 0 0 0 0 0 0 0 0 0 0 0 0 0.05 0.05 0.1 0.2 0.15 0.25 0.05 0.15 0 0 0 0 0 0 0 

608 592 434 37 0 0.27027 0 0 0 0 0 0 0 0 0 0 0 0 0 0 0 0 0 0 0 0.0555556 0.0555556 0.0555556 0.111111 0.222222 0.388889 0 0.0555556 0 0.0555556 0 0 0 0 

416 395 298 37 0 0.405063 0 0 0 0 0 0 0 0 0 0 0 0 0 0 0 0 0 0 0 0 0.0833333 0 0.0833333 0.166667 0.166667 0.416667 0.0833333 0 0 0 0 0 0 

416 395 292 37 0 0.405063 0 0 0 0 0 0 0 0 0 0 0 0 0 0 0 0 0 0 0 0 0.0833333 0.0833333 0.0833333 0.166667 0.333333 0.166667 0.0833333 0 0 0 0 0 0 

416 395 294 37 0 0.405063 0 0 0 0 0 0 0 0 0 0 0 0 0 0 0 0 0 0 0 0.0833333 0 0 0.0833333 0.333333 0.166667 0.25 0 0.0833333 0 0 0 0 0 

672 661 472 37 0 0.242057 0 0 0 0 0 0 0 0 0 0 0 0 0 0 0 0 0 0 0 0 0.15 0.1 0.25 0.3 0.05 0.05 0.1 0 0 0 0 0 0 

416 395 289 37 0 0.405063 0 0 0 0 0 0 0 0 0 0 0 0 0 0 0 0 0 0 0 0 0.0833333 0 0.25 0.25 0.25 0.0833333 0.0833333 0 0 0 0 0 0 

672 661 488 37 0 0.242057 0 0 0 0 0 0 0 0 0 0 0 0 0 0 0 0 0 0 0 0.05 0 0.05 0.25 0.1 0.25 0.25 0.05 0 0 0 0 0 0 

608 592 435 37 0 0.27027 0 0 0 0 0 0 0 0 0 0 0 0 0 0 0 0 0 0 0.0555556 0.0555556 0 0 0.111111 0.222222 0.277778 0.222222 0.0555556 0 0 0 0 0 0 

608 592 412 37 0 0.27027 0 0 0 0 0 0 0 0 0 0 0 0 0 0 0 0 0 0.111111 0.0555556 0 0.0555556 0.0555556 0.166667 0.222222 0.277778 0.0555556 0 0 0 0 0 0 0 

416 395 283 37 0 0.405063 0 0 0 0 0 0 0 0 0 0 0 0 0 0 0 0 0 0 0 0.0833333 0.0833333 0.0833333 0.166667 0.25 0.25 0 0 0.0833333 0 0 0 0 0 

672 662 459 37 0 0.241692 0 0 0 0 0 0 0 0 0 0 0 0 0 0 0 0 0 0.05 0.05 0.1 0.05 0.1 0.2 0.2 0.15 0.1 0 0 0 0 0 0 0 

416 395 291 37 0 0.405063 0 0 0 0 0 0 0 0 0 0 0 0 0 0 0 0 0 0 0 0 0 0.25 0 0.333333 0.0833333 0.25 0.0833333 0 0 0 0 0 0 

416 395 298 37 0 0.405063 0 0 0 0 0 0 0 0 0 0 0 0 0 0 0 0 0 0 0 0 0 0 0.0833333 0.333333 0.333333 0.0833333 0.166667 0 0 0 0 0 0 

416 395 297 37 0 0.405063 0 0 0 0 0 0 0 0 0 0 0 0 0 0 0 0 0 0 0 0 0 0 0.0833333 0.25 0.416667 0.25 0 0 0 0 0 0 0 

608 592 418 37 0 0.27027 0 0 0 0 0 0 0 0 0 0 0 0 0 0 0 0 0 0 0 0.111111 0 0.111111 0.222222 0.333333 0.222222 0 0 0 0 0 0 0 0 

416 395 286 37 0 0.405063 0 0 0 0 0 0 0 0 0 0 0 0 0 0 0 0 0 0 0 0.0833333 0.0833333 0 0 0.416667 0.333333 0.0833333 0 0 0 0 0 0 0 

416 395 284 37 0 0.405063 0 0 0 0 0 0 0 0 0 0 0 0 0 0 0 0 0 0.0833333 0 0 0 0.166667 0.166667 0.166667 0.166667 0.166667 0.0833333 0 0 0 0 0 0 

416 395 289 37 0 0.405063 0 0 0 0 0 0 0 0 0 0 0 0 0 0 0 0 0 0 0 0 0.0833333 0.166667 0 0.416667 0.0833333 0.0833333 0.166667 0 0 0 0 0 0 

416 395 291 37 0 0.405063 0 0 0 0 0 0 0 0 0 0 0 0 0 0 0 0 0 0 0 0 0 0.0833333 0.25 0.25 0.25 0.0833333 0 0.0833333 0 0 0 0 0 

416 395 301 37 0 0.405063 0 0 0 0 0 0 0 0 0 0 0 0 0 0 0 0 0 0 0 0 0 0.0833333 0 0.25 0.25 0.166667 0.25 0 0 0 0 0 0 

512 505 367 37 0 0.316832 0 0 0 0 0 0 0 0 0 0 0 0 0 0 0 0 0 0 0 0.133333 0 0.0666667 0.333333 0.0666667 0.2 0.0666667 0.0666667 0.0666667 0 0 0 0 0 

416 395 294 37 0 0.405063 0 0 0 0 0 0 0 0 0 0 0 0 0 0 0 0 0 0 0 0 0 0.0833333 0.166667 0.333333 0.166667 0.166667 0 0 0.0833333 0 0 0 0 

608 592 427 37 0 0.27027 0 0 0 0 0 0 0 0 0 0 0 0 0 0 0 0 0 0 0 0 0.0555556 0.277778 0.0555556 0.166667 0.277778 0.166667 0 0 0 0 0 0 0 

416 395 288 37 0 0.405063 0 0 0 0 0 0 0 0 0 0 0 0 0 0 0 0 0 0 0 0.0833333 0 0.25 0.166667 0.0833333 0.0833333 0.0833333 0.166667 0.0833333 0 0 0 0 0 

416 395 285 37 0 0.405063 0 0 0 0 0 0 0 0 0 0 0 0 0 0 0 0 0 0 0 0 0 0.25 0.166667 0.166667 0.333333 0.0833333 0 0 0 0 0 0 0 

416 395 296 37 0 0.405063 0 0 0 0 0 0 0 0 0 0 0 0 0 0 0 0 0 0 0 0 0 0.166667 0.0833333 0.166667 0.25 0.166667 0.0833333 0.0833333 0 0 0 0 0 

608 601 439 37 0 0.266223 0 0 0 0 0 0 0 0 0 0 0 0 0 0 0 0 0 0 0 0.0555556 0.111111 0.111111 0.0555556 0.111111 0.277778 0.277778 0 0 0 0 0 0 0 

416 395 282 37 0 0.405063 0 0 0 0 0 0 0 0 0 0 0 0 0 0 0 0 0 0 0 0 0.166667 0.25 0.0833333 0.166667 0.0833333 0.166667 0.0833333 0 0 0 0 0 0 

416 395 298 37 0 0.405063 0 0 0 0 0 0 0 0 0 0 0 0 0 0 0 0 0 0 0 0 0 0 0.166667 0.25 0.25 0.25 0 0.0833333 0 0 0 0 0 

416 395 293 37 0 0.405063 0 0 0 0 0 0 0 0 0 0 0 0 0 0 0 0 0 0 0 0 0 0 0.25 0.166667 0.416667 0.166667 0 0 0 0 0 0 0 

416 395 297 37 0 0.405063 0 0 0 0 0 0 0 0 0 0 0 0 0 0 0 0 0 0 0 0 0 0.0833333 0.166667 0.166667 0.0833333 0.416667 0.0833333 0 0 0 0 0 0 

416 395 295 37 0 0.405063 0 0 0 0 0 0 0 0 0 0 0 0 0 0 0 0 0 0 0 0.0833333 0 0 0 0.166667 0.5 0.25 0 0 0 0 0 0 0 

416 395 304 37 0 0.405063 0 0 0 0 0 0 0 0 0 0 0 0 0 0 0 0 0 0 0 0 0 0 0 0.333333 0.166667 0.333333 0.0833333 0.0833333 0 0 0 0 0 

416 395 294 37 0 0.405063 0 0 0 0 0 0 0 0 0 0 0 0 0 0 0 0 0 0 0 0 0 0.0833333 0.166667 0.25 0.25 0.0833333 0.166667 0 0 0 0 0 0 

416 395 289 37 0 0.405063 0 0 0 0 0 0 0 0 0 0 0 0 0 0 0 0 0 0 0 0 0 0.0833333 0.25 0.25 0.25 0.166667 0 0 0 0 0 0 0 

416 395 293 37 0 0.405063 0 0 0 0 0 0 0 0 0 0 0 0 0 0 0 0 0 0 0.0833333 0 0 0 0.0833333 0.166667 0.333333 0.333333 0 0 0 0 0 0 0 

608 592 446 37 0 0.27027 0 0 0 0 0 0 0 0 0 0 0 0 0 0 0 0 0 0 0 0 0.0555556 0.111111 0 0.277778 0.222222 0.111111 0.0555556 0.166667 0 0 0 0 0 

416 395 286 37 0 0.405063 0 0 0 0 0 0 0 0 0 0 0 0 0 0 0 0 0 0 0 0 0.0833333 0.25 0.0833333 0.25 0.0833333 0.166667 0 0.0833333 0 0 0 0 0 

