544 524 389 53 0 0.610687 0 0 0 0 0 0 0 0 0 0 0 0 0 0 0 0 0 0 0 0 0 0.0625 0.125 0.3125 0.25 0.1875 0.0625 0 0 0 0 0 0 

544 525 400 53 0 0.609524 0 0 0 0 0 0 0 0 0 0 0 0 0 0 0 0 0 0 0 0 0 0 0.1875 0.1875 0.1875 0.1875 0.1875 0.0625 0 0 0 0 0 

544 527 384 53 0 0.607211 0 0 0 0 0 0 0 0 0 0 0 0 0 0 0 0 0 0 0 0 0.125 0.0625 0.25 0.0625 0.375 0.0625 0 0 0.0625 0 0 0 0 

608 592 419 53 0 0.540541 0 0 0 0 0 0 0 0 0 0 0 0 0 0 0 0 0 0 0 0.0555556 0.111111 0.111111 0.111111 0.388889 0.166667 0.0555556 0 0 0 0 0 0 0 

576 550 405 53 0 0.581818 0 0 0 0 0 0 0 0 0 0 0 0 0 0 0 0 0 0 0 0 0 0 0.235294 0.235294 0.411765 0.0588235 0.0588235 0 0 0 0 0 0 

608 592 425 53 0 0.540541 0 0 0 0 0 0 0 0 0 0 0 0 0 0 0 0 0 0 0 0 0.111111 0.111111 0.277778 0.166667 0.166667 0.111111 0.0555556 0 0 0 0 0 0 

544 527 386 53 0 0.607211 0 0 0 0 0 0 0 0 0 0 0 0 0 0 0 0 0 0 0 0 0.0625 0 0.3125 0.1875 0.25 0.125 0.0625 0 0 0 0 0 0 

576 550 402 53 0 0.581818 0 0 0 0 0 0 0 0 0 0 0 0 0 0 0 0 0 0 0 0.0588235 0 0.117647 0 0.294118 0.294118 0.235294 0 0 0 0 0 0 0 

576 550 405 53 0 0.581818 0 0 0 0 0 0 0 0 0 0 0 0 0 0 0 0 0 0 0 0 0.0588235 0.117647 0.117647 0.176471 0.176471 0.235294 0.117647 0 0 0 0 0 0 

608 592 434 53 0 0.540541 0 0 0 0 0 0 0 0 0 0 0 0 0 0 0 0 0 0 0 0 0.0555556 0.111111 0.222222 0.166667 0.166667 0.222222 0 0.0555556 0 0 0 0 0 

768 746 529 53 0 0.428954 0 0 0 0 0 0 0 0 0 0 0 0 0 0 0 0 0 0 0 0.130435 0.0434783 0.0869565 0.217391 0.130435 0.26087 0.0434783 0.0869565 0 0 0 0 0 0 

608 592 435 53 0 0.540541 0 0 0 0 0 0 0 0 0 0 0 0 0 0 0 0 0 0 0 0 0.0555556 0.222222 0.0555556 0.166667 0.166667 0.277778 0 0.0555556 0 0 0 0 0 

544 525 388 53 0 0.609524 0 0 0 0 0 0 0 0 0 0 0 0 0 0 0 0 0 0 0 0.0625 0.0625 0 0.1875 0.1875 0.125 0.1875 0.1875 0 0 0 0 0 0 

576 550 397 53 0 0.581818 0 0 0 0 0 0 0 0 0 0 0 0 0 0 0 0 0 0 0 0 0 0.117647 0.352941 0.117647 0.235294 0.176471 0 0 0 0 0 0 0 

608 595 421 53 0 0.537815 0 0 0 0 0 0 0 0 0 0 0 0 0 0 0 0 0 0 0 0.0555556 0.0555556 0.111111 0.444444 0.0555556 0.166667 0.111111 0 0 0 0 0 0 0 

544 534 401 53 0 0.599251 0 0 0 0 0 0 0 0 0 0 0 0 0 0 0 0 0 0 0 0 0 0 0.125 0.375 0.3125 0.125 0 0.0625 0 0 0 0 0 

576 548 401 53 0 0.583942 0 0 0 0 0 0 0 0 0 0 0 0 0 0 0 0 0 0 0 0 0.117647 0 0.117647 0.176471 0.352941 0.235294 0 0 0 0 0 0 0 

576 550 396 53 0 0.581818 0 0 0 0 0 0 0 0 0 0 0 0 0 0 0 0 0 0 0 0.0588235 0 0.117647 0.176471 0.294118 0.176471 0.117647 0.0588235 0 0 0 0 0 0 

736 716 523 53 0 0.446927 0 0 0 0 0 0 0 0 0 0 0 0 0 0 0 0 0 0 0 0 0.136364 0.0454545 0.0909091 0.272727 0.181818 0.227273 0 0.0454545 0 0 0 0 0 

576 550 397 53 0 0.581818 0 0 0 0 0 0 0 0 0 0 0 0 0 0 0 0 0 0 0 0.0588235 0.0588235 0.117647 0.0588235 0.352941 0.117647 0.117647 0.117647 0 0 0 0 0 0 

576 550 400 53 0 0.581818 0 0 0 0 0 0 0 0 0 0 0 0 0 0 0 0 0 0 0 0 0.117647 0.0588235 0.176471 0.117647 0.294118 0.176471 0.0588235 0 0 0 0 0 0 

768 746 541 53 0 0.428954 0 0 0 0 0 0 0 0 0 0 0 0 0 0 0 0 0 0.0434783 0 0 0.0869565 0.173913 0 0.130435 0.26087 0.217391 0.0869565 0 0 0 0 0 0 

576 550 404 53 0 0.581818 0 0 0 0 0 0 0 0 0 0 0 0 0 0 0 0 0 0 0 0 0.117647 0 0.0588235 0.235294 0.411765 0.117647 0.0588235 0 0 0 0 0 0 

576 550 408 53 0 0.581818 0 0 0 0 0 0 0 0 0 0 0 0 0 0 0 0 0 0 0 0.0588235 0.0588235 0.0588235 0.0588235 0.176471 0.176471 0.235294 0.117647 0.0588235 0 0 0 0 0 

544 525 392 53 0 0.609524 0 0 0 0 0 0 0 0 0 0 0 0 0 0 0 0 0 0 0 0 0.0625 0.0625 0.1875 0.125 0.0625 0.375 0.125 0 0 0 0 0 0 

576 550 408 53 0 0.581818 0 0 0 0 0 0 0 0 0 0 0 0 0 0 0 0 0 0 0 0 0 0.176471 0.0588235 0.235294 0.176471 0.235294 0.0588235 0.0588235 0 0 0 0 0 

576 550 411 53 0 0.581818 0 0 0 0 0 0 0 0 0 0 0 0 0 0 0 0 0 0 0 0 0.0588235 0 0.117647 0.294118 0.176471 0.176471 0.117647 0.0588235 0 0 0 0 0 

736 717 509 53 0 0.446304 0 0 0 0 0 0 0 0 0 0 0 0 0 0 0 0 0 0 0 0 0.0454545 0.363636 0.0909091 0.181818 0.181818 0.0909091 0.0454545 0 0 0 0 0 0 

544 527 394 53 0 0.607211 0 0 0 0 0 0 0 0 0 0 0 0 0 0 0 0 0 0 0 0 0 0 0.25 0.0625 0.5 0.125 0.0625 0 0 0 0 0 0 

576 550 403 53 0 0.581818 0 0 0 0 0 0 0 0 0 0 0 0 0 0 0 0 0 0 0 0.0588235 0.0588235 0 0.176471 0.117647 0.294118 0.235294 0.0588235 0 0 0 0 0 0 

448 439 342 53 0 0.728929 0 0 0 0 0 0 0 0 0 0 0 0 0 0 0 0 0 0 0 0 0 0 0.230769 0.0769231 0.0769231 0.153846 0.461538 0 0 0 0 0 0 

576 550 405 53 0 0.581818 0 0 0 0 0 0 0 0 0 0 0 0 0 0 0 0 0 0 0 0 0 0.117647 0.0588235 0.294118 0.352941 0.117647 0.0588235 0 0 0 0 0 0 

576 550 408 53 0 0.581818 0 0 0 0 0 0 0 0 0 0 0 0 0 0 0 0 0 0 0 0 0.0588235 0.117647 0.117647 0.0588235 0.352941 0.0588235 0.235294 0 0 0 0 0 0 

576 550 406 53 0 0.581818 0 0 0 0 0 0 0 0 0 0 0 0 0 0 0 0 0 0 0 0 0.117647 0.0588235 0.117647 0.117647 0.294118 0.117647 0.117647 0.0588235 0 0 0 0 0 

736 716 510 53 0 0.446927 0 0 0 0 0 0 0 0 0 0 0 0 0 0 0 0 0 0 0 0.0454545 0.0454545 0.136364 0.181818 0.318182 0.181818 0.0454545 0.0454545 0 0 0 0 0 0 

576 550 391 53 0 0.581818 0 0 0 0 0 0 0 0 0 0 0 0 0 0 0 0 0 0 0 0 0.0588235 0.294118 0.117647 0.176471 0.235294 0.0588235 0.0588235 0 0 0 0 0 0 

576 550 396 53 0 0.581818 0 0 0 0 0 0 0 0 0 0 0 0 0 0 0 0 0 0 0 0 0.117647 0.117647 0.0588235 0.294118 0.235294 0.176471 0 0 0 0 0 0 0 

576 550 395 53 0 0.581818 0 0 0 0 0 0 0 0 0 0 0 0 0 0 0 0 0 0 0 0.0588235 0 0.0588235 0.352941 0.176471 0.176471 0.117647 0.0588235 0 0 0 0 0 0 

576 550 395 53 0 0.581818 0 0 0 0 0 0 0 0 0 0 0 0 0 0 0 0 0 0 0 0.0588235 0.0588235 0.0588235 0.176471 0.352941 0.176471 0 0.0588235 0.0588235 0 0 0 0 0 

576 550 394 53 0 0.581818 0 0 0 0 0 0 0 0 0 0 0 0 0 0 0 0 0 0 0 0 0.117647 0.117647 0.117647 0.235294 0.352941 0 0.0588235 0 0 0 0 0 0 

608 592 420 53 0 0.540541 0 0 0 0 0 0 0 0 0 0 0 0 0 0 0 0 0 0 0 0.0555556 0.0555556 0.166667 0.166667 0.277778 0.222222 0.0555556 0 0 0 0 0 0 0 

576 550 411 53 0 0.581818 0 0 0 0 0 0 0 0 0 0 0 0 0 0 0 0 0 0 0 0 0 0 0.235294 0.176471 0.294118 0.117647 0.176471 0 0 0 0 0 0 

608 592 422 53 0 0.540541 0 0 0 0 0 0 0 0 0 0 0 0 0 0 0 0 0 0 0 0.0555556 0.0555556 0.166667 0.0555556 0.444444 0.111111 0.111111 0 0 0 0 0 0 0 

544 527 390 53 0 0.607211 0 0 0 0 0 0 0 0 0 0 0 0 0 0 0 0 0 0 0 0 0 0.1875 0.0625 0.1875 0.3125 0.1875 0.0625 0 0 0 0 0 0 

608 592 422 53 0 0.540541 0 0 0 0 0 0 0 0 0 0 0 0 0 0 0 0 0 0 0 0.0555556 0.222222 0 0.166667 0.166667 0.222222 0.111111 0.0555556 0 0 0 0 0 0 

544 530 398 53 0 0.603774 0 0 0 0 0 0 0 0 0 0 0 0 0 0 0 0 0 0 0.0625 0 0 0 0.0625 0.1875 0.3125 0.3125 0.0625 0 0 0 0 0 0 

576 550 407 53 0 0.581818 0 0 0 0 0 0 0 0 0 0 0 0 0 0 0 0 0 0 0 0 0.0588235 0.0588235 0 0.235294 0.529412 0.0588235 0 0.0588235 0 0 0 0 0 

544 534 389 53 0 0.599251 0 0 0 0 0 0 0 0 0 0 0 0 0 0 0 0 0 0 0 0 0 0.1875 0.25 0.125 0.3125 0.125 0 0 0 0 0 0 0 

544 534 392 53 0 0.599251 0 0 0 0 0 0 0 0 0 0 0 0 0 0 0 0 0 0 0 0 0 0.0625 0.25 0.3125 0.25 0.125 0 0 0 0 0 0 0 

576 550 405 53 0 0.581818 0 0 0 0 0 0 0 0 0 0 0 0 0 0 0 0 0 0 0 0 0 0.0588235 0.235294 0.176471 0.352941 0.0588235 0.117647 0 0 0 0 0 0 

576 550 389 53 0 0.581818 0 0 0 0 0 0 0 0 0 0 0 0 0 0 0 0 0 0 0 0.0588235 0.0588235 0.0588235 0.294118 0.176471 0.352941 0 0 0 0 0 0 0 0 

576 550 404 53 0 0.581818 0 0 0 0 0 0 0 0 0 0 0 0 0 0 0 0 0 0 0 0 0 0.176471 0.117647 0.117647 0.411765 0.0588235 0.117647 0 0 0 0 0 0 

608 592 420 53 0 0.540541 0 0 0 0 0 0 0 0 0 0 0 0 0 0 0 0 0 0 0 0.0555556 0.111111 0 0.222222 0.388889 0.222222 0 0 0 0 0 0 0 0 

576 551 399 53 0 0.580762 0 0 0 0 0 0 0 0 0 0 0 0 0 0 0 0 0 0 0 0 0.176471 0.176471 0.0588235 0.0588235 0.117647 0.352941 0.0588235 0 0 0 0 0 0 

608 592 427 53 0 0.540541 0 0 0 0 0 0 0 0 0 0 0 0 0 0 0 0 0 0 0 0 0.111111 0.0555556 0.166667 0.388889 0.166667 0.0555556 0.0555556 0 0 0 0 0 0 

544 527 390 53 0 0.607211 0 0 0 0 0 0 0 0 0 0 0 0 0 0 0 0 0 0 0 0.0625 0 0.0625 0 0.3125 0.4375 0 0.125 0 0 0 0 0 0 

544 524 394 53 0 0.610687 0 0 0 0 0 0 0 0 0 0 0 0 0 0 0 0 0 0 0 0 0.0625 0.0625 0.0625 0.25 0.1875 0.1875 0.0625 0.125 0 0 0 0 0 

608 592 434 53 0 0.540541 0 0 0 0 0 0 0 0 0 0 0 0 0 0 0 0 0 0 0 0.0555556 0 0.0555556 0.277778 0.166667 0.166667 0.166667 0.111111 0 0 0 0 0 0 

608 592 436 53 0 0.540541 0 0 0 0 0 0 0 0 0 0 0 0 0 0 0 0 0 0 0 0.0555556 0 0.0555556 0.222222 0.111111 0.333333 0.166667 0 0.0555556 0 0 0 0 0 

544 525 397 53 0 0.609524 0 0 0 0 0 0 0 0 0 0 0 0 0 0 0 0 0 0 0 0 0 0 0.125 0.3125 0.1875 0.25 0.0625 0.0625 0 0 0 0 0 

608 592 426 53 0 0.540541 0 0 0 0 0 0 0 0 0 0 0 0 0 0 0 0 0 0 0 0 0.0555556 0.222222 0.166667 0.222222 0.222222 0.0555556 0 0.0555556 0 0 0 0 0 

576 550 396 53 0 0.581818 0 0 0 0 0 0 0 0 0 0 0 0 0 0 0 0 0 0 0 0.0588235 0 0.117647 0.117647 0.352941 0.176471 0.176471 0 0 0 0 0 0 0 

544 527 394 53 0 0.607211 0 0 0 0 0 0 0 0 0 0 0 0 0 0 0 0 0 0 0 0.0625 0 0.125 0.0625 0.1875 0.25 0 0.25 0.0625 0 0 0 0 0 

672 663 483 53 0 0.482655 0 0 0 0 0 0 0 0 0 0 0 0 0 0 0.05 0 0 0 0 0 0 0.1 0.1 0.35 0.15 0.15 0.1 0 0 0 0 0 0 

608 592 437 53 0 0.540541 0 0 0 0 0 0 0 0 0 0 0 0 0 0 0 0 0 0 0 0 0 0.111111 0.222222 0.222222 0.222222 0.111111 0.0555556 0.0555556 0 0 0 0 0 

576 550 396 53 0 0.581818 0 0 0 0 0 0 0 0 0 0 0 0 0 0 0 0 0 0 0 0 0.0588235 0.0588235 0.176471 0.470588 0.117647 0.0588235 0.0588235 0 0 0 0 0 0 

576 548 397 53 0 0.583942 0 0 0 0 0 0 0 0 0 0 0 0 0 0 0 0 0 0 0 0 0.176471 0 0.117647 0.176471 0.411765 0.0588235 0 0.0588235 0 0 0 0 0 

544 534 391 53 0 0.599251 0 0 0 0 0 0 0 0 0 0 0 0 0 0 0 0 0 0 0.0625 0 0.0625 0.0625 0.1875 0.25 0 0.25 0.125 0 0 0 0 0 0 

576 550 406 53 0 0.581818 0 0 0 0 0 0 0 0 0 0 0 0 0 0 0 0 0 0 0 0 0.0588235 0 0.176471 0.235294 0.352941 0.0588235 0.0588235 0.0588235 0 0 0 0 0 

576 550 408 53 0 0.581818 0 0 0 0 0 0 0 0 0 0 0 0 0 0 0 0 0 0 0 0 0.0588235 0.0588235 0.117647 0 0.470588 0.294118 0 0 0 0 0 0 0 

736 716 522 53 0 0.446927 0 0 0 0 0 0 0 0 0 0 0 0 0 0 0 0 0 0 0 0 0.0454545 0.0454545 0.181818 0.363636 0.181818 0.136364 0.0454545 0 0 0 0 0 0 

576 550 407 53 0 0.581818 0 0 0 0 0 0 0 0 0 0 0 0 0 0 0 0 0 0 0 0 0.0588235 0.0588235 0.117647 0.352941 0.0588235 0.117647 0.235294 0 0 0 0 0 0 

608 592 432 53 0 0.540541 0 0 0 0 0 0 0 0 0 0 0 0 0 0 0 0 0 0 0 0.0555556 0 0.166667 0 0.277778 0.333333 0.166667 0 0 0 0 0 0 0 

544 524 397 53 0 0.610687 0 0 0 0 0 0 0 0 0 0 0 0 0 0 0 0 0 0 0 0 0 0.0625 0.0625 0.1875 0.3125 0.25 0.0625 0.0625 0 0 0 0 0 

608 592 438 53 0 0.540541 0 0 0 0 0 0 0 0 0 0 0 0 0 0 0 0 0 0 0 0.0555556 0 0.111111 0.111111 0.222222 0.222222 0.166667 0 0.111111 0 0 0 0 0 

576 550 400 53 0 0.581818 0 0 0 0 0 0 0 0 0 0 0 0 0 0 0 0 0 0 0 0.0588235 0 0.117647 0.176471 0.176471 0.176471 0.235294 0.0588235 0 0 0 0 0 0 

576 548 403 53 0 0.583942 0 0 0 0 0 0 0 0 0 0 0 0 0 0 0 0 0 0 0 0 0.0588235 0.117647 0.0588235 0.294118 0.176471 0.176471 0.0588235 0.0588235 0 0 0 0 0 

544 525 393 53 0 0.609524 0 0 0 0 0 0 0 0 0 0 0 0 0 0 0 0 0 0 0 0 0 0.0625 0.1875 0.1875 0.1875 0.25 0.125 0 0 0 0 0 0 

576 550 397 53 0 0.581818 0 0 0 0 0 0 0 0 0 0 0 0 0 0 0 0 0 0 0 0.117647 0 0.0588235 0.176471 0.117647 0.294118 0.235294 0 0 0 0 0 0 0 

576 550 402 53 0 0.581818 0 0 0 0 0 0 0 0 0 0 0 0 0 0 0 0 0 0 0 0 0.117647 0 0.176471 0.235294 0.235294 0.117647 0.117647 0 0 0 0 0 0 

544 534 399 53 0 0.599251 0 0 0 0 0 0 0 0 0 0 0 0 0 0 0 0 0 0 0 0 0 0.125 0.3125 0.0625 0.125 0.1875 0.125 0.0625 0 0 0 0 0 

544 527 394 53 0 0.607211 0 0 0 0 0 0 0 0 0 0 0 0 0 0 0 0 0 0 0 0 0 0.125 0.0625 0.25 0.3125 0.125 0.0625 0.0625 0 0 0 0 0 

576 550 403 53 0 0.581818 0 0 0 0 0 0 0 0 0 0 0 0 0 0 0 0 0 0 0 0 0.0588235 0.176471 0.117647 0.117647 0.176471 0.235294 0.117647 0 0 0 0 0 0 

576 550 409 53 0 0.581818 0 0 0 0 0 0 0 0 0 0 0 0 0 0 0 0 0 0 0 0.0588235 0 0.0588235 0.294118 0.0588235 0.117647 0.176471 0.0588235 0.176471 0 0 0 0 0 

544 525 384 53 0 0.609524 0 0 0 0 0 0 0 0 0 0 0 0 0 0 0 0 0 0 0 0 0 0.125 0.125 0.4375 0.0625 0.25 0 0 0 0 0 0 0 

576 550 394 53 0 0.581818 0 0 0 0 0 0 0 0 0 0 0 0 0 0 0 0 0 0 0 0 0 0.117647 0.235294 0.352941 0.294118 0 0 0 0 0 0 0 0 

544 534 400 53 0 0.599251 0 0 0 0 0 0 0 0 0 0 0 0 0 0 0 0 0 0 0 0 0 0 0.375 0.125 0.25 0.0625 0.125 0.0625 0 0 0 0 0 

544 527 397 53 0 0.607211 0 0 0 0 0 0 0 0 0 0 0 0 0 0 0 0 0 0 0 0 0 0 0.1875 0.25 0.25 0.125 0.1875 0 0 0 0 0 0 

544 534 392 53 0 0.599251 0 0 0 0 0 0 0 0 0 0 0 0 0 0 0 0 0 0 0 0 0.125 0.0625 0.125 0.1875 0.25 0.25 0 0 0 0 0 0 0 

608 592 436 53 0 0.540541 0 0 0 0 0 0 0 0 0 0 0 0 0 0 0 0 0 0 0 0 0.0555556 0.0555556 0.222222 0.166667 0.222222 0.222222 0.0555556 0 0 0 0 0 0 

544 534 400 53 0 0.599251 0 0 0 0 0 0 0 0 0 0 0 0 0 0 0 0 0 0 0 0 0 0 0.3125 0.1875 0.1875 0.1875 0.125 0 0 0 0 0 0 

736 714 509 53 0 0.448179 0 0 0 0 0 0 0 0 0 0 0 0 0 0 0 0 0 0 0 0 0 0.227273 0.181818 0.363636 0.136364 0.0909091 0 0 0 0 0 0 0 

576 550 402 53 0 0.581818 0 0 0 0 0 0 0 0 0 0 0 0 0 0 0 0 0 0 0 0 0.117647 0.0588235 0.0588235 0.176471 0.352941 0.235294 0 0 0 0 0 0 0 

544 534 386 53 0 0.599251 0 0 0 0 0 0 0 0 0 0 0 0 0 0 0 0 0 0 0 0.0625 0.125 0.125 0.125 0.1875 0.125 0.1875 0 0.0625 0 0 0 0 0 

544 525 390 53 0 0.609524 0 0 0 0 0 0 0 0 0 0 0 0 0 0 0 0 0 0 0 0 0 0.125 0.25 0.1875 0 0.3125 0.0625 0.0625 0 0 0 0 0 

544 527 396 53 0 0.607211 0 0 0 0 0 0 0 0 0 0 0 0 0 0 0 0 0 0 0 0 0 0.0625 0.0625 0.375 0.125 0.25 0.125 0 0 0 0 0 0 

576 550 398 53 0 0.581818 0 0 0 0 0 0 0 0 0 0 0 0 0 0 0 0 0 0 0 0 0.117647 0.0588235 0.176471 0.352941 0.0588235 0.117647 0.0588235 0.0588235 0 0 0 0 0 

608 592 432 53 0 0.540541 0 0 0 0 0 0 0 0 0 0 0 0 0 0 0 0 0 0 0 0.111111 0 0 0.166667 0.277778 0.333333 0 0.0555556 0.0555556 0 0 0 0 0 

608 592 432 53 0 0.540541 0 0 0 0 0 0 0 0 0 0 0 0 0 0 0 0 0 0 0 0 0.0555556 0 0.277778 0.277778 0.222222 0.166667 0 0 0 0 0 0 0 

544 534 385 53 0 0.599251 0 0 0 0 0 0 0 0 0 0 0 0 0 0 0 0 0 0 0 0 0.0625 0.25 0.125 0.25 0.125 0.1875 0 0 0 0 0 0 0 

