640 633 457 53 0 0.505529 0 0 0 0 0 0 0 0 0 0 0 0 0 0 0 0 0 0.0526316 0 0.0526316 0 0 0.263158 0.210526 0.315789 0.105263 0 0 0 0 0 0 0 

512 498 373 53 0 0.64257 0 0 0 0 0 0 0 0 0 0 0 0 0 0 0 0 0 0 0 0 0 0.0666667 0.2 0.133333 0.266667 0.266667 0.0666667 0 0 0 0 0 0 

576 560 410 53 0 0.571429 0 0 0 0 0 0 0 0 0 0 0 0 0 0 0 0 0 0 0.0588235 0 0.0588235 0.117647 0.117647 0.0588235 0.294118 0.176471 0.117647 0 0 0 0 0 0 

576 558 414 53 0 0.573477 0 0 0 0 0 0 0 0 0 0 0 0 0 0 0 0 0 0 0 0 0.0588235 0.117647 0.0588235 0.294118 0.176471 0.117647 0.117647 0.0588235 0 0 0 0 0 

576 550 400 53 0 0.581818 0 0 0 0 0 0 0 0 0 0 0 0 0 0 0 0 0 0 0 0 0.0588235 0.0588235 0.0588235 0.411765 0.294118 0.117647 0 0 0 0 0 0 0 

480 465 349 53 0 0.688172 0 0 0 0 0 0 0 0 0 0 0 0 0 0 0 0 0 0 0 0 0 0 0.142857 0.357143 0.285714 0.0714286 0.142857 0 0 0 0 0 0 

608 591 431 53 0 0.541455 0 0 0 0 0 0 0 0 0 0 0 0 0 0 0 0 0 0 0 0.0555556 0 0.111111 0.166667 0.277778 0.111111 0.222222 0.0555556 0 0 0 0 0 0 

544 530 402 53 0 0.603774 0 0 0 0 0 0 0 0 0 0 0 0 0 0 0 0 0 0 0 0 0.0625 0 0.0625 0.3125 0.1875 0.125 0.1875 0.0625 0 0 0 0 0 

576 549 402 53 0 0.582878 0 0 0 0 0 0 0 0 0 0 0 0 0 0 0 0 0 0 0 0 0.0588235 0.176471 0.0588235 0.294118 0.117647 0.117647 0.117647 0.0588235 0 0 0 0 0 

480 460 334 53 0 0.695652 0 0 0 0 0 0 0 0 0 0 0 0 0 0 0 0 0 0 0 0 0.0714286 0.0714286 0.214286 0.214286 0.285714 0.142857 0 0 0 0 0 0 0 

448 441 320 50 0 0.725624 0 0 0 0 0 0 0 0 0 0 0 0 0 0 0 0 0 0 0 0 0.0769231 0.230769 0.0769231 0.153846 0.384615 0.0769231 0 0 0 0 0 0 0 

704 679 492 53 0 0.471281 0 0 0 0 0 0 0 0 0 0 0 0 0 0 0 0 0 0 0 0 0.047619 0.190476 0.0952381 0.238095 0.238095 0.142857 0 0.047619 0 0 0 0 0 

544 524 388 53 0 0.610687 0 0 0 0 0 0 0 0 0 0 0 0 0 0 0 0 0 0 0 0 0.125 0.0625 0.0625 0.1875 0.1875 0.25 0.125 0 0 0 0 0 0 

480 449 338 53 0 0.712695 0 0 0 0 0 0 0 0 0 0 0 0 0 0 0 0 0 0 0 0 0 0 0.0714286 0.428571 0.142857 0.214286 0.0714286 0 0.0714286 0 0 0 0 

544 529 384 53 0 0.604915 0 0 0 0 0 0 0 0 0 0 0 0 0 0 0 0 0 0 0 0.0625 0 0.1875 0.125 0.25 0.125 0.1875 0.0625 0 0 0 0 0 0 

576 565 393 53 0 0.566372 0 0 0 0 0 0 0 0 0 0 0 0 0 0 0 0 0 0 0.0588235 0.0588235 0.117647 0.176471 0.235294 0.117647 0.176471 0 0.0588235 0 0 0 0 0 0 

544 523 389 53 0 0.611855 0 0 0 0 0 0 0 0 0 0 0 0 0 0 0 0 0 0 0 0 0 0.0625 0.125 0.3125 0.25 0.125 0.125 0 0 0 0 0 0 

608 586 428 53 0 0.546075 0 0 0 0 0 0 0 0 0 0 0 0 0 0 0 0 0 0 0 0 0.166667 0 0.166667 0.166667 0.222222 0.166667 0.111111 0 0 0 0 0 0 

608 589 437 53 0 0.543294 0 0 0 0 0 0 0 0 0 0 0 0 0 0 0 0 0 0 0 0.0555556 0 0.0555556 0.222222 0.166667 0.166667 0.111111 0.166667 0.0555556 0 0 0 0 0 

544 529 375 53 0 0.604915 0 0 0 0 0 0 0 0 0 0 0 0 0 0 0 0 0 0 0 0 0.125 0.3125 0.0625 0.1875 0.1875 0.125 0 0 0 0 0 0 0 

640 622 462 53 0 0.514469 0 0 0 0 0 0 0 0 0 0 0 0 0 0 0 0 0 0 0 0 0 0 0.157895 0.473684 0.105263 0.157895 0.105263 0 0 0 0 0 0 

576 551 407 53 0 0.580762 0 0 0 0 0 0 0 0 0 0 0 0 0 0 0 0 0 0 0 0 0 0.0588235 0.176471 0.235294 0.294118 0.176471 0.0588235 0 0 0 0 0 0 

512 493 366 53 0 0.649087 0 0 0 0 0 0 0 0 0 0 0 0 0 0 0 0 0 0 0.0666667 0 0 0 0.133333 0.266667 0.133333 0.333333 0.0666667 0 0 0 0 0 0 

640 621 457 53 0 0.515298 0 0 0 0 0 0 0 0 0 0 0 0 0 0 0 0 0 0 0 0 0 0.0526316 0.210526 0.263158 0.315789 0.105263 0.0526316 0 0 0 0 0 0 

512 486 361 53 0 0.658436 0 0 0 0 0 0 0 0 0 0 0 0 0 0 0 0 0 0 0 0 0 0.133333 0.133333 0.0666667 0.4 0.2 0 0.0666667 0 0 0 0 0 

640 624 445 53 0 0.512821 0 0 0 0 0 0 0 0 0 0 0 0 0 0 0 0 0 0 0 0.105263 0.0526316 0.105263 0.157895 0.263158 0.157895 0.105263 0.0526316 0 0 0 0 0 0 

608 602 430 53 0 0.531561 0 0 0 0 0 0 0 0 0 0 0 0 0 0 0 0 0 0 0 0 0.166667 0.111111 0.0555556 0.444444 0.222222 0 0 0 0 0 0 0 0 

544 522 386 53 0 0.613027 0 0 0 0 0 0 0 0 0 0 0 0 0 0 0 0 0 0 0 0 0 0 0.125 0.375 0.375 0.125 0 0 0 0 0 0 0 

544 527 385 53 0 0.607211 0 0 0 0 0 0 0 0 0 0 0 0 0 0 0 0 0 0 0 0 0.1875 0 0.1875 0.0625 0.3125 0.1875 0.0625 0 0 0 0 0 0 

544 516 391 53 0 0.620155 0 0 0 0 0 0 0 0 0 0 0 0 0 0 0 0 0 0 0 0 0 0 0.1875 0 0.25 0.5625 0 0 0 0 0 0 0 

576 560 412 53 0 0.571429 0 0 0 0 0 0 0 0 0 0 0 0 0 0 0 0 0 0 0 0.0588235 0.0588235 0.117647 0 0.117647 0.352941 0.294118 0 0 0 0 0 0 0 

608 586 420 53 0 0.546075 0 0 0 0 0 0 0 0 0 0 0 0 0 0 0 0 0 0.0555556 0 0.111111 0 0.0555556 0.0555556 0.333333 0.166667 0.111111 0.111111 0 0 0 0 0 0 

576 556 413 53 0 0.57554 0 0 0 0 0 0 0 0 0 0 0 0 0 0 0 0 0 0 0 0 0 0.0588235 0.294118 0.176471 0.0588235 0.294118 0.117647 0 0 0 0 0 0 

512 502 376 53 0 0.63745 0 0 0 0 0 0 0 0 0 0 0 0 0 0 0 0 0 0 0 0 0.0666667 0.0666667 0.133333 0.266667 0.133333 0.0666667 0.266667 0 0 0 0 0 0 

544 525 379 53 0 0.609524 0 0 0 0 0 0 0 0 0 0 0 0 0 0 0 0 0 0 0 0.0625 0 0.0625 0.3125 0.125 0.3125 0.125 0 0 0 0 0 0 0 

640 621 457 53 0 0.515298 0 0 0 0 0 0 0 0 0 0 0 0 0 0 0 0 0 0 0 0 0 0.210526 0.0526316 0.421053 0.0526316 0.105263 0.105263 0 0.0526316 0 0 0 0 

608 590 428 53 0 0.542373 0 0 0 0 0 0 0 0 0 0 0 0 0 0 0 0 0 0 0.0555556 0 0 0.222222 0.166667 0.111111 0.222222 0.111111 0 0.111111 0 0 0 0 0 

576 550 414 53 0 0.581818 0 0 0 0 0 0 0 0 0 0 0 0 0 0 0 0 0 0 0 0 0 0 0.176471 0.235294 0.117647 0.352941 0.117647 0 0 0 0 0 0 

544 534 381 53 0 0.599251 0 0 0 0 0 0 0 0 0 0 0 0 0 0 0 0 0 0 0 0 0.125 0.125 0.1875 0.375 0.125 0.0625 0 0 0 0 0 0 0 

480 458 336 53 0 0.69869 0 0 0 0 0 0 0 0 0 0 0 0 0 0 0 0 0 0 0 0 0.0714286 0.0714286 0.0714286 0.285714 0.285714 0.214286 0 0 0 0 0 0 0 

544 522 379 53 0 0.613027 0 0 0 0 0 0 0 0 0 0 0 0 0 0 0 0 0 0 0 0 0.0625 0.1875 0.125 0.25 0.0625 0.25 0.0625 0 0 0 0 0 0 

576 561 414 53 0 0.57041 0 0 0 0 0 0 0 0 0 0 0 0 0 0 0 0 0 0 0 0 0 0 0.470588 0.0588235 0.235294 0.117647 0.117647 0 0 0 0 0 0 

512 496 369 53 0 0.645161 0 0 0 0 0 0 0 0 0 0 0 0 0 0 0 0 0 0 0.0666667 0 0 0.0666667 0.133333 0.133333 0.266667 0.2 0.0666667 0.0666667 0 0 0 0 0 

576 548 410 53 0 0.583942 0 0 0 0 0 0 0 0 0 0 0 0 0 0 0 0 0 0 0 0.117647 0 0 0.0588235 0.235294 0.0588235 0.294118 0.176471 0.0588235 0 0 0 0 0 

576 558 406 53 0 0.573477 0 0 0 0 0 0 0 0 0 0 0 0 0 0 0 0 0 0 0 0 0.0588235 0.117647 0.176471 0.294118 0.117647 0.176471 0.0588235 0 0 0 0 0 0 

640 622 460 53 0 0.514469 0 0 0 0 0 0 0 0 0 0 0 0 0 0 0 0 0 0 0 0 0 0.105263 0.105263 0.315789 0.210526 0.210526 0.0526316 0 0 0 0 0 0 

544 529 392 53 0 0.604915 0 0 0 0 0 0 0 0 0 0 0 0 0 0 0 0 0 0 0 0 0.125 0 0 0.375 0.25 0.1875 0.0625 0 0 0 0 0 0 

608 592 421 53 0 0.540541 0 0 0 0 0 0 0 0 0 0 0 0 0 0 0 0 0 0 0 0 0.0555556 0.222222 0.277778 0.222222 0.0555556 0.166667 0 0 0 0 0 0 0 

544 522 378 53 0 0.613027 0 0 0 0 0 0 0 0 0 0 0 0 0 0 0 0 0 0 0 0 0.0625 0.125 0.0625 0.375 0.25 0.125 0 0 0 0 0 0 0 

480 466 348 53 0 0.686695 0 0 0 0 0 0 0 0 0 0 0 0 0 0 0 0 0 0 0 0 0.0714286 0.0714286 0 0.357143 0.285714 0.0714286 0.0714286 0.0714286 0 0 0 0 0 

576 562 411 53 0 0.569395 0 0 0 0 0 0 0 0 0 0 0 0 0 0 0 0 0 0 0.0588235 0.0588235 0 0.117647 0.0588235 0.176471 0.294118 0.117647 0.0588235 0.0588235 0 0 0 0 0 

576 556 410 53 0 0.57554 0 0 0 0 0 0 0 0 0 0 0 0 0 0 0 0 0 0 0 0 0 0.0588235 0.176471 0.294118 0.235294 0.235294 0 0 0 0 0 0 0 

512 501 369 53 0 0.638723 0 0 0 0 0 0 0 0 0 0 0 0 0 0 0 0 0 0 0 0.0666667 0 0 0.266667 0.333333 0.133333 0.0666667 0.0666667 0.0666667 0 0 0 0 0 

544 522 375 53 0 0.613027 0 0 0 0 0 0 0 0 0 0 0 0 0 0 0 0 0 0 0 0.125 0 0.0625 0.25 0.1875 0.1875 0.0625 0.125 0 0 0 0 0 0 

544 518 371 53 0 0.617761 0 0 0 0 0 0 0 0 0 0 0 0 0 0 0 0 0 0 0 0.0625 0.0625 0.0625 0.1875 0.1875 0.3125 0.125 0 0 0 0 0 0 0 

544 518 374 53 0 0.617761 0 0 0 0 0 0 0 0 0 0 0 0 0 0 0 0 0 0 0.0625 0 0 0.125 0.25 0.1875 0.125 0.125 0.0625 0.0625 0 0 0 0 0 

544 521 385 53 0 0.614203 0 0 0 0 0 0 0 0 0 0 0 0 0 0 0 0 0 0 0 0 0 0.0625 0.25 0.1875 0.3125 0.125 0 0 0.0625 0 0 0 0 

608 585 429 53 0 0.547009 0 0 0 0 0 0 0 0 0 0 0 0 0 0 0 0 0 0 0 0 0.0555556 0.0555556 0.166667 0.222222 0.277778 0.166667 0.0555556 0 0 0 0 0 0 

608 583 424 53 0 0.548885 0 0 0 0 0 0 0 0 0 0 0 0 0 0 0 0 0 0 0 0 0 0.0555556 0.222222 0.5 0.0555556 0.0555556 0.111111 0 0 0 0 0 0 

544 521 374 53 0 0.614203 0 0 0 0 0 0 0 0 0 0 0 0 0 0 0 0 0 0 0 0 0 0.0625 0.3125 0.4375 0.125 0.0625 0 0 0 0 0 0 0 

448 426 321 52 0 0.751174 0 0 0 0 0 0 0 0 0 0 0 0 0 0 0 0 0 0 0 0 0 0 0.230769 0.0769231 0.307692 0.307692 0.0769231 0 0 0 0 0 0 

576 552 399 53 0 0.57971 0 0 0 0 0 0 0 0 0 0 0 0 0 0 0 0 0 0 0 0 0.117647 0.176471 0.117647 0.0588235 0.235294 0.294118 0 0 0 0 0 0 0 

704 684 507 53 0 0.467836 0 0 0 0 0 0 0 0 0 0 0 0 0 0 0 0 0 0 0 0 0.047619 0 0.333333 0.142857 0.190476 0.047619 0.190476 0.047619 0 0 0 0 0 

640 621 451 53 0 0.515298 0 0 0 0 0 0 0 0 0 0 0 0 0 0 0 0 0 0 0 0 0.0526316 0.105263 0.157895 0.315789 0.157895 0.210526 0 0 0 0 0 0 0 

576 554 407 53 0 0.577617 0 0 0 0 0 0 0 0 0 0 0 0 0 0 0 0 0 0 0 0 0 0.0588235 0.176471 0.294118 0.352941 0.0588235 0.0588235 0 0 0 0 0 0 

544 528 383 53 0 0.606061 0 0 0 0 0 0 0 0 0 0 0 0 0 0 0 0 0 0 0 0 0.0625 0.125 0.125 0.4375 0 0.25 0 0 0 0 0 0 0 

640 631 454 53 0 0.507132 0 0 0 0 0 0 0 0 0 0 0 0 0 0 0 0 0 0 0 0.105263 0 0.210526 0.157895 0.0526316 0.368421 0 0.105263 0 0 0 0 0 0 

512 486 358 53 0 0.658436 0 0 0 0 0 0 0 0 0 0 0 0 0 0 0 0 0 0 0 0 0 0.2 0.0666667 0.2 0.2 0.266667 0.0666667 0 0 0 0 0 0 

544 520 377 53 0 0.615385 0 0 0 0 0 0 0 0 0 0 0 0 0 0 0 0 0 0.0625 0 0 0.0625 0 0.1875 0.1875 0.25 0.1875 0.0625 0 0 0 0 0 0 

640 617 456 53 0 0.518639 0 0 0 0 0 0 0 0 0 0 0 0 0 0 0 0 0 0 0 0 0 0.157895 0.0526316 0.315789 0.105263 0.315789 0.0526316 0 0 0 0 0 0 

576 553 403 53 0 0.578662 0 0 0 0 0 0 0 0 0 0 0 0 0 0 0 0 0 0 0 0 0.0588235 0.117647 0.117647 0.176471 0.411765 0.0588235 0.0588235 0 0 0 0 0 0 

608 587 444 53 0 0.545145 0 0 0 0 0 0 0 0 0 0 0 0 0 0 0 0 0 0 0 0 0 0.0555556 0.166667 0.166667 0.166667 0.222222 0.166667 0.0555556 0 0 0 0 0 

480 469 351 53 0 0.682303 0 0 0 0 0 0 0 0 0 0 0 0 0 0 0 0 0 0 0 0 0.0714286 0.0714286 0 0.357143 0.142857 0.285714 0.0714286 0 0 0 0 0 0 

576 558 408 53 0 0.573477 0 0 0 0 0 0 0 0 0 0 0 0 0 0 0 0 0 0 0 0 0.0588235 0.117647 0.176471 0.117647 0.294118 0.235294 0 0 0 0 0 0 0 

512 503 381 53 0 0.636183 0 0 0 0 0 0 0 0 0 0 0 0 0 0 0 0 0 0 0 0 0 0 0.2 0.2 0.333333 0.133333 0.0666667 0.0666667 0 0 0 0 0 

608 590 434 53 0 0.542373 0 0 0 0 0 0 0 0 0 0 0 0 0 0 0 0 0 0 0 0.0555556 0.0555556 0.0555556 0.111111 0.222222 0.222222 0.111111 0.166667 0 0 0 0 0 0 

544 515 378 53 0 0.621359 0 0 0 0 0 0 0 0 0 0 0 0 0 0 0 0 0 0 0 0 0.0625 0 0.125 0.3125 0.25 0.25 0 0 0 0 0 0 0 

640 617 461 53 0 0.518639 0 0 0 0 0 0 0 0 0 0 0 0 0 0 0 0 0 0 0 0 0 0.0526316 0.210526 0.0526316 0.421053 0.105263 0.157895 0 0 0 0 0 0 

480 460 334 53 0 0.695652 0 0 0 0 0 0 0 0 0 0 0 0 0 0 0 0 0 0 0 0.0714286 0.142857 0 0.0714286 0.142857 0.428571 0.0714286 0.0714286 0 0 0 0 0 0 

608 584 413 53 0 0.547945 0 0 0 0 0 0 0 0 0 0 0 0 0 0 0 0 0 0 0 0.111111 0.111111 0.0555556 0.166667 0.222222 0.166667 0.111111 0.0555556 0 0 0 0 0 0 

512 500 358 53 0 0.64 0 0 0 0 0 0 0 0 0 0 0 0 0 0 0 0 0 0 0 0.0666667 0.0666667 0.133333 0.266667 0.0666667 0.333333 0 0.0666667 0 0 0 0 0 0 

576 561 405 53 0 0.57041 0 0 0 0 0 0 0 0 0 0 0 0 0 0 0 0 0 0.0588235 0 0 0.117647 0.117647 0.117647 0.117647 0.235294 0.117647 0.0588235 0.0588235 0 0 0 0 0 

608 579 407 53 0 0.552677 0 0 0 0 0 0 0 0 0 0 0 0 0 0 0 0 0 0 0 0 0.0555556 0.277778 0.222222 0.166667 0.222222 0 0.0555556 0 0 0 0 0 0 

608 591 431 53 0 0.541455 0 0 0 0 0 0 0 0 0 0 0 0 0 0 0 0 0 0 0 0.0555556 0 0.111111 0.166667 0.166667 0.277778 0.222222 0 0 0 0 0 0 0 

544 522 386 53 0 0.613027 0 0 0 0 0 0 0 0 0 0 0 0 0 0 0 0 0 0 0 0 0 0.1875 0.1875 0.0625 0.125 0.375 0.0625 0 0 0 0 0 0 

576 554 408 53 0 0.577617 0 0 0 0 0 0 0 0 0 0 0 0 0 0 0 0 0 0 0 0 0 0.176471 0.176471 0 0.352941 0.294118 0 0 0 0 0 0 0 

544 528 396 53 0 0.606061 0 0 0 0 0 0 0 0 0 0 0 0 0 0 0 0 0 0 0 0 0 0.125 0.125 0.25 0.125 0.1875 0.125 0.0625 0 0 0 0 0 

544 520 383 53 0 0.615385 0 0 0 0 0 0 0 0 0 0 0 0 0 0 0 0 0 0 0 0 0 0 0.25 0.1875 0.5 0 0.0625 0 0 0 0 0 0 

480 457 328 53 0 0.700219 0 0 0 0 0 0 0 0 0 0 0 0 0 0 0 0 0 0 0 0 0.142857 0.0714286 0.142857 0.285714 0.285714 0 0.0714286 0 0 0 0 0 0 

672 651 474 53 0 0.491551 0 0 0 0 0 0 0 0 0 0 0 0 0 0 0 0 0 0 0.05 0 0 0 0.25 0.25 0.3 0.1 0.05 0 0 0 0 0 0 

480 466 360 53 0 0.686695 0 0 0 0 0 0 0 0 0 0 0 0 0 0 0 0 0 0 0 0 0.0714286 0 0 0.142857 0.142857 0.428571 0.214286 0 0 0 0 0 0 

512 489 359 53 0 0.654397 0 0 0 0 0 0 0 0 0 0 0 0 0 0 0 0 0 0 0 0.0666667 0 0.133333 0.0666667 0.266667 0.266667 0 0.133333 0.0666667 0 0 0 0 0 

640 614 461 53 0 0.521173 0 0 0 0 0 0 0 0 0 0 0 0 0 0 0 0 0 0 0 0 0.0526316 0.0526316 0.0526316 0.210526 0.210526 0.263158 0.105263 0.0526316 0 0 0 0 0 

576 558 403 53 0 0.573477 0 0 0 0 0 0 0 0 0 0 0 0 0 0 0 0 0 0 0 0 0.0588235 0.235294 0.117647 0.235294 0.117647 0.176471 0.0588235 0 0 0 0 0 0 

544 522 375 53 0 0.613027 0 0 0 0 0 0 0 0 0 0 0 0 0 0 0 0 0 0 0 0 0.0625 0.25 0.1875 0.125 0.1875 0.125 0 0.0625 0 0 0 0 0 

512 492 372 53 0 0.650406 0 0 0 0 0 0 0 0 0 0 0 0 0 0 0 0 0 0 0 0 0 0.0666667 0.0666667 0 0.6 0.2 0.0666667 0 0 0 0 0 0 

576 555 409 53 0 0.576577 0 0 0 0 0 0 0 0 0 0 0 0 0 0 0 0 0 0 0 0 0 0.117647 0.176471 0.294118 0.176471 0.117647 0.0588235 0.0588235 0 0 0 0 0 

608 593 440 53 0 0.539629 0 0 0 0 0 0 0 0 0 0 0 0 0 0 0 0 0 0 0 0 0 0.111111 0.111111 0.277778 0.222222 0.222222 0.0555556 0 0 0 0 0 0 

512 489 348 53 0 0.654397 0 0 0 0 0 0 0 0 0 0 0 0 0 0 0 0 0 0 0 0 0.2 0.0666667 0.333333 0.0666667 0.133333 0.0666667 0.133333 0 0 0 0 0 0 

640 619 452 53 0 0.516963 0 0 0 0 0 0 0 0 0 0 0 0 0 0 0 0 0 0 0 0 0 0.0526316 0.210526 0.473684 0.105263 0.0526316 0.105263 0 0 0 0 0 0 

