800 788 563 65 0 0.609137 0 0 0 0 0 0 0 0 0 0 0 0 0 0 0 0 0 0 0 0.0833333 0.0833333 0.125 0.125 0.25 0.125 0.166667 0.0416667 0 0 0 0 0 0 

800 788 567 65 0 0.609137 0 0 0 0 0 0 0 0 0 0 0 0 0 0 0 0 0 0 0.0416667 0 0.0833333 0.166667 0.0833333 0.208333 0.208333 0.166667 0.0416667 0 0 0 0 0 0 

800 788 583 65 0 0.609137 0 0 0 0 0 0 0 0 0 0 0 0 0 0 0 0 0 0 0 0 0.0416667 0.0416667 0.125 0.333333 0.208333 0.166667 0.0833333 0 0 0 0 0 0 

800 788 579 65 0 0.609137 0 0 0 0 0 0 0 0 0 0 0 0 0 0 0 0 0 0 0 0 0.0416667 0.0416667 0.208333 0.333333 0.208333 0.0416667 0.0833333 0.0416667 0 0 0 0 0 

800 788 578 65 0 0.609137 0 0 0 0 0 0 0 0 0 0 0 0 0 0 0 0 0 0 0.0416667 0 0.0833333 0.0833333 0.0416667 0.125 0.375 0.208333 0.0416667 0 0 0 0 0 0 

800 788 571 65 0 0.609137 0 0 0 0 0 0 0 0 0 0 0 0 0 0 0 0 0 0 0 0 0 0.166667 0.25 0.25 0.208333 0.0416667 0.0833333 0 0 0 0 0 0 

800 786 574 65 0 0.610687 0 0 0 0 0 0 0 0 0 0 0 0 0 0 0 0 0 0 0 0.0416667 0.0833333 0.166667 0.0833333 0.166667 0.0833333 0.25 0.0833333 0.0416667 0 0 0 0 0 

800 788 590 65 0 0.609137 0 0 0 0 0 0 0 0 0 0 0 0 0 0 0 0 0 0 0 0 0.0416667 0.0416667 0.0416667 0.208333 0.458333 0.0833333 0.125 0 0 0 0 0 0 

768 742 535 65 0 0.6469 0 0 0 0 0 0 0 0 0 0 0 0 0 0 0 0 0 0 0 0 0.0434783 0.130435 0.304348 0.0869565 0.26087 0.0869565 0.0869565 0 0 0 0 0 0 

768 742 541 65 0 0.6469 0 0 0 0 0 0 0 0 0 0 0 0 0 0 0 0 0 0 0.0434783 0 0.0434783 0.0869565 0.130435 0.130435 0.304348 0.173913 0.0869565 0 0 0 0 0 0 

800 787 562 65 0 0.609911 0 0 0 0 0 0 0 0 0 0 0 0 0 0 0 0 0 0 0.0416667 0.0416667 0.0833333 0.0416667 0.208333 0.208333 0.25 0.0833333 0.0416667 0 0 0 0 0 0 

768 742 555 65 0 0.6469 0 0 0 0 0 0 0 0 0 0 0 0 0 0 0 0 0 0 0 0 0.0869565 0 0.130435 0.0434783 0.391304 0.173913 0.173913 0 0 0 0 0 0 

800 788 583 65 0 0.609137 0 0 0 0 0 0 0 0 0 0 0 0 0 0 0 0 0 0 0 0 0.0416667 0.125 0.125 0.25 0.208333 0.0833333 0.0833333 0.0833333 0 0 0 0 0 

800 788 570 65 0 0.609137 0 0 0 0 0 0 0 0 0 0 0 0 0 0 0 0 0 0 0 0.0833333 0.0416667 0.125 0.125 0.208333 0.125 0.25 0.0416667 0 0 0 0 0 0 

768 742 546 65 0 0.6469 0 0 0 0 0 0 0 0 0 0 0 0 0 0 0 0 0 0 0 0 0 0.0434783 0.173913 0.391304 0.130435 0.173913 0.0869565 0 0 0 0 0 0 

768 742 547 65 0 0.6469 0 0 0 0 0 0 0 0 0 0 0 0 0 0 0 0 0 0 0 0 0.0434783 0.0434783 0.217391 0.217391 0.130435 0.304348 0 0 0.0434783 0 0 0 0 

768 751 537 65 0 0.639148 0 0 0 0 0 0 0 0 0 0 0 0 0 0 0 0 0 0 0 0 0.130435 0.217391 0.0869565 0.217391 0.130435 0.173913 0.0434783 0 0 0 0 0 0 

768 742 550 65 0 0.6469 0 0 0 0 0 0 0 0 0 0 0 0 0 0 0 0 0 0 0 0 0 0 0.217391 0.347826 0.173913 0.173913 0.0434783 0 0.0434783 0 0 0 0 

800 788 570 65 0 0.609137 0 0 0 0 0 0 0 0 0 0 0 0 0 0 0 0 0 0.0416667 0 0 0 0.125 0.208333 0.208333 0.25 0.125 0.0416667 0 0 0 0 0 0 

800 788 577 65 0 0.609137 0 0 0 0 0 0 0 0 0 0 0 0 0 0 0 0 0 0 0 0 0.0833333 0.0833333 0.208333 0.25 0.0833333 0.166667 0.0833333 0.0416667 0 0 0 0 0 

768 750 543 65 0 0.64 0 0 0 0 0 0 0 0 0 0 0 0 0 0 0 0 0 0 0 0 0.0869565 0.0869565 0.173913 0.217391 0.304348 0.0869565 0.0434783 0 0 0 0 0 0 

800 788 579 65 0 0.609137 0 0 0 0 0 0 0 0 0 0 0 0 0 0 0 0 0 0 0 0 0.0833333 0.0833333 0.125 0.291667 0.208333 0.0416667 0.125 0.0416667 0 0 0 0 0 

800 788 563 65 0 0.609137 0 0 0 0 0 0 0 0 0 0 0 0 0 0 0 0 0 0 0 0 0.0833333 0.125 0.333333 0.125 0.208333 0.125 0 0 0 0 0 0 0 

800 788 575 65 0 0.609137 0 0 0 0 0 0 0 0 0 0 0 0 0 0 0 0 0 0 0 0 0.0416667 0.0833333 0.25 0.25 0.166667 0.125 0.0833333 0 0 0 0 0 0 

800 790 570 65 0 0.607595 0 0 0 0 0 0 0 0 0 0 0 0 0 0 0 0 0 0 0 0.0416667 0.0416667 0.125 0.208333 0.208333 0.208333 0.125 0.0416667 0 0 0 0 0 0 

768 742 554 65 0 0.6469 0 0 0 0 0 0 0 0 0 0 0 0 0 0 0 0 0 0 0 0 0 0.0869565 0.130435 0.0869565 0.347826 0.26087 0.0869565 0 0 0 0 0 0 

800 788 575 65 0 0.609137 0 0 0 0 0 0 0 0 0 0 0 0 0 0 0 0 0 0 0 0 0 0.208333 0.0833333 0.208333 0.416667 0.0416667 0.0416667 0 0 0 0 0 0 

800 788 574 65 0 0.609137 0 0 0 0 0 0 0 0 0 0 0 0 0 0 0 0 0 0 0 0 0.0416667 0.166667 0.125 0.291667 0.166667 0.125 0.0833333 0 0 0 0 0 0 

800 788 584 65 0 0.609137 0 0 0 0 0 0 0 0 0 0 0 0 0 0 0 0 0 0 0 0 0 0.125 0.0833333 0.333333 0.166667 0.25 0 0.0416667 0 0 0 0 0 

800 788 585 65 0 0.609137 0 0 0 0 0 0 0 0 0 0 0 0 0 0 0 0 0 0 0 0.0416667 0.0416667 0 0.125 0.25 0.291667 0.125 0.0833333 0.0416667 0 0 0 0 0 

800 788 574 65 0 0.609137 0 0 0 0 0 0 0 0 0 0 0 0 0 0 0 0 0 0.0416667 0.0416667 0.0416667 0 0.0416667 0.0833333 0.25 0.25 0.166667 0.0416667 0.0416667 0 0 0 0 0 

800 788 583 65 0 0.609137 0 0 0 0 0 0 0 0 0 0 0 0 0 0 0 0 0 0 0 0 0 0.0833333 0.0833333 0.333333 0.291667 0.208333 0 0 0 0 0 0 0 

768 742 544 65 0 0.6469 0 0 0 0 0 0 0 0 0 0 0 0 0 0 0 0 0 0 0 0 0.0434783 0.130435 0.130435 0.304348 0.0869565 0.0869565 0.217391 0 0 0 0 0 0 

