1120 1097 781 37 0 0.145852 0 0 0 0 0 0 0 0 0 0 0 0 0 0 0 0 0 0 0 0 0.0882353 0.0588235 0.294118 0.294118 0.147059 0.117647 0 0 0 0 0 0 0 

1280 1267 934 37 0 0.126283 0 0 0 0 0 0 0 0 0 0 0 0 0 0 0 0 0 0 0 0.0512821 0 0.102564 0.0512821 0.307692 0.153846 0.25641 0.0512821 0.025641 0 0 0 0 0 

1120 1097 781 37 0 0.145852 0 0 0 0 0 0 0 0 0 0 0 0 0 0 0 0 0 0.0294118 0.0294118 0.0294118 0 0.147059 0.205882 0.205882 0.176471 0.117647 0 0.0588235 0 0 0 0 0 

1440 1427 1008 37 0 0.112123 0 0 0 0 0 0 0 0 0 0 0 0 0 0 0 0 0 0 0 0.0454545 0.113636 0.0909091 0.272727 0.181818 0.159091 0.113636 0.0227273 0 0 0 0 0 0 

544 517 377 37 160 0 0 0 0 0 0 0 0 0 0 0 0 0 0 0 0 0 0 0 0 0 0.0625 0.0625 0.1875 0.1875 0.25 0.25 0 0 0 0 0 0 0 

1120 1097 796 37 0 0.145852 0 0 0 0 0 0 0 0 0 0 0 0 0 0 0 0 0 0 0 0 0 0.176471 0.117647 0.294118 0.235294 0.147059 0.0294118 0 0 0 0 0 0 

1120 1097 805 37 0 0.145852 0 0 0 0 0 0 0 0 0 0 0 0 0 0 0 0 0 0 0.0294118 0 0.0294118 0.176471 0.0588235 0.117647 0.264706 0.205882 0.0882353 0.0294118 0 0 0 0 0 

1120 1097 799 37 0 0.145852 0 0 0 0 0 0 0 0 0 0 0 0 0 0 0 0 0 0 0.0294118 0 0 0.0882353 0.147059 0.235294 0.323529 0.147059 0.0294118 0 0 0 0 0 0 

1120 1097 796 37 0 0.145852 0 0 0 0 0 0 0 0 0 0 0 0 0 0 0 0 0 0 0 0.0588235 0.0294118 0.117647 0.117647 0.264706 0.117647 0.205882 0.0588235 0.0294118 0 0 0 0 0 

1088 1059 775 37 160 0 0 0 0 0 0 0 0 0 0 0 0 0 0 0 0 0 0 0 0 0.030303 0.030303 0.121212 0.121212 0.121212 0.30303 0.181818 0.0606061 0.030303 0 0 0 0 0 

1120 1097 805 37 0 0.145852 0 0 0 0 0 0 0 0 0 0 0 0 0 0 0 0 0 0 0 0.0882353 0.0294118 0.0294118 0.0588235 0.294118 0.176471 0.235294 0.0588235 0 0.0294118 0 0 0 0 

1120 1097 803 37 0 0.145852 0 0 0 0 0 0 0 0 0 0 0 0 0 0 0 0 0 0 0 0.0294118 0.0294118 0.117647 0.117647 0.264706 0.0882353 0.264706 0.0588235 0.0294118 0 0 0 0 0 

1120 1097 802 37 0 0.145852 0 0 0 0 0 0 0 0 0 0 0 0 0 0 0 0 0 0 0.0294118 0 0 0.0294118 0.235294 0.205882 0.323529 0.0882353 0.0882353 0 0 0 0 0 0 

1120 1097 799 37 25 0.123063 0 0 0 0 0 0 0 0 0 0 0 0 0 0 0 0 0 0 0 0.0294118 0 0.147059 0.176471 0.205882 0.235294 0.0882353 0.0588235 0.0588235 0 0 0 0 0 

1120 1097 809 37 0 0.145852 0 0 0 0 0 0 0 0 0 0 0 0 0 0 0 0 0 0 0 0 0.0588235 0.0882353 0.147059 0.0882353 0.235294 0.352941 0.0294118 0 0 0 0 0 0 

1088 1059 788 37 0 0.151086 0 0 0 0 0 0 0 0 0 0 0 0 0 0 0 0 0 0 0.030303 0 0.030303 0.0606061 0.0909091 0.151515 0.181818 0.363636 0.030303 0.0606061 0 0 0 0 0 

1120 1097 799 37 0 0.145852 0 0 0 0 0 0 0 0 0 0 0 0 0 0 0 0 0 0 0 0 0.0294118 0.0882353 0.147059 0.235294 0.352941 0.147059 0 0 0 0 0 0 0 

