11680 11660 8461 268 0 0.686106 0 0 0 0 0 0 0 0 0 0 0 0 0 0 0 0.00274725 0 0 0.00824176 0.0164835 0.0412088 0.0824176 0.14011 0.239011 0.236264 0.181319 0.0412088 0.00824176 0.00274725 0 0 0 0 

11200 11174 8164 268 0 0.715948 0 0 0 0 0 0 0 0 0 0 0 0 0 0 0 0 0 0 0.00286533 0.0114613 0.0315186 0.0945559 0.114613 0.22063 0.295129 0.157593 0.0630372 0.00859599 0 0 0 0 0 

11648 11627 8442 268 0 0.688054 0 0 0 0 0 0 0 0 0 0 0 0 0 0 0 0 0 0 0.00826446 0.0165289 0.046832 0.0964187 0.15427 0.245179 0.15978 0.184573 0.0661157 0.0165289 0.00550964 0 0 0 0 

11648 11628 8409 268 0 0.687994 0 0 0 0 0 0 0 0 0 0 0 0 0 0 0 0 0 0 0.00275482 0.00826446 0.0633609 0.0964187 0.14876 0.256198 0.22314 0.132231 0.0523416 0.0165289 0 0 0 0 0 

11776 11749 8486 268 0 0.680909 0 0 0 0 0 0 0 0 0 0 0 0 0 0 0 0 0 0.00544959 0.00544959 0.0108992 0.0408719 0.0953678 0.196185 0.231608 0.185286 0.160763 0.0572207 0.0108992 0 0 0 0 0 

11616 11597 8406 268 0 0.689834 0 0 0 0 0 0 0 0 0 0 0 0 0 0 0 0 0 0.00276243 0.00552486 0.019337 0.038674 0.0856354 0.168508 0.240331 0.212707 0.146409 0.0635359 0.0165746 0 0 0 0 0 

11616 11595 8386 268 0 0.689953 0 0 0 0 0 0 0 0 0 0 0 0 0 0 0 0 0 0 0.0110497 0.0165746 0.0414365 0.10221 0.160221 0.248619 0.18232 0.157459 0.0718232 0.00828729 0 0 0 0 0 

11392 11372 8299 268 0 0.703482 0 0 0 0 0 0 0 0 0 0 0 0 0 0 0 0 0 0.0028169 0.0056338 0.0197183 0.0366197 0.0816901 0.132394 0.214085 0.24507 0.16338 0.0929577 0.0056338 0 0 0 0 0 

11968 11940 8644 268 0 0.670017 0 0 0 0 0 0 0 0 0 0 0 0 0 0 0 0 0 0 0.00536193 0.0160858 0.0348525 0.077748 0.193029 0.230563 0.246649 0.131367 0.0589812 0.00536193 0 0 0 0 0 

11264 11235 8168 268 0 0.712061 0 0 0 0 0 0 0 0 0 0 0 0 0 0 0 0 0 0 0.002849 0.011396 0.048433 0.0911681 0.162393 0.193732 0.25641 0.153846 0.0712251 0.00854701 0 0 0 0 0 

