416 395 292 37 0 0.405063 0 0 0 0 0 0 0 0 0 0 0 0 0 0 0 0 0 0 0 0 0 0.0833333 0.0833333 0.416667 0.25 0.0833333 0.0833333 0 0 0 0 0 0 

384 367 269 37 0 0.435967 0 0 0 0 0 0 0 0 0 0 0 0 0 0 0 0 0 0 0 0 0 0.181818 0.272727 0 0.454545 0 0.0909091 0 0 0 0 0 0 

384 379 286 37 0 0.422164 0 0 0 0 0 0 0 0 0 0 0 0 0 0 0 0 0 0 0 0 0 0 0 0.545455 0.363636 0.0909091 0 0 0 0 0 0 0 

384 373 274 37 0 0.428954 0 0 0 0 0 0 0 0 0 0 0 0 0 0 0 0 0 0 0 0 0.0909091 0.0909091 0.181818 0.0909091 0.454545 0.0909091 0 0 0 0 0 0 0 

416 401 297 37 0 0.399002 0 0 0 0 0 0 0 0 0 0 0 0 0 0 0 0 0 0 0 0 0 0 0.25 0.333333 0.333333 0 0.0833333 0 0 0 0 0 0 

544 531 392 37 0 0.301318 0 0 0 0 0 0 0 0 0 0 0 0 0 0 0 0 0 0 0 0 0.0625 0.125 0.0625 0.3125 0.1875 0.1875 0 0.0625 0 0 0 0 0 

448 433 313 37 0 0.369515 0 0 0 0 0 0 0 0 0 0 0 0 0 0 0 0 0 0 0 0 0.0769231 0.153846 0.230769 0.153846 0.230769 0.153846 0 0 0 0 0 0 0 

480 461 338 37 0 0.347072 0 0 0 0 0 0 0 0 0 0 0 0 0 0 0 0 0 0 0 0 0.142857 0.0714286 0.0714286 0.142857 0.357143 0.142857 0.0714286 0 0 0 0 0 0 

224 205 160 32 0 0.780488 0 0 0 0 0 0 0 0 0 0 0 0 0 0 0 0 0 0 0 0 0 0 0.166667 0 0.333333 0.166667 0.333333 0 0 0 0 0 0 

256 246 187 37 0 0.650406 0 0 0 0 0 0 0 0 0 0 0 0 0 0 0 0 0 0 0 0 0 0 0.285714 0.142857 0.428571 0 0.142857 0 0 0 0 0 0 

288 266 196 37 0 0.601504 0 0 0 0 0 0 0 0 0 0 0 0 0 0 0 0 0 0 0 0 0 0.25 0.125 0 0.375 0.25 0 0 0 0 0 0 0 

288 271 202 37 0 0.590406 0 0 0 0 0 0 0 0 0 0 0 0 0 0 0 0 0 0 0 0 0 0.125 0.125 0.375 0.125 0.125 0.125 0 0 0 0 0 0 

224 211 160 27 0 0.758294 0 0 0 0 0 0 0 0 0 0 0 0 0 0 0 0 0 0 0 0 0.166667 0 0 0.166667 0.5 0 0.166667 0 0 0 0 0 0 

224 216 160 29 0 0.740741 0 0 0 0 0 0 0 0 0 0 0 0 0 0 0 0 0 0 0.166667 0 0 0.166667 0 0.333333 0.166667 0 0 0.166667 0 0 0 0 0 

288 262 191 37 0 0.610687 0 0 0 0 0 0 0 0 0 0 0 0 0 0 0 0 0 0 0 0 0 0.125 0.25 0.375 0.125 0 0 0.125 0 0 0 0 0 

288 271 197 37 0 0.590406 0 0 0 0 0 0 0 0 0 0 0 0 0 0 0 0 0 0 0 0 0 0.25 0 0.5 0.25 0 0 0 0 0 0 0 0 

320 297 221 37 0 0.538721 0 0 0 0 0 0 0 0 0 0 0 0 0 0 0 0 0 0 0 0 0 0 0.111111 0.555556 0.111111 0.111111 0.111111 0 0 0 0 0 0 

416 406 294 37 0 0.394089 0 0 0 0 0 0 0 0 0 0 0 0 0 0 0 0 0 0 0 0.0833333 0.166667 0.0833333 0.166667 0.166667 0 0.166667 0.166667 0 0 0 0 0 0 

384 361 262 37 0 0.443213 0 0 0 0 0 0 0 0 0 0 0 0 0 0 0 0 0 0 0 0.0909091 0 0.181818 0.181818 0.0909091 0.181818 0.0909091 0.181818 0 0 0 0 0 0 

448 423 301 37 0 0.378251 0 0 0 0 0 0 0 0 0 0 0 0 0 0 0 0 0 0 0 0.0769231 0 0.230769 0.153846 0.0769231 0.384615 0.0769231 0 0 0 0 0 0 0 

416 399 291 37 0 0.401002 0 0 0 0 0 0 0 0 0 0 0 0 0 0 0 0 0 0 0 0.0833333 0 0.25 0.0833333 0 0.25 0.333333 0 0 0 0 0 0 0 

416 391 286 37 0 0.409207 0 0 0 0 0 0 0 0 0 0 0 0 0 0 0 0 0 0 0 0.166667 0 0 0.166667 0.166667 0.0833333 0.333333 0 0.0833333 0 0 0 0 0 

352 323 232 37 0 0.495356 0 0 0 0 0 0 0 0 0 0 0 0 0 0 0 0 0 0 0 0 0.1 0 0.3 0.3 0.2 0 0.1 0 0 0 0 0 0 

320 302 232 37 0 0.529801 0 0 0 0 0 0 0 0 0 0 0 0 0 0 0 0 0 0 0 0 0 0 0 0.333333 0.111111 0.555556 0 0 0 0 0 0 0 

352 339 253 37 0 0.471976 0 0 0 0 0 0 0 0 0 0 0 0 0 0 0 0 0 0 0 0 0 0.2 0.1 0.1 0.3 0.3 0 0 0 0 0 0 0 

416 407 296 37 0 0.39312 0 0 0 0 0 0 0 0 0 0 0 0 0 0 0 0 0 0 0 0 0 0.0833333 0.416667 0.166667 0.333333 0 0 0 0 0 0 0 0 

416 408 304 37 0 0.392157 0 0 0 0 0 0 0 0 0 0 0 0 0 0 0 0 0 0 0.0833333 0.0833333 0 0 0.0833333 0.166667 0.25 0.166667 0.0833333 0.0833333 0 0 0 0 0 

224 211 161 37 0 0.758294 0 0 0 0 0 0 0 0 0 0 0 0 0 0 0 0 0 0 0 0 0 0 0.333333 0 0.333333 0.333333 0 0 0 0 0 0 0 

256 244 189 37 0 0.655738 0 0 0 0 0 0 0 0 0 0 0 0 0 0 0 0 0 0 0 0 0 0 0.285714 0.142857 0 0.285714 0.285714 0 0 0 0 0 0 

352 344 269 37 0 0.465116 0 0 0 0 0 0 0 0 0 0 0 0 0 0 0 0 0 0 0 0 0 0 0.1 0.4 0 0.1 0.3 0 0.1 0 0 0 0 

256 235 166 37 0 0.680851 0 0 0 0 0 0 0 0 0 0 0 0 0 0 0 0 0 0 0 0.142857 0.142857 0.285714 0 0.142857 0 0.142857 0.142857 0 0 0 0 0 0 

416 403 300 37 0 0.397022 0 0 0 0 0 0 0 0 0 0 0 0 0 0 0 0 0 0 0 0 0 0.0833333 0.0833333 0.333333 0.333333 0.166667 0 0 0 0 0 0 0 

288 275 201 37 0 0.581818 0 0 0 0 0 0 0 0 0 0 0 0 0 0 0 0 0 0 0.125 0.125 0 0 0.25 0 0.25 0 0.125 0.125 0 0 0 0 0 

288 267 197 37 0 0.599251 0 0 0 0 0 0 0 0 0 0 0 0 0 0 0 0 0 0 0 0 0 0.125 0.125 0.375 0.125 0.25 0 0 0 0 0 0 0 

320 307 229 37 0 0.521173 0 0 0 0 0 0 0 0 0 0 0 0 0 0 0 0 0 0 0 0 0 0.111111 0 0.555556 0.111111 0.222222 0 0 0 0 0 0 0 

320 310 241 37 0 0.516129 0 0 0 0 0 0 0 0 0 0 0 0 0 0 0 0 0 0 0 0 0 0 0.111111 0.111111 0.333333 0.333333 0 0.111111 0 0 0 0 0 

352 332 251 37 0 0.481928 0 0 0 0 0 0 0 0 0 0 0 0 0 0 0 0 0 0 0 0 0 0.1 0.1 0.3 0.2 0.1 0 0.2 0 0 0 0 0 

288 275 210 37 0 0.581818 0 0 0 0 0 0 0 0 0 0 0 0 0 0 0 0 0 0 0 0 0 0 0.125 0.25 0.375 0.125 0.125 0 0 0 0 0 0 

224 207 161 37 0 0.772947 0 0 0 0 0 0 0 0 0 0 0 0 0 0 0 0 0 0 0 0 0 0 0 0.5 0 0.166667 0.333333 0 0 0 0 0 0 

256 235 179 37 0 0.680851 0 0 0 0 0 0 0 0 0 0 0 0 0 0 0 0 0 0 0 0 0 0 0.142857 0 0.571429 0.285714 0 0 0 0 0 0 0 

352 336 250 37 0 0.47619 0 0 0 0 0 0 0 0 0 0 0 0 0 0 0 0 0 0 0 0 0 0.1 0.3 0.2 0.1 0.1 0.2 0 0 0 0 0 0 

320 292 211 37 0 0.547945 0 0 0 0 0 0 0 0 0 0 0 0 0 0 0 0 0 0 0 0 0 0.222222 0.111111 0.222222 0.333333 0.111111 0 0 0 0 0 0 0 

352 328 239 37 0 0.487805 0 0 0 0 0 0 0 0 0 0 0 0 0 0 0 0 0 0 0 0 0.2 0.1 0 0.3 0 0.3 0.1 0 0 0 0 0 0 

224 211 160 31 0 0.758294 0 0 0 0 0 0 0 0 0 0 0 0 0 0 0 0 0 0 0 0 0 0.166667 0.166667 0.166667 0.166667 0.166667 0.166667 0 0 0 0 0 0 

352 345 252 37 0 0.463768 0 0 0 0 0 0 0 0 0 0 0 0 0 0 0 0 0 0 0 0 0.1 0.1 0.1 0.4 0.3 0 0 0 0 0 0 0 0 

288 276 219 37 0 0.57971 0 0 0 0 0 0 0 0 0 0 0 0 0 0 0 0 0 0 0 0 0 0 0.125 0.125 0 0.5 0.125 0 0.125 0 0 0 0 

288 273 203 37 0 0.586081 0 0 0 0 0 0 0 0 0 0 0 0 0 0 0 0 0 0 0 0 0 0 0.5 0.125 0.125 0.125 0.125 0 0 0 0 0 0 

448 433 320 37 0 0.369515 0 0 0 0 0 0 0 0 0 0 0 0 0 0 0 0 0 0 0 0 0 0.0769231 0.230769 0.230769 0.230769 0.230769 0 0 0 0 0 0 0 

320 303 221 37 0 0.528053 0 0 0 0 0 0 0 0 0 0 0 0 0 0 0 0 0 0 0 0 0.222222 0 0.222222 0.111111 0.222222 0.111111 0.111111 0 0 0 0 0 0 

352 328 234 37 0 0.487805 0 0 0 0 0 0 0 0 0 0 0 0 0 0 0 0 0 0.1 0 0 0 0.1 0 0.5 0.2 0.1 0 0 0 0 0 0 0 

352 326 238 37 0 0.490798 0 0 0 0 0 0 0 0 0 0 0 0 0 0 0 0 0 0 0 0 0 0.1 0.1 0.3 0.5 0 0 0 0 0 0 0 0 

384 359 254 37 0 0.445682 0 0 0 0 0 0 0 0 0 0 0 0 0 0 0 0 0 0 0 0 0 0.181818 0.454545 0.181818 0.0909091 0.0909091 0 0 0 0 0 0 0 

320 305 225 37 0 0.52459 0 0 0 0 0 0 0 0 0 0 0 0 0 0 0 0 0 0 0 0 0 0.111111 0.222222 0.333333 0.111111 0.222222 0 0 0 0 0 0 0 

320 292 222 37 0 0.547945 0 0 0 0 0 0 0 0 0 0 0 0 0 0 0 0 0 0 0 0 0 0 0.111111 0.111111 0.444444 0.111111 0.222222 0 0 0 0 0 0 

320 296 216 37 0 0.540541 0 0 0 0 0 0 0 0 0 0 0 0 0 0 0 0 0 0 0 0 0 0 0.333333 0.333333 0.222222 0.111111 0 0 0 0 0 0 0 

320 301 227 37 0 0.531561 0 0 0 0 0 0 0 0 0 0 0 0 0 0 0 0 0 0 0 0 0 0.111111 0.111111 0.222222 0.222222 0.111111 0.222222 0 0 0 0 0 0 

384 370 262 37 0 0.432432 0 0 0 0 0 0 0 0 0 0 0 0 0 0 0 0 0 0 0 0.0909091 0.0909091 0.272727 0.0909091 0.181818 0.0909091 0.181818 0 0 0 0 0 0 0 

576 568 413 37 0 0.28169 0 0 0 0 0 0 0 0 0 0 0 0 0 0 0 0 0 0 0 0 0.117647 0.117647 0.176471 0.176471 0.176471 0.235294 0 0 0 0 0 0 0 

320 308 222 37 0 0.519481 0 0 0 0 0 0 0 0 0 0 0 0 0 0 0 0 0 0 0 0.111111 0 0.222222 0 0.333333 0.333333 0 0 0 0 0 0 0 0 

576 560 405 37 0 0.285714 0 0 0 0 0 0 0 0 0 0 0 0 0 0 0 0 0 0 0.0588235 0 0 0.117647 0.117647 0.294118 0.352941 0 0.0588235 0 0 0 0 0 0 

416 402 294 37 0 0.39801 0 0 0 0 0 0 0 0 0 0 0 0 0 0 0 0 0 0 0.0833333 0 0 0.166667 0.0833333 0.25 0.0833333 0.25 0.0833333 0 0 0 0 0 0 

544 537 397 37 0 0.297952 0 0 0 0 0 0 0 0 0 0 0 0 0 0 0 0 0 0 0 0 0 0.1875 0.3125 0.125 0.0625 0.125 0.125 0.0625 0 0 0 0 0 

352 328 233 37 0 0.487805 0 0 0 0 0 0 0 0 0 0 0 0 0 0 0 0 0 0 0 0.1 0 0.1 0.3 0.2 0.2 0.1 0 0 0 0 0 0 0 

608 598 435 37 0 0.267559 0 0 0 0 0 0 0 0 0 0 0 0 0 0 0 0 0 0 0.0555556 0 0 0.166667 0.166667 0.222222 0.166667 0.111111 0.111111 0 0 0 0 0 0 

576 559 416 37 0 0.286225 0 0 0 0 0 0 0 0 0 0 0 0 0 0 0 0 0 0 0 0.0588235 0 0 0.117647 0.117647 0.529412 0.117647 0.0588235 0 0 0 0 0 0 

448 431 326 37 0 0.37123 0 0 0 0 0 0 0 0 0 0 0 0 0 0 0 0 0 0 0 0 0.0769231 0 0.153846 0.0769231 0.307692 0.153846 0.230769 0 0 0 0 0 0 

480 470 350 37 0 0.340426 0 0 0 0 0 0 0 0 0 0 0 0 0 0 0 0 0 0 0 0 0 0.0714286 0.214286 0.142857 0.357143 0.214286 0 0 0 0 0 0 0 

256 243 179 37 0 0.658436 0 0 0 0 0 0 0 0 0 0 0 0 0 0 0 0 0 0 0 0 0.285714 0 0 0.142857 0.428571 0.142857 0 0 0 0 0 0 0 

320 305 230 37 0 0.52459 0 0 0 0 0 0 0 0 0 0 0 0 0 0 0 0 0 0 0 0 0 0 0 0.444444 0.444444 0.111111 0 0 0 0 0 0 0 

384 372 271 37 0 0.430108 0 0 0 0 0 0 0 0 0 0 0 0 0 0 0 0 0 0 0 0 0.0909091 0 0.363636 0.181818 0.272727 0.0909091 0 0 0 0 0 0 0 

352 341 247 37 0 0.469208 0 0 0 0 0 0 0 0 0 0 0 0 0 0 0 0 0 0.1 0 0 0 0.3 0 0 0.4 0.2 0 0 0 0 0 0 0 

544 523 379 37 0 0.305927 0 0 0 0 0 0 0 0 0 0 0 0 0 0 0 0 0 0 0 0 0 0.25 0.25 0.0625 0.25 0.0625 0.125 0 0 0 0 0 0 

224 211 160 26 0 0.758294 0 0 0 0 0 0 0 0 0 0 0 0 0 0 0 0 0 0 0 0 0 0 0 0.5 0.5 0 0 0 0 0 0 0 0 

224 213 160 27 0 0.751174 0 0 0 0 0 0 0 0 0 0 0 0 0 0 0 0 0 0 0 0 0.166667 0 0.166667 0.166667 0.166667 0.333333 0 0 0 0 0 0 0 

224 216 161 35 0 0.740741 0 0 0 0 0 0 0 0 0 0 0 0 0 0 0 0.166667 0 0 0 0 0 0 0 0.333333 0.166667 0 0.333333 0 0 0 0 0 0 

256 241 182 37 0 0.6639 0 0 0 0 0 0 0 0 0 0 0 0 0 0 0 0 0 0 0 0 0 0.142857 0 0.285714 0.285714 0.285714 0 0 0 0 0 0 0 

224 208 163 37 0 0.769231 0 0 0 0 0 0 0 0 0 0 0 0 0 0 0 0 0 0 0 0 0 0 0.166667 0.166667 0.166667 0.166667 0.166667 0.166667 0 0 0 0 0 

224 210 163 37 0 0.761905 0 0 0 0 0 0 0 0 0 0 0 0 0 0 0 0 0 0 0 0 0 0 0.166667 0 0.5 0.166667 0.166667 0 0 0 0 0 0 

256 228 161 37 0 0.701754 0 0 0 0 0 0 0 0 0 0 0 0 0 0 0 0 0 0 0 0 0.142857 0.285714 0.142857 0.285714 0 0 0 0.142857 0 0 0 0 0 

288 276 199 37 0 0.57971 0 0 0 0 0 0 0 0 0 0 0 0 0 0 0 0 0 0.125 0 0 0 0.25 0 0.375 0 0.125 0.125 0 0 0 0 0 0 

288 277 203 37 0 0.577617 0 0 0 0 0 0 0 0 0 0 0 0 0 0 0 0 0 0 0 0.125 0 0 0.25 0.375 0 0.25 0 0 0 0 0 0 0 

288 270 205 37 0 0.592593 0 0 0 0 0 0 0 0 0 0 0 0 0 0 0 0 0 0 0 0 0 0 0.125 0.25 0.375 0.125 0.125 0 0 0 0 0 0 

224 213 161 37 0 0.751174 0 0 0 0 0 0 0 0 0 0 0 0 0 0 0 0 0 0 0 0 0 0 0.166667 0.333333 0.5 0 0 0 0 0 0 0 0 

224 213 160 25 0 0.751174 0 0 0 0 0 0 0 0 0 0 0 0 0 0 0 0 0 0 0 0 0 0.166667 0.333333 0 0.166667 0.333333 0 0 0 0 0 0 0 

288 264 192 37 0 0.606061 0 0 0 0 0 0 0 0 0 0 0 0 0 0 0 0 0 0 0 0 0.125 0 0.25 0.125 0.375 0.125 0 0 0 0 0 0 0 

256 241 182 37 0 0.6639 0 0 0 0 0 0 0 0 0 0 0 0 0 0 0 0 0 0 0 0 0 0 0.142857 0.285714 0.428571 0.142857 0 0 0 0 0 0 0 

224 214 160 33 0 0.747664 0 0 0 0 0 0 0 0 0 0 0 0 0 0 0 0 0 0 0 0 0 0.166667 0.5 0 0 0.166667 0.166667 0 0 0 0 0 0 

224 211 166 37 0 0.758294 0 0 0 0 0 0 0 0 0 0 0 0 0 0 0 0 0 0 0 0 0 0 0.166667 0 0.5 0 0.166667 0.166667 0 0 0 0 0 

256 227 160 32 0 0.704846 0 0 0 0 0 0 0 0 0 0 0 0 0 0 0 0 0 0 0 0 0.142857 0 0.428571 0.142857 0.285714 0 0 0 0 0 0 0 0 

256 226 163 27 0 0.707965 0 0 0 0 0 0 0 0 0 0 0 0 0 0 0 0 0 0 0 0 0.142857 0.285714 0 0.142857 0 0.285714 0.142857 0 0 0 0 0 0 

288 265 202 37 0 0.603774 0 0 0 0 0 0 0 0 0 0 0 0 0 0 0 0 0 0 0 0 0 0 0.125 0.125 0.375 0.25 0.125 0 0 0 0 0 0 

256 232 160 30 0 0.689655 0 0 0 0 0 0 0 0 0 0 0 0 0 0 0 0 0 0 0 0.142857 0.142857 0.142857 0.142857 0.285714 0.142857 0 0 0 0 0 0 0 0 

224 214 161 35 0 0.747664 0 0 0 0 0 0 0 0 0 0 0 0 0 0 0 0 0 0 0 0 0 0.166667 0 0.5 0.166667 0.166667 0 0 0 0 0 0 0 

224 205 160 34 0 0.780488 0 0 0 0 0 0 0 0 0 0 0 0 0 0 0 0 0 0 0 0 0 0 0 0.166667 0.333333 0.333333 0.166667 0 0 0 0 0 0 

288 261 198 37 0 0.613027 0 0 0 0 0 0 0 0 0 0 0 0 0 0 0 0 0 0 0 0 0 0 0 0.25 0.375 0.375 0 0 0 0 0 0 0 

224 208 161 37 0 0.769231 0 0 0 0 0 0 0 0 0 0 0 0 0 0 0 0 0 0 0 0 0 0 0.166667 0.166667 0.166667 0.333333 0.166667 0 0 0 0 0 0 

320 296 216 37 0 0.540541 0 0 0 0 0 0 0 0 0 0 0 0 0 0 0 0 0 0 0 0 0 0.111111 0.111111 0.555556 0.111111 0 0.111111 0 0 0 0 0 0 

320 292 217 37 0 0.547945 0 0 0 0 0 0 0 0 0 0 0 0 0 0 0 0 0 0 0.111111 0 0 0.111111 0 0.111111 0.222222 0.222222 0.111111 0.111111 0 0 0 0 0 

288 265 210 37 0 0.603774 0 0 0 0 0 0 0 0 0 0 0 0 0 0 0 0 0 0 0 0 0 0 0 0.125 0 0.5 0.375 0 0 0 0 0 0 

256 236 175 37 0 0.677966 0 0 0 0 0 0 0 0 0 0 0 0 0 0 0 0 0 0 0 0 0 0.142857 0 0.428571 0.285714 0.142857 0 0 0 0 0 0 0 

