544 523 391 53 0 0.611855 0 0 0 0 0 0 0 0 0 0 0 0 0 0 0 0 0 0 0 0 0 0.0625 0.1875 0.1875 0.1875 0.25 0.125 0 0 0 0 0 0 

480 468 347 53 0 0.683761 0 0 0 0 0 0 0 0 0 0 0 0 0 0 0 0 0 0 0 0 0 0.0714286 0.285714 0.214286 0.214286 0.0714286 0.142857 0 0 0 0 0 0 

448 436 321 53 0 0.733945 0 0 0 0 0 0 0 0 0 0 0 0 0 0 0 0 0 0 0 0 0.0769231 0.0769231 0.0769231 0.461538 0.0769231 0.153846 0.0769231 0 0 0 0 0 0 

512 494 368 53 0 0.647773 0 0 0 0 0 0 0 0 0 0 0 0 0 0 0 0 0 0 0 0 0.0666667 0.0666667 0.2 0.133333 0.133333 0.266667 0.0666667 0.0666667 0 0 0 0 0 

608 587 433 53 0 0.545145 0 0 0 0 0 0 0 0 0 0 0 0 0 0 0 0 0 0 0 0.0555556 0 0.111111 0.111111 0.0555556 0.388889 0.222222 0.0555556 0 0 0 0 0 0 

608 588 432 53 0 0.544218 0 0 0 0 0 0 0 0 0 0 0 0 0 0 0 0 0 0 0 0.111111 0 0 0.111111 0.222222 0.277778 0.222222 0.0555556 0 0 0 0 0 0 

640 619 450 53 0 0.516963 0 0 0 0 0 0 0 0 0 0 0 0 0 0 0 0 0 0 0 0 0.105263 0 0.315789 0.210526 0.105263 0.157895 0.105263 0 0 0 0 0 0 

512 493 361 53 0 0.649087 0 0 0 0 0 0 0 0 0 0 0 0 0 0 0 0 0 0 0 0 0.0666667 0.133333 0.0666667 0.2 0.333333 0.2 0 0 0 0 0 0 0 

448 439 321 49 0 0.728929 0 0 0 0 0 0 0 0 0 0 0 0 0 0 0 0 0 0 0 0 0.153846 0 0.153846 0.307692 0.230769 0.153846 0 0 0 0 0 0 0 

640 619 446 53 0 0.516963 0 0 0 0 0 0 0 0 0 0 0 0 0 0 0 0 0 0 0 0 0.0526316 0.210526 0.210526 0.105263 0.263158 0.105263 0 0.0526316 0 0 0 0 0 

544 520 371 53 0 0.615385 0 0 0 0 0 0 0 0 0 0 0 0 0 0 0 0 0 0.0625 0 0 0 0 0.375 0.1875 0.3125 0.0625 0 0 0 0 0 0 0 

608 592 423 53 0 0.540541 0 0 0 0 0 0 0 0 0 0 0 0 0 0 0 0 0 0 0 0.0555556 0.0555556 0.277778 0 0.277778 0.111111 0.222222 0 0 0 0 0 0 0 

704 690 507 53 0 0.463768 0 0 0 0 0 0 0 0 0 0 0 0 0 0 0 0 0 0 0 0.0952381 0 0.047619 0.190476 0.047619 0.285714 0.333333 0 0 0 0 0 0 0 

512 488 357 53 0 0.655738 0 0 0 0 0 0 0 0 0 0 0 0 0 0 0 0 0 0 0 0 0.0666667 0.0666667 0.2 0.2 0.2 0.2 0.0666667 0 0 0 0 0 0 

608 587 428 53 0 0.545145 0 0 0 0 0 0 0 0 0 0 0 0 0 0 0 0 0 0 0 0.0555556 0 0.111111 0.166667 0.222222 0.166667 0.222222 0.0555556 0 0 0 0 0 0 

512 492 368 53 0 0.650406 0 0 0 0 0 0 0 0 0 0 0 0 0 0 0 0 0 0 0 0 0 0 0.133333 0.333333 0.2 0.333333 0 0 0 0 0 0 0 

704 686 502 53 0 0.466472 0 0 0 0 0 0 0 0 0 0 0 0 0 0 0 0 0 0 0 0 0 0.142857 0.190476 0.285714 0.190476 0.0952381 0.047619 0.047619 0 0 0 0 0 

512 499 355 53 0 0.641283 0 0 0 0 0 0 0 0 0 0 0 0 0 0 0 0 0 0.0666667 0 0 0.133333 0.0666667 0.2 0.2 0.2 0.0666667 0.0666667 0 0 0 0 0 0 

544 519 380 53 0 0.61657 0 0 0 0 0 0 0 0 0 0 0 0 0 0 0 0 0 0 0 0 0 0 0.3125 0.3125 0.125 0.25 0 0 0 0 0 0 0 

608 585 422 53 0 0.547009 0 0 0 0 0 0 0 0 0 0 0 0 0 0 0 0 0 0 0 0 0.0555556 0.0555556 0.277778 0.111111 0.5 0 0 0 0 0 0 0 0 

544 527 386 53 0 0.607211 0 0 0 0 0 0 0 0 0 0 0 0 0 0 0 0 0 0 0 0 0 0.0625 0.375 0.0625 0.375 0.0625 0.0625 0 0 0 0 0 0 

608 583 441 53 0 0.548885 0 0 0 0 0 0 0 0 0 0 0 0 0 0 0 0 0 0 0 0 0 0.0555556 0.0555556 0.277778 0.166667 0.333333 0.0555556 0 0.0555556 0 0 0 0 

448 434 321 51 0 0.737327 0 0 0 0 0 0 0 0 0 0 0 0 0 0 0 0 0 0 0 0 0 0.0769231 0.153846 0.307692 0.307692 0.153846 0 0 0 0 0 0 0 

544 517 380 53 0 0.618955 0 0 0 0 0 0 0 0 0 0 0 0 0 0 0 0 0 0 0.0625 0 0 0 0.3125 0.1875 0.0625 0.25 0.0625 0 0.0625 0 0 0 0 

608 585 423 53 0 0.547009 0 0 0 0 0 0 0 0 0 0 0 0 0 0 0 0 0 0 0 0.0555556 0.0555556 0.0555556 0.166667 0.333333 0.0555556 0.222222 0.0555556 0 0 0 0 0 0 

736 715 525 53 0 0.447552 0 0 0 0 0 0 0 0 0 0 0 0 0 0 0 0 0 0 0 0.0909091 0 0.0909091 0.136364 0.0909091 0.227273 0.272727 0.0909091 0 0 0 0 0 0 

480 459 339 53 0 0.697168 0 0 0 0 0 0 0 0 0 0 0 0 0 0 0 0 0 0 0 0 0 0.0714286 0.142857 0.357143 0.142857 0.285714 0 0 0 0 0 0 0 

544 521 381 53 0 0.614203 0 0 0 0 0 0 0 0 0 0 0 0 0 0 0 0 0 0 0 0 0 0.125 0.3125 0.1875 0.0625 0.25 0 0.0625 0 0 0 0 0 

576 558 413 53 0 0.573477 0 0 0 0 0 0 0 0 0 0 0 0 0 0 0 0 0 0 0 0.0588235 0 0.117647 0.0588235 0.176471 0.352941 0.0588235 0.176471 0 0 0 0 0 0 

640 615 432 53 0 0.520325 0 0 0 0 0 0 0 0 0 0 0 0 0 0 0 0 0 0 0.0526316 0 0.105263 0.263158 0.157895 0.157895 0.0526316 0.105263 0.0526316 0.0526316 0 0 0 0 0 

704 684 483 53 0 0.467836 0 0 0 0 0 0 0 0 0 0 0 0 0 0 0 0.047619 0 0 0 0.047619 0.190476 0 0.142857 0.142857 0.190476 0.190476 0.047619 0 0 0 0 0 0 

576 556 402 53 0 0.57554 0 0 0 0 0 0 0 0 0 0 0 0 0 0 0 0 0 0 0 0.0588235 0 0.0588235 0.235294 0.294118 0.235294 0.0588235 0.0588235 0 0 0 0 0 0 

576 555 401 53 0 0.576577 0 0 0 0 0 0 0 0 0 0 0 0 0 0 0 0 0 0 0 0 0.0588235 0.0588235 0.352941 0.117647 0.235294 0.176471 0 0 0 0 0 0 0 

640 615 444 53 0 0.520325 0 0 0 0 0 0 0 0 0 0 0 0 0 0 0 0 0 0 0 0 0 0.157895 0.210526 0.263158 0.263158 0.0526316 0.0526316 0 0 0 0 0 0 

608 588 427 53 0 0.544218 0 0 0 0 0 0 0 0 0 0 0 0 0 0 0 0 0 0 0 0 0.111111 0.111111 0.111111 0.277778 0.166667 0.111111 0.111111 0 0 0 0 0 0 

608 586 425 53 0 0.546075 0 0 0 0 0 0 0 0 0 0 0 0 0 0 0 0 0 0 0 0 0.166667 0 0.222222 0.111111 0.277778 0.166667 0.0555556 0 0 0 0 0 0 

576 563 418 53 0 0.568384 0 0 0 0 0 0 0 0 0 0 0 0 0 0 0 0 0 0 0.0588235 0 0 0.0588235 0.117647 0.294118 0.117647 0.176471 0.176471 0 0 0 0 0 0 

576 557 412 53 0 0.574506 0 0 0 0 0 0 0 0 0 0 0 0 0 0 0 0 0 0 0 0 0.0588235 0 0.235294 0.176471 0.176471 0.352941 0 0 0 0 0 0 0 

640 620 445 53 0 0.516129 0 0 0 0 0 0 0 0 0 0 0 0 0 0 0 0 0 0 0 0.0526316 0.105263 0.157895 0.157895 0.0526316 0.263158 0.157895 0 0.0526316 0 0 0 0 0 

608 581 426 53 0 0.550775 0 0 0 0 0 0 0 0 0 0 0 0 0 0 0 0 0 0 0 0 0.0555556 0 0.166667 0.388889 0.111111 0.222222 0.0555556 0 0 0 0 0 0 

544 533 390 53 0 0.600375 0 0 0 0 0 0 0 0 0 0 0 0 0 0 0 0 0 0 0 0 0.0625 0.0625 0.125 0.375 0.25 0.125 0 0 0 0 0 0 0 

480 457 330 53 0 0.700219 0 0 0 0 0 0 0 0 0 0 0 0 0 0 0 0 0 0 0 0.0714286 0.0714286 0.0714286 0.214286 0.142857 0.214286 0.0714286 0.142857 0 0 0 0 0 0 

672 654 470 53 0 0.489297 0 0 0 0 0 0 0 0 0 0 0 0 0 0 0 0 0 0 0 0 0.1 0.05 0.25 0.3 0.15 0.15 0 0 0 0 0 0 0 

576 553 399 53 0 0.578662 0 0 0 0 0 0 0 0 0 0 0 0 0 0 0 0 0 0 0 0.117647 0.117647 0.0588235 0.0588235 0.0588235 0.411765 0.0588235 0.0588235 0.0588235 0 0 0 0 0 

448 430 321 43 0 0.744186 0 0 0 0 0 0 0 0 0 0 0 0 0 0 0 0 0 0 0 0 0 0.230769 0.0769231 0 0.307692 0.307692 0.0769231 0 0 0 0 0 0 

512 489 353 53 0 0.654397 0 0 0 0 0 0 0 0 0 0 0 0 0 0 0 0 0 0 0 0.0666667 0.0666667 0.0666667 0.2 0.0666667 0.4 0.0666667 0.0666667 0 0 0 0 0 0 

608 583 416 53 0 0.548885 0 0 0 0 0 0 0 0 0 0 0 0 0 0 0 0 0 0.0555556 0 0.0555556 0 0 0.222222 0.333333 0.166667 0.166667 0 0 0 0 0 0 0 

608 595 433 53 0 0.537815 0 0 0 0 0 0 0 0 0 0 0 0 0 0 0 0 0 0 0 0 0.0555556 0.0555556 0.222222 0.277778 0.277778 0.111111 0 0 0 0 0 0 0 

640 616 461 53 0 0.519481 0 0 0 0 0 0 0 0 0 0 0 0 0 0 0 0 0 0 0 0.0526316 0.0526316 0.0526316 0 0.210526 0.157895 0.315789 0.105263 0.0526316 0 0 0 0 0 

608 591 428 53 0 0.541455 0 0 0 0 0 0 0 0 0 0 0 0 0 0 0 0 0 0 0 0 0.222222 0 0.166667 0.111111 0.277778 0.166667 0.0555556 0 0 0 0 0 0 

640 622 450 53 0 0.514469 0 0 0 0 0 0 0 0 0 0 0 0 0 0 0 0 0 0 0 0 0.105263 0 0.210526 0.368421 0.210526 0.0526316 0.0526316 0 0 0 0 0 0 

768 747 539 53 0 0.42838 0 0 0 0 0 0 0 0 0 0 0 0 0 0 0 0 0 0 0 0.0434783 0.0869565 0.0434783 0.130435 0.217391 0.347826 0.130435 0 0 0 0 0 0 0 

576 551 405 53 0 0.580762 0 0 0 0 0 0 0 0 0 0 0 0 0 0 0 0 0 0 0 0.0588235 0 0 0.352941 0.0588235 0.117647 0.352941 0.0588235 0 0 0 0 0 0 

608 580 412 53 0 0.551724 0 0 0 0 0 0 0 0 0 0 0 0 0 0 0 0 0 0 0 0 0 0.222222 0.277778 0.277778 0.0555556 0.166667 0 0 0 0 0 0 0 

544 534 393 53 0 0.599251 0 0 0 0 0 0 0 0 0 0 0 0 0 0 0 0 0 0 0 0 0.0625 0.0625 0.25 0.125 0.25 0.25 0 0 0 0 0 0 0 

544 526 399 53 0 0.608365 0 0 0 0 0 0 0 0 0 0 0 0 0 0 0 0 0 0 0 0 0.0625 0 0.125 0.125 0.1875 0.3125 0.1875 0 0 0 0 0 0 

544 520 385 53 0 0.615385 0 0 0 0 0 0 0 0 0 0 0 0 0 0 0 0 0 0 0 0 0 0.0625 0.1875 0.25 0.25 0.125 0.125 0 0 0 0 0 0 

480 460 341 53 0 0.695652 0 0 0 0 0 0 0 0 0 0 0 0 0 0 0 0 0 0 0 0 0 0.142857 0.0714286 0.214286 0.428571 0 0.142857 0 0 0 0 0 0 

672 661 488 53 0 0.484115 0 0 0 0 0 0 0 0 0 0 0 0 0 0 0 0 0 0 0 0.05 0.05 0.15 0.05 0.15 0.15 0.3 0.1 0 0 0 0 0 0 

544 524 386 53 0 0.610687 0 0 0 0 0 0 0 0 0 0 0 0 0 0 0 0 0 0 0 0 0 0.0625 0.3125 0.1875 0.1875 0.1875 0 0.0625 0 0 0 0 0 

576 551 400 53 0 0.580762 0 0 0 0 0 0 0 0 0 0 0 0 0 0 0 0 0 0 0 0.0588235 0.0588235 0 0.294118 0.117647 0.235294 0.176471 0 0.0588235 0 0 0 0 0 

608 586 430 53 0 0.546075 0 0 0 0 0 0 0 0 0 0 0 0 0 0 0 0 0 0 0 0 0 0 0.277778 0.333333 0.166667 0.222222 0 0 0 0 0 0 0 

608 588 433 53 0 0.544218 0 0 0 0 0 0 0 0 0 0 0 0 0 0 0 0 0 0 0 0 0 0.111111 0.0555556 0.388889 0.222222 0.222222 0 0 0 0 0 0 0 

576 558 423 53 0 0.573477 0 0 0 0 0 0 0 0 0 0 0 0 0 0 0 0 0 0 0 0 0 0 0.0588235 0.176471 0.470588 0.235294 0.0588235 0 0 0 0 0 0 

576 554 404 53 0 0.577617 0 0 0 0 0 0 0 0 0 0 0 0 0 0 0 0 0 0 0.0588235 0 0 0.0588235 0.0588235 0.294118 0.411765 0.117647 0 0 0 0 0 0 0 

640 614 444 53 0 0.521173 0 0 0 0 0 0 0 0 0 0 0 0 0 0 0 0 0 0 0 0 0 0.105263 0.368421 0.157895 0.210526 0.0526316 0.105263 0 0 0 0 0 0 

544 529 388 53 0 0.604915 0 0 0 0 0 0 0 0 0 0 0 0 0 0 0 0 0 0 0 0 0.125 0 0.25 0.1875 0.1875 0.125 0.125 0 0 0 0 0 0 

512 491 360 53 0 0.651731 0 0 0 0 0 0 0 0 0 0 0 0 0 0 0 0 0 0 0 0 0 0.133333 0.133333 0.2 0.4 0.133333 0 0 0 0 0 0 0 

544 524 389 53 0 0.610687 0 0 0 0 0 0 0 0 0 0 0 0 0 0 0 0 0 0 0 0 0 0 0.125 0.375 0.375 0.0625 0.0625 0 0 0 0 0 0 

608 592 423 53 0 0.540541 0 0 0 0 0 0 0 0 0 0 0 0 0 0 0 0 0 0 0 0.0555556 0.111111 0 0.277778 0.222222 0.222222 0.111111 0 0 0 0 0 0 0 

768 744 541 53 0 0.430108 0 0 0 0 0 0 0 0 0 0 0 0 0 0 0 0 0 0 0 0 0.0434783 0.0869565 0.0869565 0.391304 0.217391 0.173913 0 0 0 0 0 0 0 

