640 630 459 53 0 0.507937 0 0 0 0 0 0 0 0 0 0 0 0 0 0 0 0 0 0 0 0 0.0526316 0.157895 0.157895 0.210526 0.210526 0.210526 0 0 0 0 0 0 0 

672 657 467 53 0 0.487062 0 0 0 0 0 0 0 0 0 0 0 0 0 0 0 0 0 0 0 0.05 0.05 0.15 0.3 0.1 0.25 0.1 0 0 0 0 0 0 0 

480 458 341 53 0 0.69869 0 0 0 0 0 0 0 0 0 0 0 0 0 0 0 0 0 0 0 0 0.142857 0 0.142857 0.214286 0.142857 0.0714286 0.214286 0.0714286 0 0 0 0 0 

480 463 351 53 0 0.691145 0 0 0 0 0 0 0 0 0 0 0 0 0 0 0 0 0 0 0 0.0714286 0 0 0 0.285714 0.214286 0.285714 0.0714286 0.0714286 0 0 0 0 0 

480 457 333 53 0 0.700219 0 0 0 0 0 0 0 0 0 0 0 0 0 0 0 0 0 0 0 0 0 0.0714286 0.285714 0.357143 0.142857 0.0714286 0 0.0714286 0 0 0 0 0 

480 463 339 53 0 0.691145 0 0 0 0 0 0 0 0 0 0 0 0 0 0 0 0 0 0 0 0 0.0714286 0.142857 0.214286 0.0714286 0.214286 0.214286 0.0714286 0 0 0 0 0 0 

480 468 342 53 0 0.683761 0 0 0 0 0 0 0 0 0 0 0 0 0 0 0 0 0 0 0 0 0 0.0714286 0.285714 0.357143 0.142857 0.142857 0 0 0 0 0 0 0 

576 556 399 53 0 0.57554 0 0 0 0 0 0 0 0 0 0 0 0 0 0 0 0 0 0 0 0.0588235 0 0.235294 0.176471 0.235294 0.0588235 0.117647 0.117647 0 0 0 0 0 0 

672 650 471 53 0 0.492308 0 0 0 0 0 0 0 0 0 0 0 0 0 0 0 0 0 0 0 0.05 0.05 0.1 0.2 0.15 0.2 0.15 0.1 0 0 0 0 0 0 

512 495 368 53 0 0.646465 0 0 0 0 0 0 0 0 0 0 0 0 0 0 0 0 0 0 0 0.0666667 0 0 0.2 0.2 0.133333 0.333333 0.0666667 0 0 0 0 0 0 

544 523 390 53 0 0.611855 0 0 0 0 0 0 0 0 0 0 0 0 0 0 0 0 0 0 0 0 0 0.125 0.1875 0.125 0.125 0.3125 0.125 0 0 0 0 0 0 

480 467 340 53 0 0.685225 0 0 0 0 0 0 0 0 0 0 0 0 0 0 0 0 0 0 0 0 0 0.0714286 0.357143 0.285714 0.214286 0 0.0714286 0 0 0 0 0 0 

640 628 447 53 0 0.509554 0 0 0 0 0 0 0 0 0 0 0 0 0 0 0 0 0 0.0526316 0.0526316 0 0.105263 0.105263 0.157895 0.105263 0.210526 0.105263 0.105263 0 0 0 0 0 0 

480 467 341 53 0 0.685225 0 0 0 0 0 0 0 0 0 0 0 0 0 0 0 0 0 0.0714286 0 0 0 0 0.0714286 0.5 0.214286 0.142857 0 0 0 0 0 0 0 

544 520 378 53 0 0.615385 0 0 0 0 0 0 0 0 0 0 0 0 0 0 0 0 0 0 0 0 0.0625 0.125 0.1875 0.3125 0.0625 0.125 0.0625 0.0625 0 0 0 0 0 

480 473 345 53 0 0.676533 0 0 0 0 0 0 0 0 0 0 0 0 0 0 0 0 0 0 0 0 0.0714286 0.142857 0.285714 0.0714286 0.285714 0.0714286 0.0714286 0 0 0 0 0 0 

640 622 459 53 0 0.514469 0 0 0 0 0 0 0 0 0 0 0 0 0 0 0 0 0 0 0 0 0 0.0526316 0.157895 0.263158 0.421053 0.0526316 0.0526316 0 0 0 0 0 0 

544 522 378 53 0 0.613027 0 0 0 0 0 0 0 0 0 0 0 0 0 0 0 0 0 0 0 0 0.0625 0.125 0.0625 0.375 0.25 0.125 0 0 0 0 0 0 0 

448 424 321 45 0 0.754717 0 0 0 0 0 0 0 0 0 0 0 0 0 0 0 0 0 0 0 0 0 0 0.153846 0.0769231 0.307692 0.461538 0 0 0 0 0 0 0 

640 622 460 53 0 0.514469 0 0 0 0 0 0 0 0 0 0 0 0 0 0 0 0 0 0 0 0 0 0.0526316 0.210526 0.210526 0.263158 0.263158 0 0 0 0 0 0 0 

704 684 493 53 0 0.467836 0 0 0 0 0 0 0 0 0 0 0 0 0 0 0 0 0 0 0 0 0 0.238095 0.142857 0.238095 0.333333 0 0 0.047619 0 0 0 0 0 

480 460 344 53 0 0.695652 0 0 0 0 0 0 0 0 0 0 0 0 0 0 0 0 0 0 0 0 0.142857 0 0.0714286 0.0714286 0.285714 0.357143 0.0714286 0 0 0 0 0 0 

480 455 338 53 0 0.703297 0 0 0 0 0 0 0 0 0 0 0 0 0 0 0 0 0 0 0 0 0.142857 0 0.0714286 0.0714286 0.357143 0.285714 0.0714286 0 0 0 0 0 0 

512 494 359 53 0 0.647773 0 0 0 0 0 0 0 0 0 0 0 0 0 0 0 0 0 0 0 0 0 0.0666667 0.333333 0.266667 0.2 0.133333 0 0 0 0 0 0 0 

480 467 339 53 0 0.685225 0 0 0 0 0 0 0 0 0 0 0 0 0 0 0 0 0 0 0 0 0.142857 0 0.214286 0.357143 0.142857 0.0714286 0.0714286 0 0 0 0 0 0 

480 469 350 53 0 0.682303 0 0 0 0 0 0 0 0 0 0 0 0 0 0 0 0 0 0 0.0714286 0 0.0714286 0 0.0714286 0.142857 0.214286 0.357143 0.0714286 0 0 0 0 0 0 

480 467 345 53 0 0.685225 0 0 0 0 0 0 0 0 0 0 0 0 0 0 0 0 0 0 0 0 0.0714286 0.214286 0.142857 0.0714286 0.142857 0.142857 0.214286 0 0 0 0 0 0 

480 469 334 53 0 0.682303 0 0 0 0 0 0 0 0 0 0 0 0 0 0 0 0 0.0714286 0 0 0.0714286 0 0.214286 0.142857 0.214286 0.0714286 0.0714286 0.0714286 0.0714286 0 0 0 0 0 

576 566 404 53 0 0.565371 0 0 0 0 0 0 0 0 0 0 0 0 0 0 0 0 0 0 0 0 0.117647 0.235294 0.235294 0.0588235 0.176471 0.176471 0 0 0 0 0 0 0 

640 621 457 53 0 0.515298 0 0 0 0 0 0 0 0 0 0 0 0 0 0 0 0 0 0 0 0 0 0.0526316 0.210526 0.263158 0.315789 0.105263 0.0526316 0 0 0 0 0 0 

544 522 381 53 0 0.613027 0 0 0 0 0 0 0 0 0 0 0 0 0 0 0 0 0 0.0625 0 0 0.0625 0.0625 0.25 0.0625 0.1875 0.125 0.0625 0.125 0 0 0 0 0 

544 523 385 53 0 0.611855 0 0 0 0 0 0 0 0 0 0 0 0 0 0 0 0 0 0 0 0 0 0.0625 0.1875 0.375 0.1875 0.0625 0.125 0 0 0 0 0 0 

640 627 455 53 0 0.510367 0 0 0 0 0 0 0 0 0 0 0 0 0 0 0 0 0 0 0.0526316 0 0.0526316 0.157895 0.105263 0.157895 0.210526 0.210526 0.0526316 0 0 0 0 0 0 

480 462 344 53 0 0.692641 0 0 0 0 0 0 0 0 0 0 0 0 0 0 0 0 0 0 0 0.0714286 0 0.0714286 0 0.142857 0.5 0.142857 0.0714286 0 0 0 0 0 0 

480 463 343 53 0 0.691145 0 0 0 0 0 0 0 0 0 0 0 0 0 0 0 0 0 0 0 0 0.0714286 0.142857 0.0714286 0.214286 0.142857 0.214286 0.142857 0 0 0 0 0 0 

576 568 410 53 0 0.56338 0 0 0 0 0 0 0 0 0 0 0 0 0 0 0 0 0 0 0 0 0 0.235294 0.176471 0.294118 0.235294 0.0588235 0 0 0 0 0 0 0 

480 471 352 53 0 0.679406 0 0 0 0 0 0 0 0 0 0 0 0 0 0 0 0 0 0 0 0.0714286 0.0714286 0.142857 0 0.142857 0.142857 0.214286 0.142857 0.0714286 0 0 0 0 0 

512 496 365 53 0 0.645161 0 0 0 0 0 0 0 0 0 0 0 0 0 0 0 0 0 0 0 0.0666667 0 0.133333 0.0666667 0.2 0.2 0.333333 0 0 0 0 0 0 0 

512 501 357 53 0 0.638723 0 0 0 0 0 0 0 0 0 0 0 0 0 0 0 0 0 0 0 0.0666667 0.133333 0.0666667 0.2 0.133333 0.4 0 0 0 0 0 0 0 0 

544 517 378 53 0 0.618955 0 0 0 0 0 0 0 0 0 0 0 0 0 0 0 0 0 0 0 0 0 0.0625 0.125 0.375 0.3125 0.125 0 0 0 0 0 0 0 

640 626 446 53 0 0.511182 0 0 0 0 0 0 0 0 0 0 0 0 0 0 0 0 0 0 0 0 0.105263 0.157895 0.263158 0.210526 0.105263 0.157895 0 0 0 0 0 0 0 

480 470 342 53 0 0.680851 0 0 0 0 0 0 0 0 0 0 0 0 0 0 0 0 0 0 0 0 0 0.142857 0.214286 0.357143 0.214286 0.0714286 0 0 0 0 0 0 0 

448 434 321 53 0 0.737327 0 0 0 0 0 0 0 0 0 0 0 0 0 0 0 0 0 0 0 0.0769231 0 0.0769231 0.0769231 0.153846 0.384615 0.230769 0 0 0 0 0 0 0 

480 464 342 53 0 0.689655 0 0 0 0 0 0 0 0 0 0 0 0 0 0 0 0 0 0 0 0 0.0714286 0.214286 0.142857 0.0714286 0.0714286 0.285714 0.142857 0 0 0 0 0 0 

480 467 348 53 0 0.685225 0 0 0 0 0 0 0 0 0 0 0 0 0 0 0 0 0 0 0 0 0 0.0714286 0.142857 0.142857 0.5 0.142857 0 0 0 0 0 0 0 

480 464 347 53 0 0.689655 0 0 0 0 0 0 0 0 0 0 0 0 0 0 0 0 0 0 0 0 0 0 0.214286 0.142857 0.428571 0.214286 0 0 0 0 0 0 0 

448 427 321 47 0 0.749415 0 0 0 0 0 0 0 0 0 0 0 0 0 0 0 0 0 0 0 0 0 0 0.0769231 0.230769 0.461538 0.230769 0 0 0 0 0 0 0 

448 434 321 52 0 0.737327 0 0 0 0 0 0 0 0 0 0 0 0 0 0 0 0 0 0 0 0 0 0.230769 0.0769231 0.307692 0.0769231 0.153846 0.153846 0 0 0 0 0 0 

480 466 347 53 0 0.686695 0 0 0 0 0 0 0 0 0 0 0 0 0 0 0 0 0 0 0 0 0 0.142857 0 0.428571 0.214286 0.0714286 0.142857 0 0 0 0 0 0 

480 459 342 53 0 0.697168 0 0 0 0 0 0 0 0 0 0 0 0 0 0 0 0 0 0 0 0 0.0714286 0 0.142857 0.214286 0.214286 0.285714 0.0714286 0 0 0 0 0 0 

480 466 345 53 0 0.686695 0 0 0 0 0 0 0 0 0 0 0 0 0 0 0 0 0 0 0 0.0714286 0 0.0714286 0.142857 0.142857 0.285714 0.214286 0.0714286 0 0 0 0 0 0 

512 501 373 53 0 0.638723 0 0 0 0 0 0 0 0 0 0 0 0 0 0 0 0 0 0 0 0 0 0 0.466667 0.133333 0.133333 0.0666667 0.133333 0.0666667 0 0 0 0 0 

512 502 363 53 0 0.63745 0 0 0 0 0 0 0 0 0 0 0 0 0 0 0 0 0 0 0.0666667 0 0.0666667 0.0666667 0.2 0.266667 0.133333 0.133333 0.0666667 0 0 0 0 0 0 

544 520 381 53 0 0.615385 0 0 0 0 0 0 0 0 0 0 0 0 0 0 0 0 0 0 0 0 0.0625 0.0625 0.1875 0.25 0.1875 0.125 0.125 0 0 0 0 0 0 

576 569 409 53 0 0.56239 0 0 0 0 0 0 0 0 0 0 0 0 0 0 0 0 0 0.0588235 0 0 0 0.0588235 0.352941 0.235294 0.176471 0.117647 0 0 0 0 0 0 0 

672 650 463 53 0 0.492308 0 0 0 0 0 0 0 0 0 0 0 0 0 0 0 0 0 0 0 0 0.15 0.1 0.1 0.35 0.2 0.1 0 0 0 0 0 0 0 

512 497 364 53 0 0.643863 0 0 0 0 0 0 0 0 0 0 0 0 0 0 0 0 0 0 0 0 0.0666667 0 0.266667 0.266667 0.2 0.2 0 0 0 0 0 0 0 

480 470 338 53 0 0.680851 0 0 0 0 0 0 0 0 0 0 0 0 0 0 0 0 0 0 0 0 0.142857 0.142857 0.214286 0.142857 0.214286 0.142857 0 0 0 0 0 0 0 

544 524 373 53 0 0.610687 0 0 0 0 0 0 0 0 0 0 0 0 0 0 0 0 0 0 0 0 0.125 0.0625 0.3125 0.1875 0.25 0.0625 0 0 0 0 0 0 0 

544 517 384 53 0 0.618955 0 0 0 0 0 0 0 0 0 0 0 0 0 0 0 0 0 0 0 0 0.125 0 0.1875 0.125 0.1875 0.125 0.1875 0.0625 0 0 0 0 0 

480 462 342 53 0 0.692641 0 0 0 0 0 0 0 0 0 0 0 0 0 0 0 0 0 0 0 0 0.0714286 0.0714286 0.214286 0.0714286 0.285714 0.142857 0.142857 0 0 0 0 0 0 

480 470 348 53 0 0.680851 0 0 0 0 0 0 0 0 0 0 0 0 0 0 0 0 0 0 0 0.0714286 0.0714286 0 0.285714 0 0.285714 0.0714286 0.214286 0 0 0 0 0 0 

640 630 459 53 0 0.507937 0 0 0 0 0 0 0 0 0 0 0 0 0 0 0 0 0 0 0 0 0.0526316 0.105263 0.315789 0.0526316 0.263158 0.210526 0 0 0 0 0 0 0 

480 472 348 53 0 0.677966 0 0 0 0 0 0 0 0 0 0 0 0 0 0 0 0 0 0 0 0 0 0.142857 0.0714286 0.428571 0.214286 0.142857 0 0 0 0 0 0 0 

480 470 339 53 0 0.680851 0 0 0 0 0 0 0 0 0 0 0 0 0 0 0 0 0 0 0 0.142857 0 0.142857 0.142857 0.214286 0.214286 0.0714286 0 0.0714286 0 0 0 0 0 

544 518 376 53 0 0.617761 0 0 0 0 0 0 0 0 0 0 0 0 0 0 0 0 0 0 0 0 0.0625 0.125 0.0625 0.25 0.375 0.125 0 0 0 0 0 0 0 

544 519 370 53 0 0.61657 0 0 0 0 0 0 0 0 0 0 0 0 0 0 0 0 0 0.0625 0 0 0.0625 0.125 0.125 0.25 0.125 0.25 0 0 0 0 0 0 0 

480 459 338 53 0 0.697168 0 0 0 0 0 0 0 0 0 0 0 0 0 0 0 0 0 0 0 0 0 0.0714286 0.214286 0.285714 0.142857 0.285714 0 0 0 0 0 0 0 

640 629 466 53 0 0.508744 0 0 0 0 0 0 0 0 0 0 0 0 0 0 0 0.0526316 0 0 0 0 0.0526316 0 0.210526 0.210526 0.157895 0.0526316 0.157895 0.0526316 0.0526316 0 0 0 0 

448 420 321 41 0 0.761905 0 0 0 0 0 0 0 0 0 0 0 0 0 0 0 0 0 0 0 0 0 0 0.230769 0.0769231 0.307692 0.0769231 0.0769231 0.230769 0 0 0 0 0 

544 520 378 53 0 0.615385 0 0 0 0 0 0 0 0 0 0 0 0 0 0 0 0 0 0 0 0 0.0625 0.125 0.25 0.125 0.1875 0.125 0.125 0 0 0 0 0 0 

640 621 448 53 0 0.515298 0 0 0 0 0 0 0 0 0 0 0 0 0 0 0 0 0 0 0 0 0.0526316 0.210526 0.157895 0.210526 0.157895 0.157895 0.0526316 0 0 0 0 0 0 

640 619 446 53 0 0.516963 0 0 0 0 0 0 0 0 0 0 0 0 0 0 0 0 0 0 0 0.0526316 0.0526316 0.210526 0.0526316 0.157895 0.263158 0.157895 0.0526316 0 0 0 0 0 0 

480 462 336 53 0 0.692641 0 0 0 0 0 0 0 0 0 0 0 0 0 0 0 0 0 0 0 0 0.0714286 0.214286 0.0714286 0.214286 0.285714 0 0.142857 0 0 0 0 0 0 

640 627 451 53 0 0.510367 0 0 0 0 0 0 0 0 0 0 0 0 0 0 0 0 0 0 0 0.0526316 0.105263 0.157895 0.0526316 0.210526 0.210526 0.210526 0 0 0 0 0 0 0 

480 465 350 53 0 0.688172 0 0 0 0 0 0 0 0 0 0 0 0 0 0 0 0 0 0 0 0 0.0714286 0 0.142857 0.214286 0.142857 0.285714 0.142857 0 0 0 0 0 0 

448 428 321 53 0 0.747664 0 0 0 0 0 0 0 0 0 0 0 0 0 0 0 0 0 0 0 0 0 0 0.153846 0.153846 0.461538 0.230769 0 0 0 0 0 0 0 

512 503 372 53 0 0.636183 0 0 0 0 0 0 0 0 0 0 0 0 0 0 0 0 0 0 0 0 0.0666667 0.0666667 0.2 0.266667 0.133333 0.133333 0.133333 0 0 0 0 0 0 

640 622 458 53 0 0.514469 0 0 0 0 0 0 0 0 0 0 0 0 0 0 0 0 0 0 0 0.0526316 0.0526316 0.105263 0.105263 0.105263 0.315789 0.157895 0 0.105263 0 0 0 0 0 

640 625 465 53 0 0.512 0 0 0 0 0 0 0 0 0 0 0 0 0 0 0 0 0 0 0 0 0 0.105263 0.105263 0.263158 0.263158 0.157895 0.105263 0 0 0 0 0 0 

512 493 362 53 0 0.649087 0 0 0 0 0 0 0 0 0 0 0 0 0 0 0 0 0 0 0 0 0 0 0.333333 0.266667 0.2 0.2 0 0 0 0 0 0 0 

640 622 443 53 0 0.514469 0 0 0 0 0 0 0 0 0 0 0 0 0 0 0 0 0 0 0 0.0526316 0 0.157895 0.315789 0.263158 0.0526316 0.105263 0.0526316 0 0 0 0 0 0 

448 427 321 53 0 0.749415 0 0 0 0 0 0 0 0 0 0 0 0 0 0 0 0 0 0 0 0 0 0.0769231 0.153846 0.230769 0.230769 0.0769231 0.153846 0.0769231 0 0 0 0 0 

480 459 336 53 0 0.697168 0 0 0 0 0 0 0 0 0 0 0 0 0 0 0 0 0 0 0 0.0714286 0 0.0714286 0.214286 0.214286 0.214286 0.0714286 0.0714286 0.0714286 0 0 0 0 0 

448 431 321 49 0 0.742459 0 0 0 0 0 0 0 0 0 0 0 0 0 0 0 0 0 0 0 0 0.0769231 0 0.0769231 0.307692 0.307692 0.153846 0.0769231 0 0 0 0 0 0 

512 501 367 53 0 0.638723 0 0 0 0 0 0 0 0 0 0 0 0 0 0 0 0 0 0 0 0 0.0666667 0.266667 0.0666667 0.0666667 0.2 0.333333 0 0 0 0 0 0 0 

512 492 351 53 0 0.650406 0 0 0 0 0 0 0 0 0 0 0 0 0 0 0 0 0 0 0 0.0666667 0.0666667 0.133333 0.2 0.133333 0.266667 0.133333 0 0 0 0 0 0 0 

448 427 321 46 0 0.749415 0 0 0 0 0 0 0 0 0 0 0 0 0 0 0 0 0 0 0 0 0 0 0.153846 0.0769231 0.615385 0.0769231 0.0769231 0 0 0 0 0 0 

544 519 382 53 0 0.61657 0 0 0 0 0 0 0 0 0 0 0 0 0 0 0 0 0 0 0 0.0625 0.125 0 0 0.25 0.25 0.1875 0.0625 0.0625 0 0 0 0 0 

480 460 331 53 0 0.695652 0 0 0 0 0 0 0 0 0 0 0 0 0 0 0 0 0 0 0.0714286 0 0 0.142857 0.285714 0.142857 0.214286 0 0.0714286 0.0714286 0 0 0 0 0 

544 520 375 53 0 0.615385 0 0 0 0 0 0 0 0 0 0 0 0 0 0 0 0 0 0 0 0.0625 0 0.0625 0.1875 0.3125 0.25 0.125 0 0 0 0 0 0 0 

448 426 321 49 0 0.751174 0 0 0 0 0 0 0 0 0 0 0 0 0 0 0 0 0 0 0 0 0 0.0769231 0.153846 0.230769 0.0769231 0.307692 0.0769231 0.0769231 0 0 0 0 0 

448 431 321 53 0 0.742459 0 0 0 0 0 0 0 0 0 0 0 0 0 0 0 0 0 0 0 0 0.153846 0.0769231 0 0.230769 0.153846 0.230769 0.0769231 0.0769231 0 0 0 0 0 

480 459 344 53 0 0.697168 0 0 0 0 0 0 0 0 0 0 0 0 0 0 0 0 0 0 0 0.0714286 0 0.0714286 0.0714286 0.214286 0.285714 0 0.142857 0.142857 0 0 0 0 0 

480 473 352 53 0 0.676533 0 0 0 0 0 0 0 0 0 0 0 0 0 0 0 0 0 0 0 0 0 0.0714286 0.214286 0.214286 0.357143 0.0714286 0.0714286 0 0 0 0 0 0 

448 427 321 51 0 0.749415 0 0 0 0 0 0 0 0 0 0 0 0 0 0 0 0 0 0 0 0 0 0.0769231 0 0.230769 0.384615 0.307692 0 0 0 0 0 0 0 

512 494 360 53 0 0.647773 0 0 0 0 0 0 0 0 0 0 0 0 0 0 0 0 0 0 0 0 0 0.2 0.133333 0.266667 0.266667 0.0666667 0.0666667 0 0 0 0 0 0 

640 623 449 53 0 0.513644 0 0 0 0 0 0 0 0 0 0 0 0 0 0 0 0 0 0 0 0.0526316 0.0526316 0.105263 0.210526 0.263158 0.0526316 0.210526 0.0526316 0 0 0 0 0 0 

480 455 337 53 0 0.703297 0 0 0 0 0 0 0 0 0 0 0 0 0 0 0 0 0 0 0 0 0 0.142857 0.0714286 0.214286 0.285714 0.214286 0.0714286 0 0 0 0 0 0 

512 498 374 53 0 0.64257 0 0 0 0 0 0 0 0 0 0 0 0 0 0 0 0 0 0 0 0 0 0.133333 0.0666667 0.2 0.266667 0.2 0.133333 0 0 0 0 0 0 

