416 395 284 37 0 0.405063 0 0 0 0 0 0 0 0 0 0 0 0 0 0 0 0 0 0 0 0 0.0833333 0.166667 0.25 0.166667 0.25 0 0 0.0833333 0 0 0 0 0 

416 395 289 37 0 0.405063 0 0 0 0 0 0 0 0 0 0 0 0 0 0 0 0 0 0 0.0833333 0 0 0.0833333 0.0833333 0.25 0.25 0.166667 0.0833333 0 0 0 0 0 0 

416 395 289 37 0 0.405063 0 0 0 0 0 0 0 0 0 0 0 0 0 0 0 0 0 0 0 0.0833333 0 0.25 0.0833333 0.166667 0 0.166667 0.25 0 0 0 0 0 0 

416 395 290 37 0 0.405063 0 0 0 0 0 0 0 0 0 0 0 0 0 0 0 0 0 0 0.0833333 0 0 0 0.166667 0.25 0.333333 0.0833333 0 0.0833333 0 0 0 0 0 

416 395 292 37 0 0.405063 0 0 0 0 0 0 0 0 0 0 0 0 0 0 0 0 0 0 0 0 0 0.166667 0.25 0.166667 0.0833333 0.166667 0.0833333 0.0833333 0 0 0 0 0 

416 395 298 37 0 0.405063 0 0 0 0 0 0 0 0 0 0 0 0 0 0 0 0 0 0 0 0 0 0.0833333 0 0.25 0.416667 0.166667 0 0.0833333 0 0 0 0 0 

416 395 295 37 0 0.405063 0 0 0 0 0 0 0 0 0 0 0 0 0 0 0 0 0 0 0 0 0.0833333 0.0833333 0 0.166667 0.333333 0.25 0.0833333 0 0 0 0 0 0 

416 395 299 37 0 0.405063 0 0 0 0 0 0 0 0 0 0 0 0 0 0 0 0 0 0 0 0 0 0.0833333 0.0833333 0.25 0.166667 0.166667 0.25 0 0 0 0 0 0 

416 395 288 37 0 0.405063 0 0 0 0 0 0 0 0 0 0 0 0 0 0 0 0 0 0 0 0 0 0.0833333 0.5 0 0.166667 0.166667 0.0833333 0 0 0 0 0 0 

416 395 283 37 0 0.405063 0 0 0 0 0 0 0 0 0 0 0 0 0 0 0 0 0 0 0.0833333 0 0 0.25 0.166667 0.0833333 0.166667 0.166667 0.0833333 0 0 0 0 0 0 

416 395 287 37 0 0.405063 0 0 0 0 0 0 0 0 0 0 0 0 0 0 0 0 0 0 0 0 0 0.166667 0.0833333 0.5 0.166667 0 0.0833333 0 0 0 0 0 0 

416 395 285 37 0 0.405063 0 0 0 0 0 0 0 0 0 0 0 0 0 0 0 0 0 0 0 0 0 0.25 0.0833333 0.333333 0.25 0.0833333 0 0 0 0 0 0 0 

416 395 297 37 0 0.405063 0 0 0 0 0 0 0 0 0 0 0 0 0 0 0 0 0 0 0 0 0 0.166667 0.0833333 0.166667 0.0833333 0.333333 0.166667 0 0 0 0 0 0 

416 395 285 37 0 0.405063 0 0 0 0 0 0 0 0 0 0 0 0 0 0 0 0 0 0.0833333 0 0 0 0.0833333 0.0833333 0.333333 0.25 0.166667 0 0 0 0 0 0 0 

416 395 292 37 0 0.405063 0 0 0 0 0 0 0 0 0 0 0 0 0 0 0 0 0 0 0 0 0 0 0.0833333 0.583333 0.166667 0.166667 0 0 0 0 0 0 0 

416 395 292 37 0 0.405063 0 0 0 0 0 0 0 0 0 0 0 0 0 0 0 0 0 0 0 0 0.0833333 0 0.166667 0.25 0.166667 0.333333 0 0 0 0 0 0 0 

416 395 292 37 0 0.405063 0 0 0 0 0 0 0 0 0 0 0 0 0 0 0 0 0 0 0 0 0 0.0833333 0.166667 0.166667 0.416667 0.166667 0 0 0 0 0 0 0 

608 592 419 37 0 0.27027 0 0 0 0 0 0 0 0 0 0 0 0 0 0 0 0 0 0 0.0555556 0.0555556 0.0555556 0.222222 0.0555556 0.222222 0.111111 0.222222 0 0 0 0 0 0 0 

416 395 289 37 0 0.405063 0 0 0 0 0 0 0 0 0 0 0 0 0 0 0 0 0 0 0 0 0.0833333 0.0833333 0.166667 0.25 0.0833333 0.333333 0 0 0 0 0 0 0 

416 395 285 37 0 0.405063 0 0 0 0 0 0 0 0 0 0 0 0 0 0 0 0 0 0 0 0 0.166667 0.0833333 0.0833333 0.5 0 0.0833333 0 0 0.0833333 0 0 0 0 

416 406 296 37 0 0.394089 0 0 0 0 0 0 0 0 0 0 0 0 0 0 0 0 0 0 0.0833333 0 0.0833333 0 0.25 0.25 0 0.25 0.0833333 0 0 0 0 0 0 

416 395 294 37 0 0.405063 0 0 0 0 0 0 0 0 0 0 0 0 0 0 0 0 0 0 0 0 0.0833333 0 0.0833333 0.166667 0.416667 0.25 0 0 0 0 0 0 0 

576 569 407 37 0 0.281195 0 0 0 0 0 0 0 0 0 0 0 0 0 0 0 0 0 0 0 0 0.117647 0.0588235 0.352941 0.235294 0.176471 0.0588235 0 0 0 0 0 0 0 

416 395 293 37 0 0.405063 0 0 0 0 0 0 0 0 0 0 0 0 0 0 0 0 0 0 0 0 0.0833333 0 0.0833333 0.333333 0.333333 0 0.166667 0 0 0 0 0 0 

416 395 291 37 0 0.405063 0 0 0 0 0 0 0 0 0 0 0 0 0 0 0 0 0 0 0 0 0.0833333 0.0833333 0.166667 0.166667 0.25 0.166667 0 0.0833333 0 0 0 0 0 

416 395 293 37 0 0.405063 0 0 0 0 0 0 0 0 0 0 0 0 0 0 0 0 0 0 0 0 0 0 0.333333 0.25 0.0833333 0.25 0.0833333 0 0 0 0 0 0 

416 395 288 37 0 0.405063 0 0 0 0 0 0 0 0 0 0 0 0 0 0 0 0 0 0 0 0.0833333 0.0833333 0.0833333 0 0.333333 0.166667 0.0833333 0.166667 0 0 0 0 0 0 

416 395 293 37 0 0.405063 0 0 0 0 0 0 0 0 0 0 0 0 0 0 0 0 0 0 0 0 0 0.0833333 0.25 0.166667 0.25 0.0833333 0.166667 0 0 0 0 0 0 

416 395 282 37 0 0.405063 0 0 0 0 0 0 0 0 0 0 0 0 0 0 0 0 0 0 0 0.0833333 0.0833333 0.0833333 0.166667 0.166667 0.333333 0.0833333 0 0 0 0 0 0 0 

416 395 293 37 0 0.405063 0 0 0 0 0 0 0 0 0 0 0 0 0 0 0 0 0 0 0 0 0 0.166667 0 0.333333 0.25 0.166667 0.0833333 0 0 0 0 0 0 

608 592 427 37 0 0.27027 0 0 0 0 0 0 0 0 0 0 0 0 0 0 0 0 0 0 0 0 0.0555556 0.166667 0.111111 0.222222 0.444444 0 0 0 0 0 0 0 0 

608 592 433 37 0 0.27027 0 0 0 0 0 0 0 0 0 0 0 0 0 0 0 0 0 0 0 0 0 0.166667 0.222222 0.166667 0.277778 0.0555556 0.111111 0 0 0 0 0 0 

416 395 293 37 0 0.405063 0 0 0 0 0 0 0 0 0 0 0 0 0 0 0 0 0 0 0 0 0 0.0833333 0.333333 0 0.25 0.25 0.0833333 0 0 0 0 0 0 

416 395 289 37 0 0.405063 0 0 0 0 0 0 0 0 0 0 0 0 0 0 0 0 0 0 0 0 0.0833333 0 0.166667 0.416667 0.0833333 0.25 0 0 0 0 0 0 0 

416 395 290 37 0 0.405063 0 0 0 0 0 0 0 0 0 0 0 0 0 0 0 0 0 0 0 0.0833333 0 0 0.0833333 0.5 0.0833333 0.166667 0.0833333 0 0 0 0 0 0 

416 395 289 37 0 0.405063 0 0 0 0 0 0 0 0 0 0 0 0 0 0 0 0 0 0 0 0 0.0833333 0.166667 0.0833333 0.166667 0.25 0.166667 0.0833333 0 0 0 0 0 0 

416 395 288 37 0 0.405063 0 0 0 0 0 0 0 0 0 0 0 0 0 0 0 0 0 0 0 0 0.0833333 0.0833333 0.25 0 0.416667 0.166667 0 0 0 0 0 0 0 

608 594 433 37 0 0.26936 0 0 0 0 0 0 0 0 0 0 0 0 0 0 0 0 0 0 0 0.111111 0 0.166667 0.166667 0.0555556 0.166667 0.166667 0.166667 0 0 0 0 0 0 

416 395 293 37 0 0.405063 0 0 0 0 0 0 0 0 0 0 0 0 0 0 0 0 0 0 0 0 0 0.0833333 0.25 0.25 0.0833333 0.166667 0.166667 0 0 0 0 0 0 

416 395 292 37 0 0.405063 0 0 0 0 0 0 0 0 0 0 0 0 0 0 0 0 0 0 0 0 0 0.0833333 0.0833333 0.333333 0.416667 0 0.0833333 0 0 0 0 0 0 

416 395 295 37 0 0.405063 0 0 0 0 0 0 0 0 0 0 0 0 0 0 0 0 0 0 0 0.0833333 0 0.0833333 0 0.0833333 0.416667 0.25 0.0833333 0 0 0 0 0 0 

416 395 292 37 0 0.405063 0 0 0 0 0 0 0 0 0 0 0 0 0 0 0 0 0 0 0 0 0 0.333333 0 0.166667 0.0833333 0.333333 0 0.0833333 0 0 0 0 0 

416 395 294 37 0 0.405063 0 0 0 0 0 0 0 0 0 0 0 0 0 0 0 0 0 0 0 0 0 0 0.166667 0.416667 0.166667 0.166667 0.0833333 0 0 0 0 0 0 

416 395 285 37 0 0.405063 0 0 0 0 0 0 0 0 0 0 0 0 0 0 0 0 0 0 0 0 0.0833333 0.0833333 0.25 0.166667 0.333333 0.0833333 0 0 0 0 0 0 0 

416 395 290 37 0 0.405063 0 0 0 0 0 0 0 0 0 0 0 0 0 0 0 0 0 0 0 0.0833333 0 0 0.166667 0.25 0.25 0.25 0 0 0 0 0 0 0 

416 395 286 37 0 0.405063 0 0 0 0 0 0 0 0 0 0 0 0 0 0 0 0 0.0833333 0 0 0 0.0833333 0 0.0833333 0.333333 0.166667 0.166667 0 0.0833333 0 0 0 0 0 

416 395 280 37 0 0.405063 0 0 0 0 0 0 0 0 0 0 0 0 0 0 0 0 0 0 0 0 0.25 0.166667 0.166667 0.166667 0 0.166667 0 0.0833333 0 0 0 0 0 

416 395 294 37 0 0.405063 0 0 0 0 0 0 0 0 0 0 0 0 0 0 0.0833333 0 0 0 0 0 0 0.0833333 0 0.0833333 0.333333 0.166667 0.166667 0.0833333 0 0 0 0 0 

416 395 281 37 0 0.405063 0 0 0 0 0 0 0 0 0 0 0 0 0 0 0 0 0 0 0 0.0833333 0.0833333 0.0833333 0.166667 0.25 0.25 0.0833333 0 0 0 0 0 0 0 

576 569 417 37 0 0.281195 0 0 0 0 0 0 0 0 0 0 0 0 0 0 0 0 0 0 0 0.0588235 0.0588235 0 0.294118 0.117647 0.176471 0.294118 0 0 0 0 0 0 0 

416 395 291 37 0 0.405063 0 0 0 0 0 0 0 0 0 0 0 0 0 0 0 0 0 0 0 0 0.166667 0.0833333 0 0.166667 0.25 0.25 0.0833333 0 0 0 0 0 0 

416 395 289 37 0 0.405063 0 0 0 0 0 0 0 0 0 0 0 0 0 0 0 0 0 0 0 0 0.0833333 0.166667 0.0833333 0.166667 0.25 0.166667 0.0833333 0 0 0 0 0 0 

416 395 288 37 0 0.405063 0 0 0 0 0 0 0 0 0 0 0 0 0 0 0 0 0 0 0 0 0 0.166667 0.0833333 0.25 0.5 0 0 0 0 0 0 0 0 

416 395 289 37 0 0.405063 0 0 0 0 0 0 0 0 0 0 0 0 0 0 0 0 0 0 0 0 0.0833333 0.0833333 0 0.333333 0.416667 0.0833333 0 0 0 0 0 0 0 

608 598 433 37 0 0.267559 0 0 0 0 0 0 0 0 0 0 0 0 0 0 0 0.0555556 0 0 0 0 0.111111 0.0555556 0.166667 0.166667 0.222222 0.111111 0 0.111111 0 0 0 0 0 

416 395 292 37 0 0.405063 0 0 0 0 0 0 0 0 0 0 0 0 0 0 0 0 0 0 0 0 0 0.166667 0.0833333 0.166667 0.333333 0.25 0 0 0 0 0 0 0 

512 505 373 37 0 0.316832 0 0 0 0 0 0 0 0 0 0 0 0 0 0 0 0 0 0 0 0 0 0.266667 0 0.2 0.333333 0.2 0 0 0 0 0 0 0 

416 395 294 37 0 0.405063 0 0 0 0 0 0 0 0 0 0 0 0 0 0 0 0 0 0 0 0 0.0833333 0.0833333 0.0833333 0.166667 0.25 0.166667 0.166667 0 0 0 0 0 0 

416 395 288 37 0 0.405063 0 0 0 0 0 0 0 0 0 0 0 0 0 0 0 0 0 0 0 0 0 0.0833333 0.333333 0.333333 0 0.166667 0.0833333 0 0 0 0 0 0 

416 395 286 37 0 0.405063 0 0 0 0 0 0 0 0 0 0 0 0 0 0 0 0 0 0 0 0 0.0833333 0.0833333 0.25 0.0833333 0.416667 0.0833333 0 0 0 0 0 0 0 

512 504 375 37 0 0.31746 0 0 0 0 0 0 0 0 0 0 0 0 0 0 0 0 0 0 0 0.133333 0 0 0.133333 0.0666667 0.4 0.133333 0.133333 0 0 0 0 0 0 

416 395 294 37 0 0.405063 0 0 0 0 0 0 0 0 0 0 0 0 0 0 0 0 0 0 0 0 0 0.0833333 0.0833333 0.416667 0 0.416667 0 0 0 0 0 0 0 

416 395 295 37 0 0.405063 0 0 0 0 0 0 0 0 0 0 0 0 0 0 0 0 0 0 0 0 0 0.0833333 0 0.416667 0.166667 0.333333 0 0 0 0 0 0 0 

416 395 290 37 0 0.405063 0 0 0 0 0 0 0 0 0 0 0 0 0 0 0 0 0 0 0 0 0 0.0833333 0.25 0.25 0.25 0.0833333 0.0833333 0 0 0 0 0 0 

416 395 295 37 0 0.405063 0 0 0 0 0 0 0 0 0 0 0 0 0 0 0 0 0 0 0 0 0 0.0833333 0.166667 0.25 0.166667 0.166667 0.166667 0 0 0 0 0 0 

416 395 299 37 0 0.405063 0 0 0 0 0 0 0 0 0 0 0 0 0 0 0 0 0 0 0 0 0 0 0.0833333 0.333333 0.166667 0.333333 0.0833333 0 0 0 0 0 0 

416 395 284 37 0 0.405063 0 0 0 0 0 0 0 0 0 0 0 0 0 0 0 0 0 0 0.0833333 0 0 0.25 0.166667 0.166667 0.0833333 0.0833333 0.0833333 0.0833333 0 0 0 0 0 

672 661 487 37 0 0.242057 0 0 0 0 0 0 0 0 0 0 0 0 0 0 0 0 0 0 0 0 0.05 0.05 0.2 0.15 0.35 0.2 0 0 0 0 0 0 0 

416 395 298 37 0 0.405063 0 0 0 0 0 0 0 0 0 0 0 0 0 0 0 0 0 0 0 0 0 0.0833333 0.0833333 0.166667 0.416667 0.0833333 0.0833333 0.0833333 0 0 0 0 0 

608 593 422 37 0 0.269814 0 0 0 0 0 0 0 0 0 0 0 0 0 0 0 0 0 0 0 0.0555556 0.111111 0.222222 0.111111 0.166667 0.111111 0.166667 0.0555556 0 0 0 0 0 0 

416 395 294 37 0 0.405063 0 0 0 0 0 0 0 0 0 0 0 0 0 0 0 0 0 0 0 0.0833333 0.0833333 0 0 0.0833333 0.416667 0.25 0.0833333 0 0 0 0 0 0 

416 395 289 37 0 0.405063 0 0 0 0 0 0 0 0 0 0 0 0 0 0 0 0 0 0 0 0 0 0.0833333 0.333333 0.25 0.0833333 0.166667 0.0833333 0 0 0 0 0 0 

416 395 289 37 0 0.405063 0 0 0 0 0 0 0 0 0 0 0 0 0 0 0 0 0 0 0 0 0 0.0833333 0.25 0.166667 0.416667 0.0833333 0 0 0 0 0 0 0 

416 395 291 37 0 0.405063 0 0 0 0 0 0 0 0 0 0 0 0 0 0 0 0 0 0 0 0 0 0.166667 0.166667 0.25 0.166667 0.0833333 0.166667 0 0 0 0 0 0 

416 395 292 37 0 0.405063 0 0 0 0 0 0 0 0 0 0 0 0 0 0 0 0 0 0 0 0 0 0.0833333 0.0833333 0.25 0.5 0.0833333 0 0 0 0 0 0 0 

416 395 294 37 0 0.405063 0 0 0 0 0 0 0 0 0 0 0 0 0 0 0 0 0 0 0 0 0 0.0833333 0.0833333 0.416667 0.0833333 0.25 0.0833333 0 0 0 0 0 0 

416 395 293 37 0 0.405063 0 0 0 0 0 0 0 0 0 0 0 0 0 0 0 0 0 0 0 0 0.0833333 0.0833333 0.166667 0.25 0.0833333 0.166667 0 0.166667 0 0 0 0 0 

672 661 478 37 0 0.242057 0 0 0 0 0 0 0 0 0 0 0 0 0 0 0 0 0 0 0 0 0.15 0.15 0.15 0.2 0.15 0.05 0.1 0.05 0 0 0 0 0 

416 395 295 37 0 0.405063 0 0 0 0 0 0 0 0 0 0 0 0 0 0 0 0 0 0 0 0 0 0.166667 0.0833333 0.166667 0.166667 0.333333 0.0833333 0 0 0 0 0 0 

416 395 283 37 0 0.405063 0 0 0 0 0 0 0 0 0 0 0 0 0 0 0 0 0 0 0 0 0.25 0.0833333 0.166667 0.166667 0 0.25 0.0833333 0 0 0 0 0 0 

416 395 293 37 0 0.405063 0 0 0 0 0 0 0 0 0 0 0 0 0 0 0 0 0 0 0 0 0 0.0833333 0.166667 0.166667 0.416667 0.0833333 0.0833333 0 0 0 0 0 0 

576 569 420 37 0 0.281195 0 0 0 0 0 0 0 0 0 0 0 0 0 0 0 0 0 0.0588235 0 0 0 0.0588235 0.117647 0.235294 0.235294 0.294118 0 0 0 0 0 0 0 

416 395 288 37 0 0.405063 0 0 0 0 0 0 0 0 0 0 0 0 0 0 0 0 0 0 0 0.0833333 0.166667 0.0833333 0 0 0.333333 0.25 0.0833333 0 0 0 0 0 0 

672 661 477 37 0 0.242057 0 0 0 0 0 0 0 0 0 0 0 0 0 0 0 0 0 0 0 0.1 0 0.1 0.25 0.2 0.15 0.1 0.1 0 0 0 0 0 0 

416 395 299 37 0 0.405063 0 0 0 0 0 0 0 0 0 0 0 0 0 0 0 0 0 0 0 0 0 0.0833333 0.166667 0.166667 0.0833333 0.333333 0.0833333 0.0833333 0 0 0 0 0 

608 592 426 37 0 0.27027 0 0 0 0 0 0 0 0 0 0 0 0 0 0 0 0 0 0 0 0 0.111111 0.111111 0.166667 0.333333 0.166667 0 0.111111 0 0 0 0 0 0 

416 395 292 37 0 0.405063 0 0 0 0 0 0 0 0 0 0 0 0 0 0 0 0 0 0 0 0 0.0833333 0.0833333 0.0833333 0.0833333 0.416667 0.25 0 0 0 0 0 0 0 

416 395 297 37 0 0.405063 0 0 0 0 0 0 0 0 0 0 0 0 0 0 0 0 0 0 0 0 0 0.0833333 0.166667 0.0833333 0.333333 0.25 0 0.0833333 0 0 0 0 0 

416 395 294 37 0 0.405063 0 0 0 0 0 0 0 0 0 0 0 0 0 0 0 0 0 0 0 0 0.0833333 0 0.25 0 0.416667 0.166667 0 0.0833333 0 0 0 0 0 

416 395 280 37 0 0.405063 0 0 0 0 0 0 0 0 0 0 0 0 0 0 0 0 0 0 0 0 0.166667 0.25 0.166667 0 0.333333 0 0.0833333 0 0 0 0 0 0 

416 395 302 37 0 0.405063 0 0 0 0 0 0 0 0 0 0 0 0 0 0 0 0 0 0 0 0 0.0833333 0 0.0833333 0.25 0.0833333 0.166667 0.25 0 0.0833333 0 0 0 0 

416 395 307 37 0 0.405063 0 0 0 0 0 0 0 0 0 0 0 0 0 0 0 0 0 0 0 0 0 0 0.0833333 0.0833333 0.333333 0.333333 0 0.0833333 0.0833333 0 0 0 0 

512 505 370 37 0 0.316832 0 0 0 0 0 0 0 0 0 0 0 0 0 0 0 0 0 0 0 0 0.133333 0.0666667 0.2 0.333333 0 0.0666667 0.2 0 0 0 0 0 0 

416 395 293 37 0 0.405063 0 0 0 0 0 0 0 0 0 0 0 0 0 0 0 0 0 0 0 0 0.0833333 0 0 0.5 0.166667 0.166667 0.0833333 0 0 0 0 0 0 

416 395 289 37 0 0.405063 0 0 0 0 0 0 0 0 0 0 0 0 0 0 0 0 0 0 0 0 0 0.166667 0.0833333 0.333333 0.25 0.166667 0 0 0 0 0 0 0 

416 395 289 37 0 0.405063 0 0 0 0 0 0 0 0 0 0 0 0 0 0 0 0 0 0 0 0 0 0.166667 0.0833333 0.333333 0.25 0.166667 0 0 0 0 0 0 0 

416 395 280 37 0 0.405063 0 0 0 0 0 0 0 0 0 0 0 0 0 0 0 0 0 0 0 0 0 0.0833333 0.666667 0.0833333 0.0833333 0.0833333 0 0 0 0 0 0 0 

608 591 421 37 0 0.270728 0 0 0 0 0 0 0 0 0 0 0 0 0 0 0 0 0 0 0 0.0555556 0.111111 0.222222 0.166667 0.0555556 0.166667 0.111111 0.111111 0 0 0 0 0 0 

416 395 282 37 0 0.405063 0 0 0 0 0 0 0 0 0 0 0 0 0 0 0 0 0.0833333 0 0 0 0.0833333 0.166667 0 0.25 0.166667 0.166667 0.0833333 0 0 0 0 0 0 

512 504 365 37 0 0.31746 0 0 0 0 0 0 0 0 0 0 0 0 0 0 0 0 0 0 0 0.0666667 0 0.2 0.333333 0 0.133333 0.2 0.0666667 0 0 0 0 0 0 

