1120 1108 835 75 0 0.577617 0 0 0 0 0 0 0 0 0 0 0 0 0 0 0 0 0 0 0 0 0.0294118 0.0294118 0.0882353 0.323529 0.147059 0.176471 0.117647 0.0882353 0 0 0 0 0 

896 884 642 66 0 0.723982 0 0 0 0 0 0 0 0 0 0 0 0 0 0 0 0 0 0 0 0 0.0740741 0.0740741 0.222222 0.296296 0.111111 0.148148 0.0740741 0 0 0 0 0 0 

896 879 642 75 0 0.7281 0 0 0 0 0 0 0 0 0 0 0 0 0 0 0 0 0 0 0 0 0 0.185185 0.222222 0.111111 0.296296 0.037037 0.148148 0 0 0 0 0 0 

896 879 642 69 0 0.7281 0 0 0 0 0 0 0 0 0 0 0 0 0 0 0 0 0 0 0 0.0740741 0.111111 0.037037 0.037037 0.185185 0.185185 0.333333 0.037037 0 0 0 0 0 0 

1056 1048 753 75 0 0.610687 0 0 0 0 0 0 0 0 0 0 0 0 0 0 0 0 0 0 0 0 0.09375 0.09375 0.1875 0.3125 0.1875 0.125 0 0 0 0 0 0 0 

992 961 700 75 0 0.665973 0 0 0 0 0 0 0 0 0 0 0 0 0 0 0 0 0 0 0 0.0333333 0 0.0666667 0.266667 0.266667 0.1 0.133333 0.0666667 0.0666667 0 0 0 0 0 

896 867 641 60 0 0.738178 0 0 0 0 0 0 0 0 0 0 0 0 0 0 0 0 0 0 0 0 0 0.037037 0.185185 0.222222 0.296296 0.185185 0.0740741 0 0 0 0 0 0 

960 933 678 75 0 0.685959 0 0 0 0 0 0 0 0 0 0 0 0 0 0 0 0 0 0 0 0 0.0689655 0.0344828 0.310345 0.0689655 0.344828 0.103448 0.0344828 0.0344828 0 0 0 0 0 

1024 996 716 75 0 0.64257 0 0 0 0 0 0 0 0 0 0 0 0 0 0 0 0 0 0 0 0.0645161 0.0322581 0.16129 0.0967742 0.129032 0.322581 0.16129 0.0322581 0 0 0 0 0 0 

1088 1069 783 75 0 0.59869 0 0 0 0 0 0 0 0 0 0 0 0 0 0 0 0 0 0 0 0 0.030303 0.0606061 0.121212 0.393939 0.242424 0.0606061 0.0606061 0.030303 0 0 0 0 0 

896 888 641 71 0 0.720721 0 0 0 0 0 0 0 0 0 0 0 0 0 0 0 0 0 0 0.037037 0 0.111111 0.037037 0.222222 0.259259 0.111111 0.111111 0.0740741 0.037037 0 0 0 0 0 

1088 1064 780 75 0 0.601504 0 0 0 0 0 0 0 0 0 0 0 0 0 0 0 0 0 0 0 0 0.0606061 0.0909091 0.0909091 0.242424 0.272727 0.181818 0.030303 0.030303 0 0 0 0 0 

928 901 641 65 0 0.710322 0 0 0 0 0 0 0 0 0 0 0 0 0 0 0 0 0 0 0 0.0357143 0.107143 0.0357143 0.25 0.25 0.214286 0.0357143 0.0714286 0 0 0 0 0 0 

896 879 642 69 0 0.7281 0 0 0 0 0 0 0 0 0 0 0 0 0 0 0 0 0 0 0 0 0 0.111111 0.37037 0.111111 0.148148 0.148148 0.0740741 0.037037 0 0 0 0 0 

960 933 677 75 0 0.685959 0 0 0 0 0 0 0 0 0 0 0 0 0 0 0 0 0 0 0 0.0344828 0.0344828 0.172414 0.137931 0.103448 0.241379 0.172414 0.103448 0 0 0 0 0 0 

1184 1162 846 75 0 0.550775 0 0 0 0 0 0 0 0 0 0 0 0 0 0 0 0 0 0 0 0 0.0555556 0.138889 0.138889 0.138889 0.277778 0.222222 0.0277778 0 0 0 0 0 0 

928 900 658 75 0 0.711111 0 0 0 0 0 0 0 0 0 0 0 0 0 0 0 0 0 0 0 0.0357143 0.0357143 0.0714286 0.107143 0.25 0.25 0.178571 0.0357143 0.0357143 0 0 0 0 0 

992 970 709 75 0 0.659794 0 0 0 0 0 0 0 0 0 0 0 0 0 0 0 0 0 0 0 0 0.0666667 0.0333333 0.266667 0.166667 0.166667 0.233333 0.0666667 0 0 0 0 0 0 

928 903 644 75 0 0.708749 0 0 0 0 0 0 0 0 0 0 0 0 0 0 0 0 0 0 0 0.0357143 0 0.214286 0.142857 0.285714 0.178571 0.142857 0 0 0 0 0 0 0 

928 898 663 75 0 0.712695 0 0 0 0 0 0 0 0 0 0 0 0 0 0 0 0 0 0 0 0.0357143 0.0357143 0.0714286 0.0357143 0.214286 0.25 0.285714 0.0714286 0 0 0 0 0 0 

1024 995 715 75 0 0.643216 0 0 0 0 0 0 0 0 0 0 0 0 0 0 0 0 0 0.0322581 0.0322581 0 0.0322581 0.0645161 0.225806 0.16129 0.193548 0.193548 0.0645161 0 0 0 0 0 0 

896 887 642 73 0 0.721533 0 0 0 0 0 0 0 0 0 0 0 0 0 0 0 0 0 0 0 0.037037 0.037037 0.148148 0.222222 0.148148 0.222222 0.111111 0.037037 0.037037 0 0 0 0 0 

960 930 692 75 0 0.688172 0 0 0 0 0 0 0 0 0 0 0 0 0 0 0 0 0 0 0 0 0 0.103448 0.0689655 0.241379 0.241379 0.241379 0.0689655 0.0344828 0 0 0 0 0 

896 869 642 70 0 0.736479 0 0 0 0 0 0 0 0 0 0 0 0 0 0 0 0 0 0 0 0 0.037037 0.037037 0.111111 0.296296 0.259259 0.185185 0.037037 0.037037 0 0 0 0 0 

1024 1003 727 75 0 0.638086 0 0 0 0 0 0 0 0 0 0 0 0 0 0 0 0 0 0 0 0 0.0645161 0.0645161 0.129032 0.322581 0.290323 0.129032 0 0 0 0 0 0 0 

864 852 642 75 0 0.751174 0 0 0 0 0 0 0 0 0 0 0 0 0 0 0 0 0 0 0 0 0 0.115385 0.192308 0.0384615 0.269231 0.153846 0.153846 0.0769231 0 0 0 0 0 

960 943 690 75 0 0.678685 0 0 0 0 0 0 0 0 0 0 0 0 0 0 0 0 0 0 0 0.0344828 0 0.172414 0.103448 0.137931 0.275862 0.241379 0.0344828 0 0 0 0 0 0 

960 942 684 75 0 0.679406 0 0 0 0 0 0 0 0 0 0 0 0 0 0 0 0 0 0 0 0 0.137931 0.0344828 0.0344828 0.344828 0.310345 0.103448 0.0344828 0 0 0 0 0 0 

1024 995 738 75 0 0.643216 0 0 0 0 0 0 0 0 0 0 0 0 0 0 0 0 0 0 0 0 0.0322581 0.0645161 0.129032 0.290323 0.16129 0.129032 0.129032 0.0645161 0 0 0 0 0 

960 940 692 75 0 0.680851 0 0 0 0 0 0 0 0 0 0 0 0 0 0 0 0 0 0 0 0.0344828 0 0.0689655 0.206897 0.206897 0.137931 0.275862 0.0344828 0.0344828 0 0 0 0 0 

1120 1094 796 75 0 0.585009 0 0 0 0 0 0 0 0 0 0 0 0 0 0 0 0 0 0 0 0.0294118 0.0294118 0.117647 0.176471 0.235294 0.0588235 0.264706 0.0882353 0 0 0 0 0 0 

896 867 641 57 0 0.738178 0 0 0 0 0 0 0 0 0 0 0 0 0 0 0 0 0 0 0 0 0 0.148148 0.037037 0.185185 0.444444 0.037037 0.148148 0 0 0 0 0 0 

992 968 724 75 0 0.661157 0 0 0 0 0 0 0 0 0 0 0 0 0 0 0 0 0 0 0.0333333 0 0 0 0.0666667 0.333333 0.166667 0.266667 0.133333 0 0 0 0 0 0 

960 942 683 75 0 0.679406 0 0 0 0 0 0 0 0 0 0 0 0 0 0 0 0 0 0 0 0.0689655 0.0689655 0.103448 0.0689655 0.275862 0.172414 0.103448 0.103448 0.0344828 0 0 0 0 0 

960 951 689 75 0 0.672976 0 0 0 0 0 0 0 0 0 0 0 0 0 0 0 0 0 0 0 0.0344828 0.0344828 0.0689655 0.310345 0.206897 0.172414 0.103448 0.0344828 0 0.0344828 0 0 0 0 

928 912 673 75 0 0.701754 0 0 0 0 0 0 0 0 0 0 0 0 0 0 0 0 0 0 0 0.0357143 0 0.142857 0.0714286 0.285714 0.142857 0.142857 0.178571 0 0 0 0 0 0 

928 910 669 75 0 0.703297 0 0 0 0 0 0 0 0 0 0 0 0 0 0 0 0 0 0 0 0 0.0357143 0.0357143 0.142857 0.285714 0.321429 0.142857 0.0357143 0 0 0 0 0 0 

992 973 724 75 0 0.657759 0 0 0 0 0 0 0 0 0 0 0 0 0 0 0 0 0 0 0 0 0 0.133333 0.133333 0.166667 0.233333 0.2 0.0666667 0.0666667 0 0 0 0 0 

896 871 641 64 0 0.734788 0 0 0 0 0 0 0 0 0 0 0 0 0 0 0 0 0 0 0 0 0.037037 0.0740741 0.185185 0.185185 0.222222 0.185185 0.111111 0 0 0 0 0 0 

960 947 695 75 0 0.675818 0 0 0 0 0 0 0 0 0 0 0 0 0 0 0 0 0 0 0 0.0344828 0 0.0344828 0.241379 0.275862 0.206897 0.103448 0.0689655 0.0344828 0 0 0 0 0 

896 880 642 69 0 0.727273 0 0 0 0 0 0 0 0 0 0 0 0 0 0 0 0 0 0 0 0 0.111111 0.037037 0.185185 0.185185 0.259259 0.148148 0.0740741 0 0 0 0 0 0 

960 945 684 75 0 0.677249 0 0 0 0 0 0 0 0 0 0 0 0 0 0 0 0 0 0 0.0344828 0 0 0.0344828 0.310345 0.310345 0.172414 0.0689655 0.0344828 0.0344828 0 0 0 0 0 

928 912 675 75 0 0.701754 0 0 0 0 0 0 0 0 0 0 0 0 0 0 0 0 0 0 0 0 0.0714286 0.0357143 0.0714286 0.357143 0.214286 0.142857 0.0357143 0.0714286 0 0 0 0 0 

896 869 641 62 0 0.736479 0 0 0 0 0 0 0 0 0 0 0 0 0 0 0 0 0 0 0 0 0.037037 0.0740741 0.148148 0.222222 0.259259 0.111111 0.111111 0.037037 0 0 0 0 0 

1120 1095 783 75 0 0.584475 0 0 0 0 0 0 0 0 0 0 0 0 0 0 0 0 0 0 0 0.0294118 0.0882353 0.0882353 0.176471 0.235294 0.264706 0.0588235 0.0588235 0 0 0 0 0 0 

896 888 642 69 0 0.720721 0 0 0 0 0 0 0 0 0 0 0 0 0 0 0 0 0 0 0 0.037037 0.037037 0.037037 0.333333 0.222222 0.185185 0.0740741 0.0740741 0 0 0 0 0 0 

896 888 642 74 0 0.720721 0 0 0 0 0 0 0 0 0 0 0 0 0 0 0 0 0 0 0.037037 0 0.0740741 0.037037 0.148148 0.333333 0.222222 0.148148 0 0 0 0 0 0 0 

992 973 703 75 0 0.657759 0 0 0 0 0 0 0 0 0 0 0 0 0 0 0 0 0 0 0.0333333 0 0.0666667 0.0666667 0.166667 0.3 0.2 0.0333333 0.133333 0 0 0 0 0 0 

1120 1108 795 75 0 0.577617 0 0 0 0 0 0 0 0 0 0 0 0 0 0 0 0 0 0.0294118 0 0.0294118 0.0882353 0.0588235 0.205882 0.176471 0.205882 0.147059 0.0588235 0 0 0 0 0 0 

896 891 640 64 0 0.718294 0 0 0 0 0 0 0 0 0 0 0 0 0 0 0 0 0 0 0 0.037037 0.148148 0.111111 0.037037 0.222222 0.333333 0.0740741 0.037037 0 0 0 0 0 0 

896 866 641 64 0 0.73903 0 0 0 0 0 0 0 0 0 0 0 0 0 0 0 0 0 0 0 0.037037 0.037037 0.0740741 0.037037 0.296296 0.222222 0.111111 0.0740741 0.111111 0 0 0 0 0 

1056 1037 766 75 0 0.617165 0 0 0 0 0 0 0 0 0 0 0 0 0 0 0 0 0 0 0 0 0.0625 0 0.28125 0.125 0.1875 0.25 0.0625 0.03125 0 0 0 0 0 

896 885 646 75 0 0.723164 0 0 0 0 0 0 0 0 0 0 0 0 0 0 0 0 0 0 0 0 0.0740741 0.148148 0.148148 0.111111 0.296296 0.148148 0.0740741 0 0 0 0 0 0 

896 872 642 75 0 0.733945 0 0 0 0 0 0 0 0 0 0 0 0 0 0 0 0 0 0 0 0 0.037037 0.111111 0.148148 0.185185 0.259259 0.111111 0.111111 0.037037 0 0 0 0 0 

928 917 661 75 0 0.697928 0 0 0 0 0 0 0 0 0 0 0 0 0 0 0 0 0 0 0 0.0357143 0.107143 0.0357143 0.178571 0.285714 0.214286 0.0714286 0.0714286 0 0 0 0 0 0 

960 941 684 75 0 0.680128 0 0 0 0 0 0 0 0 0 0 0 0 0 0 0 0 0 0 0 0 0 0.137931 0.275862 0.206897 0.172414 0.137931 0.0344828 0.0344828 0 0 0 0 0 

1056 1035 739 75 0 0.618357 0 0 0 0 0 0 0 0 0 0 0 0 0 0 0.03125 0 0 0 0.03125 0 0.03125 0.125 0.15625 0.15625 0.28125 0.15625 0.03125 0 0 0 0 0 0 

896 873 642 72 0 0.733104 0 0 0 0 0 0 0 0 0 0 0 0 0 0 0 0 0 0 0 0 0 0.0740741 0.148148 0.37037 0.185185 0.111111 0.111111 0 0 0 0 0 0 

1056 1030 748 75 0 0.621359 0 0 0 0 0 0 0 0 0 0 0 0 0 0 0 0 0 0 0 0.03125 0 0.1875 0.125 0.25 0.15625 0.09375 0.15625 0 0 0 0 0 0 

928 908 661 75 0 0.704846 0 0 0 0 0 0 0 0 0 0 0 0 0 0 0 0 0 0 0.0357143 0 0.0357143 0.107143 0.178571 0.214286 0.107143 0.214286 0.107143 0 0 0 0 0 0 

864 856 641 69 0 0.747664 0 0 0 0 0 0 0 0 0 0 0 0 0 0 0 0 0 0 0 0.0384615 0 0.0384615 0.153846 0.153846 0.230769 0.269231 0.0769231 0.0384615 0 0 0 0 0 

896 877 641 63 0 0.729761 0 0 0 0 0 0 0 0 0 0 0 0 0 0 0 0 0 0 0 0.037037 0 0.111111 0.148148 0.259259 0.222222 0.111111 0.111111 0 0 0 0 0 0 

1056 1033 764 75 0 0.619555 0 0 0 0 0 0 0 0 0 0 0 0 0 0 0 0 0 0 0 0 0 0.0625 0.125 0.28125 0.28125 0.1875 0.0625 0 0 0 0 0 0 

896 888 640 72 0 0.720721 0 0 0 0 0 0 0 0 0 0 0 0 0 0 0 0 0 0 0 0 0 0.148148 0.259259 0.259259 0.222222 0.111111 0 0 0 0 0 0 0 

1024 1006 724 75 0 0.636183 0 0 0 0 0 0 0 0 0 0 0 0 0 0 0 0 0 0 0 0.0322581 0.0645161 0.16129 0.0645161 0.290323 0.225806 0.129032 0 0.0322581 0 0 0 0 0 

1056 1034 749 75 0 0.618955 0 0 0 0 0 0 0 0 0 0 0 0 0 0 0 0 0 0 0 0 0 0.15625 0.15625 0.28125 0.28125 0.09375 0.03125 0 0 0 0 0 0 

1056 1037 731 75 0 0.617165 0 0 0 0 0 0 0 0 0 0 0 0 0 0 0 0 0 0.03125 0.0625 0 0.09375 0.0625 0.25 0.15625 0.1875 0.0625 0.09375 0 0 0 0 0 0 

896 874 641 53 0 0.732265 0 0 0 0 0 0 0 0 0 0 0 0 0 0 0 0 0 0 0 0.037037 0.037037 0.222222 0.037037 0.111111 0.185185 0.222222 0.111111 0.037037 0 0 0 0 0 

1120 1101 810 75 0 0.58129 0 0 0 0 0 0 0 0 0 0 0 0 0 0 0 0 0 0 0 0 0.0294118 0.0882353 0.176471 0.205882 0.264706 0.147059 0.0294118 0.0588235 0 0 0 0 0 

992 966 706 75 0 0.662526 0 0 0 0 0 0 0 0 0 0 0 0 0 0 0 0 0 0 0 0 0.0333333 0.1 0.166667 0.266667 0.133333 0.233333 0.0666667 0 0 0 0 0 0 

896 883 641 58 0 0.724802 0 0 0 0 0 0 0 0 0 0 0 0 0 0 0 0 0 0.037037 0 0.037037 0.037037 0.0740741 0.148148 0.148148 0.259259 0.222222 0.037037 0 0 0 0 0 0 

1024 1001 715 75 0 0.639361 0 0 0 0 0 0 0 0 0 0 0 0 0 0 0 0 0 0 0.0322581 0 0 0.16129 0.258065 0.225806 0.16129 0.129032 0.0322581 0 0 0 0 0 0 

1056 1033 748 75 0 0.619555 0 0 0 0 0 0 0 0 0 0 0 0 0 0 0 0 0 0 0 0 0.0625 0.09375 0.125 0.40625 0.15625 0.03125 0.125 0 0 0 0 0 0 

992 968 720 75 0 0.661157 0 0 0 0 0 0 0 0 0 0 0 0 0 0 0 0 0 0 0 0 0.0333333 0.1 0.1 0.233333 0.166667 0.166667 0.166667 0.0333333 0 0 0 0 0 

960 939 675 75 0 0.681576 0 0 0 0 0 0 0 0 0 0 0 0 0 0 0 0 0 0 0.0689655 0 0.0344828 0.137931 0.103448 0.241379 0.137931 0.241379 0.0344828 0 0 0 0 0 0 

864 856 641 74 0 0.747664 0 0 0 0 0 0 0 0 0 0 0 0 0 0 0 0 0 0 0 0 0.0384615 0.0769231 0.0769231 0.115385 0.384615 0.230769 0.0384615 0.0384615 0 0 0 0 0 

1184 1165 838 75 0 0.549356 0 0 0 0 0 0 0 0 0 0 0 0 0 0 0 0 0 0 0 0.0277778 0.0277778 0.166667 0.222222 0.166667 0.194444 0.111111 0.0833333 0 0 0 0 0 0 

896 881 642 69 0 0.726447 0 0 0 0 0 0 0 0 0 0 0 0 0 0 0 0 0 0 0 0 0.037037 0.0740741 0.185185 0.296296 0.222222 0.185185 0 0 0 0 0 0 0 

1024 1000 735 75 0 0.64 0 0 0 0 0 0 0 0 0 0 0 0 0 0 0 0 0 0 0 0.0322581 0.0322581 0.0322581 0.193548 0.129032 0.387097 0.0967742 0.0322581 0.0645161 0 0 0 0 0 

896 875 644 75 0 0.731429 0 0 0 0 0 0 0 0 0 0 0 0 0 0 0 0 0 0 0 0 0.037037 0.037037 0.259259 0.148148 0.333333 0.037037 0.111111 0.037037 0 0 0 0 0 

1056 1044 775 75 0 0.613027 0 0 0 0 0 0 0 0 0 0 0 0 0 0 0 0 0 0 0 0 0.0625 0.125 0.09375 0.09375 0.21875 0.3125 0.09375 0 0 0 0 0 0 

992 967 715 75 0 0.661841 0 0 0 0 0 0 0 0 0 0 0 0 0 0 0 0 0 0 0.0333333 0 0 0 0.233333 0.166667 0.266667 0.2 0.0666667 0.0333333 0 0 0 0 0 

960 937 690 75 0 0.683031 0 0 0 0 0 0 0 0 0 0 0 0 0 0 0 0 0 0 0 0.0689655 0.0344828 0.0344828 0.103448 0.241379 0.172414 0.206897 0.103448 0.0344828 0 0 0 0 0 

1024 1002 755 75 0 0.638723 0 0 0 0 0 0 0 0 0 0 0 0 0 0 0 0 0 0 0 0 0 0.0322581 0.16129 0.16129 0.225806 0.258065 0.129032 0.0322581 0 0 0 0 0 

1024 996 726 75 0 0.64257 0 0 0 0 0 0 0 0 0 0 0 0 0 0 0 0 0 0 0 0.0322581 0.0645161 0.129032 0.0967742 0.193548 0.258065 0.0322581 0.129032 0.0645161 0 0 0 0 0 

864 858 640 65 0 0.745921 0 0 0 0 0 0 0 0 0 0 0 0 0 0 0 0 0 0 0 0 0 0 0.192308 0.230769 0.346154 0.192308 0.0384615 0 0 0 0 0 0 

1088 1075 782 75 0 0.595349 0 0 0 0 0 0 0 0 0 0 0 0 0 0 0 0 0 0 0 0 0.0606061 0.121212 0.151515 0.181818 0.272727 0.212121 0 0 0 0 0 0 0 

896 874 642 75 0 0.732265 0 0 0 0 0 0 0 0 0 0 0 0 0 0 0 0 0 0 0 0 0 0.111111 0.148148 0.222222 0.333333 0.111111 0.0740741 0 0 0 0 0 0 

1120 1103 790 75 0 0.580236 0 0 0 0 0 0 0 0 0 0 0 0 0 0 0 0 0 0 0 0 0.0588235 0.0882353 0.176471 0.441176 0.176471 0.0294118 0.0294118 0 0 0 0 0 0 

992 975 721 75 0 0.65641 0 0 0 0 0 0 0 0 0 0 0 0 0 0 0 0 0 0 0 0 0.0333333 0.1 0.0333333 0.366667 0.133333 0.266667 0.0666667 0 0 0 0 0 0 

992 966 700 75 0 0.662526 0 0 0 0 0 0 0 0 0 0 0 0 0 0 0 0 0 0 0 0.0333333 0.0333333 0.0666667 0.233333 0.2 0.2 0.166667 0.0666667 0 0 0 0 0 0 

896 874 641 64 0 0.732265 0 0 0 0 0 0 0 0 0 0 0 0 0 0 0 0 0 0 0 0 0.0740741 0.148148 0.0740741 0.185185 0.185185 0.222222 0.111111 0 0 0 0 0 0 

896 880 642 74 0 0.727273 0 0 0 0 0 0 0 0 0 0 0 0 0 0 0 0 0 0 0.037037 0.037037 0 0 0.111111 0.444444 0.148148 0.185185 0.037037 0 0 0 0 0 0 

1024 1005 741 75 0 0.636816 0 0 0 0 0 0 0 0 0 0 0 0 0 0 0 0 0 0 0 0.0322581 0.0322581 0.0645161 0.16129 0.0967742 0.258065 0.322581 0.0322581 0 0 0 0 0 0 

896 868 641 55 0 0.737327 0 0 0 0 0 0 0 0 0 0 0 0 0 0 0 0 0 0 0 0 0.037037 0.111111 0.0740741 0.259259 0.148148 0.259259 0.111111 0 0 0 0 0 0 

992 971 699 75 0 0.659114 0 0 0 0 0 0 0 0 0 0 0 0 0 0 0 0 0 0 0 0.0333333 0.1 0.1 0.233333 0.0666667 0.266667 0.1 0.0666667 0.0333333 0 0 0 0 0 

896 872 642 71 0 0.733945 0 0 0 0 0 0 0 0 0 0 0 0 0 0 0 0 0 0 0 0 0.037037 0.037037 0.111111 0.296296 0.333333 0.111111 0.0740741 0 0 0 0 0 0 

992 964 701 75 0 0.6639 0 0 0 0 0 0 0 0 0 0 0 0 0 0 0 0 0 0 0 0.0333333 0.0333333 0.133333 0.0666667 0.266667 0.266667 0.1 0.0666667 0.0333333 0 0 0 0 0 

992 975 712 75 0 0.65641 0 0 0 0 0 0 0 0 0 0 0 0 0 0 0 0 0 0 0 0 0.133333 0.1 0.166667 0.1 0.2 0.166667 0.0666667 0.0666667 0 0 0 0 0 

896 883 641 61 0 0.724802 0 0 0 0 0 0 0 0 0 0 0 0 0 0 0 0 0 0 0 0.0740741 0.037037 0 0.222222 0.259259 0.222222 0.111111 0.0740741 0 0 0 0 0 0 

