1056 1043 763 75 0 0.613615 0 0 0 0 0 0 0 0 0 0 0 0 0 0 0 0 0 0 0 0.03125 0 0.03125 0.15625 0.4375 0.15625 0.125 0.0625 0 0 0 0 0 0 

1056 1039 758 75 0 0.615977 0 0 0 0 0 0 0 0 0 0 0 0 0 0 0 0 0 0 0 0 0.0625 0.0625 0.15625 0.375 0.125 0.09375 0.125 0 0 0 0 0 0 

1088 1063 768 75 0 0.60207 0 0 0 0 0 0 0 0 0 0 0 0 0 0 0 0 0 0 0 0.0606061 0 0.0909091 0.151515 0.242424 0.30303 0.121212 0.030303 0 0 0 0 0 0 

928 898 660 75 0 0.712695 0 0 0 0 0 0 0 0 0 0 0 0 0 0 0 0 0 0 0 0 0 0.0714286 0.178571 0.25 0.25 0.178571 0.0714286 0 0 0 0 0 0 

896 871 642 66 0 0.734788 0 0 0 0 0 0 0 0 0 0 0 0 0 0 0 0 0 0 0 0.037037 0.037037 0 0.111111 0.333333 0.185185 0.259259 0 0 0.037037 0 0 0 0 

992 971 704 75 0 0.659114 0 0 0 0 0 0 0 0 0 0 0 0 0 0 0 0 0 0 0 0.0333333 0.0333333 0.133333 0.1 0.233333 0.3 0.1 0.0666667 0 0 0 0 0 0 

864 859 640 68 0 0.745052 0 0 0 0 0 0 0 0 0 0 0 0 0 0 0 0 0 0 0 0 0 0.115385 0.0769231 0.346154 0.153846 0.153846 0.115385 0.0384615 0 0 0 0 0 

896 879 647 75 0 0.7281 0 0 0 0 0 0 0 0 0 0 0 0 0 0 0 0 0 0 0 0 0.037037 0.037037 0.185185 0.222222 0.333333 0.111111 0.0740741 0 0 0 0 0 0 

928 905 677 75 0 0.707182 0 0 0 0 0 0 0 0 0 0 0 0 0 0 0 0 0 0 0 0 0.0357143 0 0.142857 0.214286 0.25 0.25 0.0714286 0.0357143 0 0 0 0 0 

960 942 695 75 0 0.679406 0 0 0 0 0 0 0 0 0 0 0 0 0 0 0 0 0 0 0.0344828 0 0 0.0689655 0.103448 0.310345 0.206897 0.137931 0.137931 0 0 0 0 0 0 

1056 1034 742 75 0 0.618955 0 0 0 0 0 0 0 0 0 0 0 0 0 0 0 0 0 0 0 0 0.0625 0.09375 0.3125 0.21875 0.15625 0.0625 0.09375 0 0 0 0 0 0 

928 912 669 75 0 0.701754 0 0 0 0 0 0 0 0 0 0 0 0 0 0 0 0 0 0 0.0357143 0 0.0357143 0.107143 0.107143 0.214286 0.142857 0.285714 0.0714286 0 0 0 0 0 0 

960 939 685 75 0 0.681576 0 0 0 0 0 0 0 0 0 0 0 0 0 0 0 0 0 0 0 0.0344828 0.0689655 0.0344828 0.172414 0.137931 0.310345 0.206897 0.0344828 0 0 0 0 0 0 

960 934 674 75 0 0.685225 0 0 0 0 0 0 0 0 0 0 0 0 0 0 0 0 0 0 0 0.0344828 0.0689655 0.103448 0.206897 0.241379 0.0689655 0.137931 0.103448 0.0344828 0 0 0 0 0 

896 875 642 75 0 0.731429 0 0 0 0 0 0 0 0 0 0 0 0 0 0 0 0 0 0 0 0 0.037037 0.111111 0.185185 0.185185 0.222222 0.148148 0.0740741 0.037037 0 0 0 0 0 

1184 1157 846 75 0 0.553155 0 0 0 0 0 0 0 0 0 0 0 0 0 0 0 0 0 0 0 0 0 0.138889 0.194444 0.305556 0.111111 0.0833333 0.111111 0.0555556 0 0 0 0 0 

928 909 672 75 0 0.70407 0 0 0 0 0 0 0 0 0 0 0 0 0 0 0 0 0 0 0 0.0357143 0 0.0357143 0.214286 0.142857 0.321429 0.107143 0.142857 0 0 0 0 0 0 

928 915 658 75 0 0.699454 0 0 0 0 0 0 0 0 0 0 0 0 0 0 0 0 0 0 0 0.0357143 0.0357143 0.178571 0.107143 0.214286 0.321429 0.107143 0 0 0 0 0 0 0 

928 897 663 75 0 0.713489 0 0 0 0 0 0 0 0 0 0 0 0 0 0 0 0 0 0 0 0 0.0357143 0.0714286 0.178571 0.107143 0.357143 0.0714286 0.142857 0.0357143 0 0 0 0 0 

960 951 692 75 0 0.672976 0 0 0 0 0 0 0 0 0 0 0 0 0 0 0 0 0 0 0.0344828 0 0.0344828 0.137931 0.137931 0.206897 0.275862 0.0689655 0.0689655 0.0344828 0 0 0 0 0 

896 873 642 71 0 0.733104 0 0 0 0 0 0 0 0 0 0 0 0 0 0 0 0 0 0 0 0 0.0740741 0.037037 0.111111 0.296296 0.222222 0.185185 0.037037 0.037037 0 0 0 0 0 

896 874 641 57 0 0.732265 0 0 0 0 0 0 0 0 0 0 0 0 0 0 0 0 0 0 0 0 0.037037 0.037037 0.222222 0.259259 0.222222 0.148148 0.037037 0.037037 0 0 0 0 0 

992 970 703 75 0 0.659794 0 0 0 0 0 0 0 0 0 0 0 0 0 0 0 0 0 0 0.0333333 0 0 0.1 0.233333 0.266667 0.133333 0.133333 0.1 0 0 0 0 0 0 

992 967 709 75 0 0.661841 0 0 0 0 0 0 0 0 0 0 0 0 0 0 0 0 0 0 0 0.0333333 0.0666667 0.0666667 0.2 0.133333 0.166667 0.133333 0.166667 0.0333333 0 0 0 0 0 

896 867 642 71 0 0.738178 0 0 0 0 0 0 0 0 0 0 0 0 0 0 0 0 0 0 0 0 0.037037 0.111111 0.0740741 0.185185 0.222222 0.259259 0.111111 0 0 0 0 0 0 

896 883 642 68 0 0.724802 0 0 0 0 0 0 0 0 0 0 0 0 0 0 0 0 0 0 0 0 0.037037 0.185185 0.222222 0.148148 0.185185 0.111111 0.0740741 0.037037 0 0 0 0 0 

960 944 695 75 0 0.677966 0 0 0 0 0 0 0 0 0 0 0 0 0 0 0 0 0 0 0 0.0344828 0 0.103448 0.137931 0.241379 0.241379 0.0689655 0.172414 0 0 0 0 0 0 

1120 1100 800 75 0 0.581818 0 0 0 0 0 0 0 0 0 0 0 0 0 0 0 0 0 0 0 0 0.0588235 0.0882353 0.176471 0.294118 0.205882 0.0882353 0.0294118 0.0588235 0 0 0 0 0 

960 936 692 75 0 0.683761 0 0 0 0 0 0 0 0 0 0 0 0 0 0 0 0 0 0 0 0 0.0344828 0.103448 0.103448 0.172414 0.310345 0.172414 0.0689655 0.0344828 0 0 0 0 0 

928 904 661 75 0 0.707965 0 0 0 0 0 0 0 0 0 0 0 0 0 0 0 0 0 0 0 0 0 0.142857 0.107143 0.357143 0.178571 0.107143 0.107143 0 0 0 0 0 0 

1088 1061 766 75 0 0.603205 0 0 0 0 0 0 0 0 0 0 0 0 0 0 0 0 0 0 0 0 0.0909091 0.181818 0.0606061 0.212121 0.212121 0.181818 0.0606061 0 0 0 0 0 0 

960 950 674 75 0 0.673684 0 0 0 0 0 0 0 0 0 0 0 0 0 0 0 0 0 0 0 0.0344828 0.103448 0.206897 0.103448 0.206897 0.241379 0.103448 0 0 0 0 0 0 0 

992 980 720 75 0 0.653061 0 0 0 0 0 0 0 0 0 0 0 0 0 0 0 0 0 0 0 0 0 0 0.266667 0.4 0.166667 0.1 0.0333333 0.0333333 0 0 0 0 0 

928 899 665 75 0 0.711902 0 0 0 0 0 0 0 0 0 0 0 0 0 0 0 0 0 0 0 0 0.0714286 0.0714286 0.107143 0.142857 0.25 0.25 0.0714286 0.0357143 0 0 0 0 0 

992 971 700 75 0 0.659114 0 0 0 0 0 0 0 0 0 0 0 0 0 0 0 0 0 0 0.0333333 0.0333333 0.0333333 0.0333333 0.266667 0.2 0.233333 0.0666667 0.0666667 0.0333333 0 0 0 0 0 

896 868 641 50 0 0.737327 0 0 0 0 0 0 0 0 0 0 0 0 0 0 0 0 0 0 0 0 0.0740741 0.037037 0.037037 0.259259 0.333333 0.222222 0 0.037037 0 0 0 0 0 

960 941 695 75 0 0.680128 0 0 0 0 0 0 0 0 0 0 0 0 0 0 0 0 0 0 0.0344828 0.0689655 0.0344828 0.0344828 0 0.103448 0.413793 0.206897 0.103448 0 0 0 0 0 0 

960 931 666 75 0 0.687433 0 0 0 0 0 0 0 0 0 0 0 0 0 0 0 0 0 0 0.0344828 0.0344828 0.0344828 0.172414 0.0344828 0.241379 0.275862 0.137931 0.0344828 0 0 0 0 0 0 

864 852 642 72 0 0.751174 0 0 0 0 0 0 0 0 0 0 0 0 0 0 0 0 0 0 0 0 0.0384615 0 0.230769 0.192308 0.153846 0.115385 0.192308 0.0769231 0 0 0 0 0 

896 877 641 65 0 0.729761 0 0 0 0 0 0 0 0 0 0 0 0 0 0 0 0 0 0 0 0 0.111111 0.0740741 0.111111 0.148148 0.407407 0.0740741 0 0.0740741 0 0 0 0 0 

960 936 676 75 0 0.683761 0 0 0 0 0 0 0 0 0 0 0 0 0 0 0 0 0 0.0344828 0 0.0344828 0 0.206897 0.0689655 0.206897 0.172414 0.172414 0.0689655 0.0344828 0 0 0 0 0 

1024 995 729 75 0 0.643216 0 0 0 0 0 0 0 0 0 0 0 0 0 0 0 0 0 0 0 0.0322581 0 0.0967742 0.16129 0.0967742 0.387097 0.193548 0 0.0322581 0 0 0 0 0 

896 866 641 61 0 0.73903 0 0 0 0 0 0 0 0 0 0 0 0 0 0 0 0 0 0 0 0.037037 0.037037 0 0.185185 0.111111 0.259259 0.259259 0.111111 0 0 0 0 0 0 

1024 998 731 75 0 0.641283 0 0 0 0 0 0 0 0 0 0 0 0 0 0 0 0 0 0 0 0 0 0.0322581 0.225806 0.322581 0.16129 0.258065 0 0 0 0 0 0 0 

928 908 656 75 0 0.704846 0 0 0 0 0 0 0 0 0 0 0 0 0 0 0 0 0 0 0 0 0.0714286 0.0714286 0.285714 0.214286 0.214286 0.0357143 0.0714286 0.0357143 0 0 0 0 0 

1088 1069 766 75 0 0.59869 0 0 0 0 0 0 0 0 0 0 0 0 0 0 0 0 0 0 0 0.030303 0.0909091 0.151515 0.181818 0.0606061 0.272727 0.212121 0 0 0 0 0 0 0 

1088 1071 766 75 0 0.597572 0 0 0 0 0 0 0 0 0 0 0 0 0 0 0 0 0 0 0.030303 0.030303 0.030303 0.0606061 0.212121 0.363636 0.121212 0.121212 0.030303 0 0 0 0 0 0 

1024 1005 726 75 0 0.636816 0 0 0 0 0 0 0 0 0 0 0 0 0 0 0 0 0 0 0 0.0322581 0.0645161 0.129032 0.0967742 0.322581 0.16129 0.0645161 0.129032 0 0 0 0 0 0 

1024 1006 728 75 0 0.636183 0 0 0 0 0 0 0 0 0 0 0 0 0 0 0 0 0 0 0 0 0.129032 0.0645161 0.129032 0.290323 0.193548 0.0967742 0.0967742 0 0 0 0 0 0 

1024 1012 734 75 0 0.632411 0 0 0 0 0 0 0 0 0 0 0 0 0 0 0 0 0 0 0 0.0645161 0.0322581 0.0967742 0.16129 0.290323 0.129032 0.0967742 0.0967742 0.0322581 0 0 0 0 0 

896 877 641 63 0 0.729761 0 0 0 0 0 0 0 0 0 0 0 0 0 0 0 0 0 0 0 0 0 0.111111 0.148148 0.407407 0.111111 0.148148 0.0740741 0 0 0 0 0 0 

992 972 704 75 0 0.658436 0 0 0 0 0 0 0 0 0 0 0 0 0 0 0 0 0 0 0 0.0666667 0 0.0333333 0.233333 0.333333 0.1 0.166667 0.0666667 0 0 0 0 0 0 

896 879 641 63 0 0.7281 0 0 0 0 0 0 0 0 0 0 0 0 0 0 0 0 0 0 0 0.037037 0.037037 0.0740741 0.111111 0.222222 0.37037 0.111111 0.037037 0 0 0 0 0 0 

1024 1007 728 75 0 0.635551 0 0 0 0 0 0 0 0 0 0 0 0 0 0 0 0 0 0 0 0 0.0645161 0.129032 0.16129 0.225806 0.258065 0.129032 0.0322581 0 0 0 0 0 0 

896 874 641 58 0 0.732265 0 0 0 0 0 0 0 0 0 0 0 0 0 0 0 0 0 0 0 0 0 0.111111 0.259259 0.148148 0.185185 0.259259 0 0.037037 0 0 0 0 0 

1024 1007 735 75 0 0.635551 0 0 0 0 0 0 0 0 0 0 0 0 0 0 0 0 0 0 0 0.0322581 0.0322581 0.0645161 0.129032 0.290323 0.258065 0.129032 0.0645161 0 0 0 0 0 0 

896 878 642 72 0 0.728929 0 0 0 0 0 0 0 0 0 0 0 0 0 0 0 0 0 0 0.037037 0 0.037037 0.0740741 0.148148 0.185185 0.333333 0.037037 0.148148 0 0 0 0 0 0 

1024 1001 745 75 0 0.639361 0 0 0 0 0 0 0 0 0 0 0 0 0 0 0 0 0 0 0 0 0.0322581 0.0967742 0.0645161 0.193548 0.225806 0.290323 0.0967742 0 0 0 0 0 0 

1056 1039 732 75 0 0.615977 0 0 0 0 0 0 0 0 0 0 0 0 0 0 0 0 0.03125 0 0.03125 0.03125 0.09375 0.0625 0.1875 0.25 0.15625 0.125 0.03125 0 0 0 0 0 0 

896 887 644 75 0 0.721533 0 0 0 0 0 0 0 0 0 0 0 0 0 0 0 0 0 0 0.037037 0 0.037037 0.148148 0.111111 0.259259 0.148148 0.222222 0.037037 0 0 0 0 0 0 

960 932 681 75 0 0.686695 0 0 0 0 0 0 0 0 0 0 0 0 0 0 0 0 0 0 0 0 0 0.172414 0.172414 0.241379 0.0344828 0.310345 0.0689655 0 0 0 0 0 0 

960 944 681 75 0 0.677966 0 0 0 0 0 0 0 0 0 0 0 0 0 0 0 0 0 0 0 0.0344828 0 0.137931 0.241379 0.206897 0.275862 0.0344828 0.0344828 0.0344828 0 0 0 0 0 

1152 1135 825 75 0 0.563877 0 0 0 0 0 0 0 0 0 0 0 0 0 0 0 0 0 0 0 0.0285714 0.0571429 0.0857143 0.171429 0.257143 0.228571 0.0285714 0.0857143 0.0571429 0 0 0 0 0 

992 966 702 75 0 0.662526 0 0 0 0 0 0 0 0 0 0 0 0 0 0 0 0 0 0 0 0 0.0333333 0.133333 0.133333 0.266667 0.266667 0.1 0.0333333 0.0333333 0 0 0 0 0 

1120 1110 804 75 0 0.576577 0 0 0 0 0 0 0 0 0 0 0 0 0 0 0 0 0 0 0 0.0294118 0.0294118 0 0.323529 0.235294 0.235294 0.147059 0 0 0 0 0 0 0 

1056 1040 751 75 0 0.615385 0 0 0 0 0 0 0 0 0 0 0 0 0 0 0 0 0 0 0 0 0.03125 0.1875 0.15625 0.25 0.21875 0.09375 0.0625 0 0 0 0 0 0 

928 903 671 75 0 0.708749 0 0 0 0 0 0 0 0 0 0 0 0 0 0 0 0 0 0 0 0 0.0357143 0.0357143 0.107143 0.214286 0.321429 0.178571 0.107143 0 0 0 0 0 0 

992 974 694 75 0 0.657084 0 0 0 0 0 0 0 0 0 0 0 0 0 0 0 0 0 0 0 0 0.0666667 0.233333 0.133333 0.266667 0.133333 0.166667 0 0 0 0 0 0 0 

896 885 642 66 0 0.723164 0 0 0 0 0 0 0 0 0 0 0 0 0 0 0 0 0 0 0 0.037037 0.0740741 0.037037 0.185185 0.185185 0.333333 0.148148 0 0 0 0 0 0 0 

1056 1036 732 75 0 0.617761 0 0 0 0 0 0 0 0 0 0 0 0 0 0 0 0 0 0 0 0.0625 0.0625 0.1875 0.1875 0.1875 0.15625 0.125 0.03125 0 0 0 0 0 0 

960 942 702 75 0 0.679406 0 0 0 0 0 0 0 0 0 0 0 0 0 0 0 0 0 0 0 0 0 0.172414 0.137931 0.0344828 0.241379 0.310345 0.0689655 0.0344828 0 0 0 0 0 

1024 998 721 75 0 0.641283 0 0 0 0 0 0 0 0 0 0 0 0 0 0 0 0 0 0.0322581 0 0.0322581 0.0322581 0.0322581 0.225806 0.16129 0.225806 0.225806 0.0322581 0 0 0 0 0 0 

992 971 696 75 0 0.659114 0 0 0 0 0 0 0 0 0 0 0 0 0 0 0 0 0 0 0 0.1 0.0666667 0.0666667 0.166667 0.1 0.366667 0.0333333 0.1 0 0 0 0 0 0 

896 875 641 60 0 0.731429 0 0 0 0 0 0 0 0 0 0 0 0 0 0 0 0 0.037037 0 0 0 0 0.0740741 0.0740741 0.296296 0.259259 0.222222 0.037037 0 0 0 0 0 0 

1088 1066 768 75 0 0.600375 0 0 0 0 0 0 0 0 0 0 0 0 0 0 0 0 0 0 0 0 0.0909091 0.151515 0.0909091 0.30303 0.181818 0.121212 0.030303 0.030303 0 0 0 0 0 

896 886 663 75 0 0.722348 0 0 0 0 0 0 0 0 0 0 0 0 0 0 0 0 0 0 0 0 0.0740741 0.0740741 0.0740741 0.148148 0.259259 0.222222 0.111111 0.037037 0 0 0 0 0 

1056 1036 753 75 0 0.617761 0 0 0 0 0 0 0 0 0 0 0 0 0 0 0 0 0 0 0 0 0.0625 0.125 0.1875 0.25 0.15625 0.09375 0.09375 0 0.03125 0 0 0 0 

928 910 682 75 0 0.703297 0 0 0 0 0 0 0 0 0 0 0 0 0 0 0 0 0 0 0 0 0.0357143 0.0714286 0.0357143 0.214286 0.25 0.285714 0.107143 0 0 0 0 0 0 

896 867 641 61 0 0.738178 0 0 0 0 0 0 0 0 0 0 0 0 0 0 0 0 0 0 0 0 0 0.037037 0.148148 0.333333 0.222222 0.148148 0.111111 0 0 0 0 0 0 

1056 1039 763 75 0 0.615977 0 0 0 0 0 0 0 0 0 0 0 0 0 0 0 0 0 0 0 0 0.03125 0.09375 0.125 0.25 0.25 0.21875 0.03125 0 0 0 0 0 0 

896 892 640 74 0 0.717489 0 0 0 0 0 0 0 0 0 0 0 0 0 0 0 0 0 0 0 0.037037 0.037037 0.0740741 0.37037 0.185185 0.111111 0.148148 0.037037 0 0 0 0 0 0 

1152 1124 805 75 0 0.569395 0 0 0 0 0 0 0 0 0 0 0 0 0 0 0 0 0 0 0 0.0285714 0.0571429 0.114286 0.142857 0.314286 0.171429 0.142857 0.0285714 0 0 0 0 0 0 

928 914 688 75 0 0.700219 0 0 0 0 0 0 0 0 0 0 0 0 0 0 0 0 0 0 0 0 0.0357143 0 0.107143 0.178571 0.357143 0.178571 0.142857 0 0 0 0 0 0 

1024 1006 740 75 0 0.636183 0 0 0 0 0 0 0 0 0 0 0 0 0 0 0 0 0 0 0 0 0 0.0645161 0.0967742 0.354839 0.322581 0.16129 0 0 0 0 0 0 0 

1024 1013 747 75 0 0.631787 0 0 0 0 0 0 0 0 0 0 0 0 0 0 0 0 0 0 0 0.0645161 0.0322581 0.0645161 0.0645161 0.258065 0.129032 0.322581 0.0645161 0 0 0 0 0 0 

896 886 642 73 0 0.722348 0 0 0 0 0 0 0 0 0 0 0 0 0 0 0 0 0 0 0 0.037037 0.037037 0.111111 0.111111 0.259259 0.333333 0.111111 0 0 0 0 0 0 0 

1088 1069 765 75 0 0.59869 0 0 0 0 0 0 0 0 0 0 0 0 0 0 0 0 0 0 0 0 0.121212 0.121212 0.151515 0.212121 0.242424 0.151515 0 0 0 0 0 0 0 

960 936 689 75 0 0.683761 0 0 0 0 0 0 0 0 0 0 0 0 0 0 0 0 0 0 0.0344828 0 0.0344828 0.103448 0.0689655 0.137931 0.344828 0.172414 0.0689655 0.0344828 0 0 0 0 0 

928 916 677 75 0 0.69869 0 0 0 0 0 0 0 0 0 0 0 0 0 0 0 0 0 0 0 0 0.0357143 0.142857 0.0714286 0.178571 0.321429 0.142857 0.107143 0 0 0 0 0 0 

928 905 655 75 0 0.707182 0 0 0 0 0 0 0 0 0 0 0 0 0 0 0 0 0 0 0 0.0357143 0.0357143 0.0714286 0.214286 0.214286 0.214286 0.178571 0.0357143 0 0 0 0 0 0 

896 873 642 66 0 0.733104 0 0 0 0 0 0 0 0 0 0 0 0 0 0 0 0 0 0 0 0 0.037037 0.0740741 0.111111 0.259259 0.333333 0.0740741 0.111111 0 0 0 0 0 0 

960 949 690 75 0 0.674394 0 0 0 0 0 0 0 0 0 0 0 0 0 0 0 0 0 0 0 0.0344828 0 0.172414 0.137931 0.241379 0.172414 0.206897 0.0344828 0 0 0 0 0 0 

1024 1005 709 75 0 0.636816 0 0 0 0 0 0 0 0 0 0 0 0 0 0 0 0 0 0 0 0.0645161 0 0.258065 0.0645161 0.387097 0.193548 0 0.0322581 0 0 0 0 0 0 

896 886 642 73 0 0.722348 0 0 0 0 0 0 0 0 0 0 0 0 0 0 0 0 0 0 0.037037 0.037037 0.037037 0.148148 0.0740741 0.222222 0.222222 0.111111 0.111111 0 0 0 0 0 0 

992 983 716 75 0 0.651068 0 0 0 0 0 0 0 0 0 0 0 0 0 0 0 0 0 0 0 0 0.0333333 0.1 0.2 0.2 0.366667 0.0666667 0.0333333 0 0 0 0 0 0 

896 881 642 75 0 0.726447 0 0 0 0 0 0 0 0 0 0 0 0 0 0 0 0 0 0 0.037037 0 0.037037 0.0740741 0.148148 0.185185 0.37037 0.0740741 0.0740741 0 0 0 0 0 0 

896 887 642 68 0 0.721533 0 0 0 0 0 0 0 0 0 0 0 0 0 0 0 0 0 0 0 0 0.0740741 0.111111 0.185185 0.222222 0.296296 0.0740741 0.037037 0 0 0 0 0 0 

992 964 710 75 0 0.6639 0 0 0 0 0 0 0 0 0 0 0 0 0 0 0 0 0 0 0 0 0 0.1 0.3 0.1 0.166667 0.166667 0.133333 0.0333333 0 0 0 0 0 

1056 1045 780 75 0 0.61244 0 0 0 0 0 0 0 0 0 0 0 0 0 0 0 0 0 0 0 0.03125 0 0.0625 0.125 0.125 0.3125 0.25 0.09375 0 0 0 0 0 0 

896 887 642 67 0 0.721533 0 0 0 0 0 0 0 0 0 0 0 0 0 0 0 0 0 0 0.037037 0 0.0740741 0.111111 0 0.37037 0.296296 0.0740741 0.037037 0 0 0 0 0 0 

