576 564 412 53 0 0.567376 0 0 0 0 0 0 0 0 0 0 0 0 0 0 0 0 0 0 0 0 0 0.0588235 0.294118 0.294118 0.235294 0.117647 0 0 0 0 0 0 0 

576 565 419 53 0 0.566372 0 0 0 0 0 0 0 0 0 0 0 0 0 0 0 0 0 0 0 0 0.0588235 0.176471 0.0588235 0.176471 0.117647 0.352941 0.0588235 0 0 0 0 0 0 

576 565 417 53 0 0.566372 0 0 0 0 0 0 0 0 0 0 0 0 0 0 0 0 0 0 0 0 0.0588235 0.117647 0.0588235 0.294118 0.176471 0.294118 0 0 0 0 0 0 0 

544 527 391 53 0 0.607211 0 0 0 0 0 0 0 0 0 0 0 0 0 0 0 0 0 0 0 0 0.0625 0.0625 0.25 0.125 0.0625 0.3125 0.125 0 0 0 0 0 0 

576 564 419 53 0 0.567376 0 0 0 0 0 0 0 0 0 0 0 0 0 0 0 0 0 0 0 0 0 0.117647 0.235294 0.0588235 0.352941 0.117647 0.117647 0 0 0 0 0 0 

704 678 480 53 0 0.471976 0 0 0 0 0 0 0 0 0 0 0 0 0 0 0 0 0 0 0 0.047619 0.0952381 0.047619 0.333333 0.0952381 0.285714 0.0952381 0 0 0 0 0 0 0 

576 565 409 53 0 0.566372 0 0 0 0 0 0 0 0 0 0 0 0 0 0 0 0 0 0 0.0588235 0 0.117647 0 0.176471 0.235294 0.235294 0.117647 0.0588235 0 0 0 0 0 0 

576 567 417 53 0 0.564374 0 0 0 0 0 0 0 0 0 0 0 0 0 0 0 0 0 0 0 0 0.0588235 0 0.294118 0.294118 0.176471 0.117647 0 0.0588235 0 0 0 0 0 

576 564 405 53 0 0.567376 0 0 0 0 0 0 0 0 0 0 0 0 0 0 0 0 0 0 0 0.0588235 0 0.117647 0.352941 0.176471 0.176471 0.0588235 0.0588235 0 0 0 0 0 0 

576 564 417 53 0 0.567376 0 0 0 0 0 0 0 0 0 0 0 0 0 0 0 0 0 0 0 0.0588235 0 0.117647 0.117647 0.176471 0.235294 0.176471 0.117647 0 0 0 0 0 0 

576 567 407 53 0 0.564374 0 0 0 0 0 0 0 0 0 0 0 0 0 0 0 0 0 0 0 0 0.0588235 0.235294 0.235294 0.117647 0.235294 0.117647 0 0 0 0 0 0 0 

544 527 394 53 0 0.607211 0 0 0 0 0 0 0 0 0 0 0 0 0 0 0 0 0 0 0 0 0 0.0625 0.25 0.0625 0.25 0.3125 0.0625 0 0 0 0 0 0 

768 740 529 53 0 0.432432 0 0 0 0 0 0 0 0 0 0 0 0 0 0 0 0 0 0 0.0434783 0 0.130435 0.0434783 0.173913 0.173913 0.217391 0.173913 0.0434783 0 0 0 0 0 0 

576 565 410 53 0 0.566372 0 0 0 0 0 0 0 0 0 0 0 0 0 0 0 0 0 0 0 0 0.0588235 0.117647 0.176471 0.352941 0.176471 0.0588235 0.0588235 0 0 0 0 0 0 

768 740 539 53 0 0.432432 0 0 0 0 0 0 0 0 0 0 0 0 0 0 0 0 0 0 0 0.0434783 0 0.0434783 0.26087 0.26087 0.0869565 0.26087 0 0.0434783 0 0 0 0 0 

576 564 410 53 0 0.567376 0 0 0 0 0 0 0 0 0 0 0 0 0 0 0 0 0 0 0 0 0.176471 0.0588235 0.117647 0.235294 0.176471 0.176471 0.0588235 0 0 0 0 0 0 

576 565 411 53 0 0.566372 0 0 0 0 0 0 0 0 0 0 0 0 0 0 0 0 0 0 0 0.0588235 0.0588235 0.176471 0.0588235 0.176471 0.235294 0.176471 0.0588235 0 0 0 0 0 0 

576 565 402 53 0 0.566372 0 0 0 0 0 0 0 0 0 0 0 0 0 0 0 0 0 0 0 0 0.117647 0.235294 0.117647 0.294118 0.176471 0 0.0588235 0 0 0 0 0 0 

576 567 400 53 0 0.564374 0 0 0 0 0 0 0 0 0 0 0 0 0 0 0 0 0 0 0 0.0588235 0.0588235 0.352941 0.0588235 0.176471 0.235294 0.0588235 0 0 0 0 0 0 0 

576 567 417 53 0 0.564374 0 0 0 0 0 0 0 0 0 0 0 0 0 0 0 0 0 0 0 0 0.0588235 0.176471 0.176471 0.176471 0.176471 0.117647 0.0588235 0 0.0588235 0 0 0 0 

576 565 419 53 0 0.566372 0 0 0 0 0 0 0 0 0 0 0 0 0 0 0 0 0 0.0588235 0 0 0.0588235 0.117647 0 0.176471 0.235294 0.235294 0.0588235 0 0.0588235 0 0 0 0 

576 565 421 53 0 0.566372 0 0 0 0 0 0 0 0 0 0 0 0 0 0 0 0 0 0 0 0 0 0.0588235 0.176471 0.352941 0.117647 0.235294 0 0.0588235 0 0 0 0 0 

704 678 493 53 0 0.471976 0 0 0 0 0 0 0 0 0 0 0 0 0 0 0 0 0 0 0 0.047619 0.0952381 0.0952381 0.0952381 0.142857 0.190476 0.238095 0.0952381 0 0 0 0 0 0 

800 775 549 53 0 0.412903 0 0 0 0 0 0 0 0 0 0 0 0 0 0 0 0 0 0 0 0 0.166667 0.208333 0.0833333 0.166667 0.25 0.0416667 0.0833333 0 0 0 0 0 0 

768 740 533 53 0 0.432432 0 0 0 0 0 0 0 0 0 0 0 0 0 0 0 0 0 0 0.0434783 0.0434783 0 0.0869565 0.26087 0.130435 0.173913 0.130435 0.130435 0 0 0 0 0 0 

576 565 416 53 0 0.566372 0 0 0 0 0 0 0 0 0 0 0 0 0 0 0 0 0 0 0 0 0 0.117647 0.176471 0.294118 0.176471 0.235294 0 0 0 0 0 0 0 

576 564 406 53 0 0.567376 0 0 0 0 0 0 0 0 0 0 0 0 0 0 0 0 0 0 0 0 0 0.352941 0.176471 0.117647 0.235294 0.0588235 0 0.0588235 0 0 0 0 0 

576 564 426 53 0 0.567376 0 0 0 0 0 0 0 0 0 0 0 0 0 0 0 0 0 0 0 0 0 0.0588235 0.117647 0.235294 0.294118 0.176471 0.0588235 0 0.0588235 0 0 0 0 

576 565 407 53 0 0.566372 0 0 0 0 0 0 0 0 0 0 0 0 0 0 0 0 0 0 0 0 0.117647 0.117647 0.235294 0.176471 0.176471 0.176471 0 0 0 0 0 0 0 

576 565 416 53 0 0.566372 0 0 0 0 0 0 0 0 0 0 0 0 0 0 0 0 0 0 0 0 0.117647 0.0588235 0.176471 0.0588235 0.411765 0.0588235 0.117647 0 0 0 0 0 0 

576 565 416 53 0 0.566372 0 0 0 0 0 0 0 0 0 0 0 0 0 0 0 0 0 0 0 0 0.117647 0 0.176471 0.352941 0 0.294118 0.0588235 0 0 0 0 0 0 

576 565 408 53 0 0.566372 0 0 0 0 0 0 0 0 0 0 0 0 0 0 0 0 0.0588235 0 0 0.0588235 0 0.0588235 0.235294 0.117647 0.235294 0.176471 0.0588235 0 0 0 0 0 0 

576 565 416 53 0 0.566372 0 0 0 0 0 0 0 0 0 0 0 0 0 0 0 0 0 0 0 0.0588235 0 0.117647 0.176471 0.176471 0.235294 0.0588235 0.176471 0 0 0 0 0 0 

576 565 412 53 0 0.566372 0 0 0 0 0 0 0 0 0 0 0 0 0 0 0 0 0 0 0 0.0588235 0 0 0.235294 0.352941 0.235294 0.117647 0 0 0 0 0 0 0 

576 564 414 53 0 0.567376 0 0 0 0 0 0 0 0 0 0 0 0 0 0 0 0 0 0 0.0588235 0 0.0588235 0.0588235 0 0.235294 0.411765 0.176471 0 0 0 0 0 0 0 

704 678 478 53 0 0.471976 0 0 0 0 0 0 0 0 0 0 0 0 0 0 0 0 0 0 0.142857 0 0.047619 0.0952381 0.238095 0.190476 0 0.142857 0.0952381 0.047619 0 0 0 0 0 

576 564 418 53 0 0.567376 0 0 0 0 0 0 0 0 0 0 0 0 0 0 0 0 0 0 0 0 0.117647 0 0.117647 0.235294 0.235294 0.235294 0.0588235 0 0 0 0 0 0 

576 565 415 53 0 0.566372 0 0 0 0 0 0 0 0 0 0 0 0 0 0 0 0 0 0 0 0 0.117647 0 0.176471 0.235294 0.294118 0.117647 0.0588235 0 0 0 0 0 0 

576 565 420 53 0 0.566372 0 0 0 0 0 0 0 0 0 0 0 0 0 0 0 0 0 0 0 0.0588235 0.0588235 0 0.235294 0.117647 0.176471 0.117647 0.235294 0 0 0 0 0 0 

544 527 391 53 0 0.607211 0 0 0 0 0 0 0 0 0 0 0 0 0 0 0 0 0 0 0 0 0.0625 0 0.1875 0.375 0.125 0.0625 0.125 0.0625 0 0 0 0 0 

576 565 422 53 0 0.566372 0 0 0 0 0 0 0 0 0 0 0 0 0 0 0 0 0 0 0 0 0 0.117647 0.0588235 0.235294 0.411765 0.0588235 0.117647 0 0 0 0 0 0 

576 565 415 53 0 0.566372 0 0 0 0 0 0 0 0 0 0 0 0 0 0 0 0 0 0 0 0 0 0.117647 0.0588235 0.470588 0.294118 0 0.0588235 0 0 0 0 0 0 

576 567 420 53 0 0.564374 0 0 0 0 0 0 0 0 0 0 0 0 0 0 0 0 0 0 0 0 0 0.117647 0.235294 0.176471 0.176471 0.235294 0.0588235 0 0 0 0 0 0 

576 565 418 53 0 0.566372 0 0 0 0 0 0 0 0 0 0 0 0 0 0 0 0 0 0 0 0.0588235 0.0588235 0 0.176471 0.176471 0.176471 0.294118 0.0588235 0 0 0 0 0 0 

544 527 387 53 0 0.607211 0 0 0 0 0 0 0 0 0 0 0 0 0 0 0 0 0 0 0 0 0 0.0625 0.3125 0.1875 0.25 0.125 0.0625 0 0 0 0 0 0 

576 563 414 53 0 0.568384 0 0 0 0 0 0 0 0 0 0 0 0 0 0 0 0 0 0 0 0 0.176471 0 0.0588235 0.294118 0.235294 0.176471 0 0.0588235 0 0 0 0 0 

768 740 546 53 0 0.432432 0 0 0 0 0 0 0 0 0 0 0 0 0 0 0 0 0 0 0 0.0869565 0 0 0.173913 0.173913 0.217391 0.217391 0.0869565 0.0434783 0 0 0 0 0 

576 565 414 53 0 0.566372 0 0 0 0 0 0 0 0 0 0 0 0 0 0 0 0 0 0 0 0 0 0.176471 0.117647 0.411765 0.117647 0.0588235 0.117647 0 0 0 0 0 0 

672 652 483 53 0 0.490798 0 0 0 0 0 0 0 0 0 0 0 0 0 0 0 0 0 0 0 0 0.05 0.1 0.2 0.1 0.25 0.1 0.15 0.05 0 0 0 0 0 

576 565 409 53 0 0.566372 0 0 0 0 0 0 0 0 0 0 0 0 0 0 0 0 0 0 0 0 0.117647 0.0588235 0.235294 0.235294 0.235294 0.0588235 0.0588235 0 0 0 0 0 0 

576 565 410 53 0 0.566372 0 0 0 0 0 0 0 0 0 0 0 0 0 0 0 0 0 0 0 0.0588235 0.0588235 0.117647 0.117647 0.235294 0.176471 0.235294 0 0 0 0 0 0 0 

576 565 413 53 0 0.566372 0 0 0 0 0 0 0 0 0 0 0 0 0 0 0 0 0 0 0 0.0588235 0 0.0588235 0.0588235 0.470588 0.235294 0.117647 0 0 0 0 0 0 0 

576 565 423 53 0 0.566372 0 0 0 0 0 0 0 0 0 0 0 0 0 0 0 0 0 0 0 0 0.0588235 0 0.235294 0.117647 0.352941 0.0588235 0.117647 0.0588235 0 0 0 0 0 

576 565 406 53 0 0.566372 0 0 0 0 0 0 0 0 0 0 0 0 0 0 0 0 0 0 0 0.0588235 0.176471 0.117647 0.0588235 0.235294 0.176471 0.0588235 0.0588235 0.0588235 0 0 0 0 0 

576 565 418 53 0 0.566372 0 0 0 0 0 0 0 0 0 0 0 0 0 0 0 0 0 0 0 0 0 0.235294 0.117647 0.294118 0 0.176471 0.117647 0.0588235 0 0 0 0 0 

576 565 417 53 0 0.566372 0 0 0 0 0 0 0 0 0 0 0 0 0 0 0 0 0 0 0 0.0588235 0 0.0588235 0.117647 0.176471 0.411765 0.176471 0 0 0 0 0 0 0 

576 565 421 53 0 0.566372 0 0 0 0 0 0 0 0 0 0 0 0 0 0 0 0 0 0 0 0 0.0588235 0 0.176471 0.352941 0.176471 0.0588235 0.117647 0.0588235 0 0 0 0 0 

576 567 423 53 0 0.564374 0 0 0 0 0 0 0 0 0 0 0 0 0 0 0 0 0 0 0 0 0 0 0.176471 0.352941 0.294118 0.117647 0.0588235 0 0 0 0 0 0 

576 565 409 53 0 0.566372 0 0 0 0 0 0 0 0 0 0 0 0 0 0 0 0 0 0 0 0 0.0588235 0.117647 0.117647 0.411765 0.235294 0.0588235 0 0 0 0 0 0 0 

576 565 415 53 0 0.566372 0 0 0 0 0 0 0 0 0 0 0 0 0 0 0 0 0 0 0 0 0.0588235 0.176471 0.117647 0.176471 0.176471 0.235294 0.0588235 0 0 0 0 0 0 

576 565 421 53 0 0.566372 0 0 0 0 0 0 0 0 0 0 0 0 0 0 0 0 0 0 0 0 0 0.0588235 0.117647 0.235294 0.411765 0.176471 0 0 0 0 0 0 0 

800 775 544 53 0 0.412903 0 0 0 0 0 0 0 0 0 0 0 0 0 0 0 0 0 0 0 0 0.0833333 0.333333 0.208333 0.0833333 0.125 0.125 0.0416667 0 0 0 0 0 0 

544 528 398 53 0 0.606061 0 0 0 0 0 0 0 0 0 0 0 0 0 0 0 0 0 0 0 0 0 0.0625 0.125 0.1875 0.375 0.0625 0.125 0.0625 0 0 0 0 0 

576 565 409 53 0 0.566372 0 0 0 0 0 0 0 0 0 0 0 0 0 0 0 0 0 0 0.117647 0 0 0.0588235 0.176471 0.235294 0.176471 0.176471 0.0588235 0 0 0 0 0 0 

576 565 412 53 0 0.566372 0 0 0 0 0 0 0 0 0 0 0 0 0 0 0 0 0 0 0 0 0.176471 0.117647 0.117647 0.117647 0.176471 0.235294 0 0.0588235 0 0 0 0 0 

576 563 403 53 0 0.568384 0 0 0 0 0 0 0 0 0 0 0 0 0 0 0 0 0 0 0 0.117647 0.0588235 0.0588235 0.117647 0.352941 0.117647 0.176471 0 0 0 0 0 0 0 

576 567 405 53 0 0.564374 0 0 0 0 0 0 0 0 0 0 0 0 0 0 0 0 0 0.0588235 0 0 0.0588235 0.117647 0.235294 0.235294 0.117647 0.176471 0 0 0 0 0 0 0 

576 565 412 53 0 0.566372 0 0 0 0 0 0 0 0 0 0 0 0 0 0 0 0 0 0 0 0 0.0588235 0.0588235 0.235294 0.294118 0.235294 0.0588235 0.0588235 0 0 0 0 0 0 

704 678 496 53 0 0.471976 0 0 0 0 0 0 0 0 0 0 0 0 0 0 0 0 0 0 0 0 0.047619 0.0952381 0.190476 0.238095 0.190476 0.0952381 0.0952381 0.047619 0 0 0 0 0 

576 565 409 53 0 0.566372 0 0 0 0 0 0 0 0 0 0 0 0 0 0 0 0 0 0 0 0.0588235 0.117647 0.0588235 0.176471 0.0588235 0.411765 0.0588235 0.0588235 0 0 0 0 0 0 

576 565 417 53 0 0.566372 0 0 0 0 0 0 0 0 0 0 0 0 0 0 0 0 0 0 0 0 0.0588235 0.0588235 0.176471 0.235294 0.352941 0 0.0588235 0.0588235 0 0 0 0 0 

576 565 420 53 0 0.566372 0 0 0 0 0 0 0 0 0 0 0 0 0 0 0 0 0 0 0 0 0 0.0588235 0.294118 0.117647 0.176471 0.352941 0 0 0 0 0 0 0 

576 565 420 53 0 0.566372 0 0 0 0 0 0 0 0 0 0 0 0 0 0 0 0 0 0 0 0 0 0.117647 0.235294 0.117647 0.235294 0.176471 0.117647 0 0 0 0 0 0 

576 565 419 53 0 0.566372 0 0 0 0 0 0 0 0 0 0 0 0 0 0 0 0 0 0 0 0.0588235 0 0.0588235 0 0.294118 0.470588 0.0588235 0.0588235 0 0 0 0 0 0 

576 565 418 53 0 0.566372 0 0 0 0 0 0 0 0 0 0 0 0 0 0 0 0 0 0 0 0 0 0.117647 0.235294 0.117647 0.235294 0.294118 0 0 0 0 0 0 0 

576 565 423 53 0 0.566372 0 0 0 0 0 0 0 0 0 0 0 0 0 0 0 0 0 0 0 0 0.117647 0 0.0588235 0.0588235 0.470588 0.294118 0 0 0 0 0 0 0 

704 678 481 53 0 0.471976 0 0 0 0 0 0 0 0 0 0 0 0 0 0 0 0 0 0.047619 0.0952381 0 0 0.047619 0.238095 0.142857 0.238095 0.142857 0 0.047619 0 0 0 0 0 

576 565 418 53 0 0.566372 0 0 0 0 0 0 0 0 0 0 0 0 0 0 0 0 0 0 0 0 0.0588235 0.0588235 0 0.411765 0.294118 0.176471 0 0 0 0 0 0 0 

544 529 382 53 0 0.604915 0 0 0 0 0 0 0 0 0 0 0 0 0 0 0 0 0 0 0 0 0.125 0.0625 0.1875 0.25 0.25 0.125 0 0 0 0 0 0 0 

576 565 416 53 0 0.566372 0 0 0 0 0 0 0 0 0 0 0 0 0 0 0 0 0 0 0 0.0588235 0.0588235 0 0.176471 0.176471 0.294118 0.176471 0.0588235 0 0 0 0 0 0 

544 527 402 53 0 0.607211 0 0 0 0 0 0 0 0 0 0 0 0 0 0 0 0 0 0 0 0 0 0 0.1875 0.1875 0.25 0.125 0.125 0.125 0 0 0 0 0 

704 678 493 53 0 0.471976 0 0 0 0 0 0 0 0 0 0 0 0 0 0 0 0 0 0 0 0 0.0952381 0.0952381 0.0952381 0.238095 0.238095 0.190476 0.047619 0 0 0 0 0 0 

800 775 553 53 0 0.412903 0 0 0 0 0 0 0 0 0 0 0 0 0 0 0 0 0 0 0 0.125 0.0416667 0.0416667 0.125 0.166667 0.416667 0.0833333 0 0 0 0 0 0 0 

576 565 418 53 0 0.566372 0 0 0 0 0 0 0 0 0 0 0 0 0 0 0 0 0 0 0 0 0.117647 0.0588235 0.0588235 0.294118 0.117647 0.294118 0.0588235 0 0 0 0 0 0 

576 565 419 53 0 0.566372 0 0 0 0 0 0 0 0 0 0 0 0 0 0 0 0 0 0 0 0 0 0.0588235 0.176471 0.235294 0.352941 0.176471 0 0 0 0 0 0 0 

576 565 413 53 0 0.566372 0 0 0 0 0 0 0 0 0 0 0 0 0 0 0 0 0 0 0 0 0.0588235 0.117647 0.176471 0.176471 0.352941 0.0588235 0.0588235 0 0 0 0 0 0 

672 652 482 53 0 0.490798 0 0 0 0 0 0 0 0 0 0 0 0 0 0 0 0 0 0 0 0 0.1 0.05 0.15 0.2 0.15 0.2 0.1 0.05 0 0 0 0 0 

576 565 418 53 0 0.566372 0 0 0 0 0 0 0 0 0 0 0 0 0 0 0 0 0 0 0 0 0.0588235 0.0588235 0.176471 0.0588235 0.529412 0.0588235 0.0588235 0 0 0 0 0 0 

576 565 417 53 0 0.566372 0 0 0 0 0 0 0 0 0 0 0 0 0 0 0 0 0 0 0 0 0 0.117647 0.176471 0.176471 0.352941 0.176471 0 0 0 0 0 0 0 

576 565 413 53 0 0.566372 0 0 0 0 0 0 0 0 0 0 0 0 0 0 0 0 0 0 0 0 0.176471 0.0588235 0.0588235 0.176471 0.352941 0.117647 0.0588235 0 0 0 0 0 0 

576 565 416 53 0 0.566372 0 0 0 0 0 0 0 0 0 0 0 0 0 0 0 0 0 0 0 0.0588235 0 0 0.235294 0.235294 0.235294 0.235294 0 0 0 0 0 0 0 

576 565 420 53 0 0.566372 0 0 0 0 0 0 0 0 0 0 0 0 0 0 0 0 0 0 0 0 0 0.0588235 0.235294 0.352941 0 0.235294 0.117647 0 0 0 0 0 0 

576 565 412 53 0 0.566372 0 0 0 0 0 0 0 0 0 0 0 0 0 0 0 0 0 0 0 0 0.0588235 0.0588235 0.294118 0.176471 0.235294 0.176471 0 0 0 0 0 0 0 

576 565 421 53 0 0.566372 0 0 0 0 0 0 0 0 0 0 0 0 0 0 0 0 0 0 0 0.0588235 0 0 0.176471 0.294118 0.235294 0.117647 0.0588235 0 0.0588235 0 0 0 0 

576 565 417 53 0 0.566372 0 0 0 0 0 0 0 0 0 0 0 0 0 0 0 0 0 0 0 0 0 0.0588235 0.294118 0.294118 0.117647 0.176471 0 0.0588235 0 0 0 0 0 

576 565 430 53 0 0.566372 0 0 0 0 0 0 0 0 0 0 0 0 0 0 0 0 0 0 0 0 0 0 0.117647 0.235294 0.352941 0.117647 0.117647 0.0588235 0 0 0 0 0 

544 527 407 53 0 0.607211 0 0 0 0 0 0 0 0 0 0 0 0 0 0 0 0 0 0 0 0 0 0 0.25 0 0.1875 0.1875 0.3125 0.0625 0 0 0 0 0 

704 678 488 53 0 0.471976 0 0 0 0 0 0 0 0 0 0 0 0 0 0 0 0 0 0 0 0 0.0952381 0.142857 0.0952381 0.238095 0.238095 0.190476 0 0 0 0 0 0 0 

576 565 407 53 0 0.566372 0 0 0 0 0 0 0 0 0 0 0 0 0 0 0 0 0 0 0 0.0588235 0.0588235 0.235294 0.117647 0.0588235 0.235294 0.235294 0 0 0 0 0 0 0 

576 564 423 53 0 0.567376 0 0 0 0 0 0 0 0 0 0 0 0 0 0 0 0 0 0 0 0.0588235 0 0.0588235 0.0588235 0.294118 0.235294 0.176471 0 0.0588235 0.0588235 0 0 0 0 

