576 556 404 53 0 0.57554 0 0 0 0 0 0 0 0 0 0 0 0 0 0 0 0 0 0 0 0 0.0588235 0.176471 0.176471 0.176471 0.176471 0.117647 0.117647 0 0 0 0 0 0 

512 484 365 53 0 0.661157 0 0 0 0 0 0 0 0 0 0 0 0 0 0 0 0 0 0 0 0 0 0 0 0.333333 0.333333 0.266667 0.0666667 0 0 0 0 0 0 

576 563 410 53 0 0.568384 0 0 0 0 0 0 0 0 0 0 0 0 0 0 0 0 0 0 0 0.0588235 0.117647 0 0.117647 0.294118 0.176471 0.176471 0.0588235 0 0 0 0 0 0 

608 583 420 53 0 0.548885 0 0 0 0 0 0 0 0 0 0 0 0 0 0 0 0 0 0 0.0555556 0 0 0.166667 0.111111 0.333333 0.111111 0.111111 0.111111 0 0 0 0 0 0 

544 517 390 53 0 0.618955 0 0 0 0 0 0 0 0 0 0 0 0 0 0 0 0 0 0 0 0 0 0 0.1875 0.125 0.3125 0.25 0.0625 0.0625 0 0 0 0 0 

480 459 330 53 0 0.697168 0 0 0 0 0 0 0 0 0 0 0 0 0 0 0 0 0 0 0 0 0.0714286 0.0714286 0.285714 0.214286 0.285714 0.0714286 0 0 0 0 0 0 0 

576 567 420 53 0 0.564374 0 0 0 0 0 0 0 0 0 0 0 0 0 0 0 0 0 0 0 0.117647 0 0 0.176471 0.117647 0.294118 0.235294 0 0.0588235 0 0 0 0 0 

544 521 386 53 0 0.614203 0 0 0 0 0 0 0 0 0 0 0 0 0 0 0 0 0 0 0 0.0625 0 0 0.125 0.3125 0.125 0.3125 0.0625 0 0 0 0 0 0 

608 588 416 53 0 0.544218 0 0 0 0 0 0 0 0 0 0 0 0 0 0 0 0 0 0 0 0.0555556 0.0555556 0.166667 0.166667 0.222222 0.333333 0 0 0 0 0 0 0 0 

512 502 375 53 0 0.63745 0 0 0 0 0 0 0 0 0 0 0 0 0 0 0 0 0 0 0 0 0 0.0666667 0.2 0.2 0.333333 0.0666667 0.133333 0 0 0 0 0 0 

576 556 405 53 0 0.57554 0 0 0 0 0 0 0 0 0 0 0 0 0 0 0 0 0 0 0 0.0588235 0.0588235 0.117647 0 0.411765 0.0588235 0.176471 0.117647 0 0 0 0 0 0 

512 503 378 53 0 0.636183 0 0 0 0 0 0 0 0 0 0 0 0 0 0 0 0 0 0 0 0 0 0 0.2 0.266667 0.333333 0.0666667 0.133333 0 0 0 0 0 0 

640 629 453 53 0 0.508744 0 0 0 0 0 0 0 0 0 0 0 0 0 0 0 0 0 0 0 0 0.157895 0.105263 0.210526 0.157895 0.210526 0.0526316 0.105263 0 0 0 0 0 0 

480 449 333 53 0 0.712695 0 0 0 0 0 0 0 0 0 0 0 0 0 0 0 0 0 0 0 0 0 0.142857 0.142857 0.0714286 0.214286 0.357143 0.0714286 0 0 0 0 0 0 

544 530 395 53 0 0.603774 0 0 0 0 0 0 0 0 0 0 0 0 0 0 0 0 0 0 0 0 0.125 0 0.0625 0.25 0.125 0.4375 0 0 0 0 0 0 0 

576 557 410 53 0 0.574506 0 0 0 0 0 0 0 0 0 0 0 0 0 0 0 0 0 0 0 0 0.0588235 0 0.352941 0.117647 0.176471 0.176471 0.117647 0 0 0 0 0 0 

512 499 351 53 0 0.641283 0 0 0 0 0 0 0 0 0 0 0 0 0 0 0 0 0 0 0 0.133333 0.0666667 0.0666667 0.266667 0.266667 0.133333 0.0666667 0 0 0 0 0 0 0 

640 614 444 53 0 0.521173 0 0 0 0 0 0 0 0 0 0 0 0 0 0 0 0 0 0 0 0 0.105263 0.105263 0.105263 0.210526 0.368421 0 0.105263 0 0 0 0 0 0 

704 686 479 53 0 0.466472 0 0 0 0 0 0 0 0 0 0 0 0 0 0 0 0 0 0 0.047619 0.047619 0.142857 0.0952381 0.238095 0.142857 0.142857 0.142857 0 0 0 0 0 0 0 

480 456 333 53 0 0.701754 0 0 0 0 0 0 0 0 0 0 0 0 0 0 0 0 0 0 0 0.0714286 0 0.142857 0.142857 0.214286 0.142857 0.142857 0.0714286 0.0714286 0 0 0 0 0 

608 596 432 53 0 0.536913 0 0 0 0 0 0 0 0 0 0 0 0 0 0 0 0 0 0 0 0 0 0.111111 0.222222 0.388889 0.222222 0.0555556 0 0 0 0 0 0 0 

672 644 467 53 0 0.496894 0 0 0 0 0 0 0 0 0 0 0 0 0 0 0 0 0 0.05 0 0 0.05 0.05 0.1 0.35 0.1 0.25 0 0.05 0 0 0 0 0 

640 629 457 53 0 0.508744 0 0 0 0 0 0 0 0 0 0 0 0 0 0 0 0 0 0 0 0 0.105263 0.157895 0.0526316 0.315789 0.157895 0.157895 0.0526316 0 0 0 0 0 0 

544 533 383 53 0 0.600375 0 0 0 0 0 0 0 0 0 0 0 0 0 0 0 0 0 0 0 0 0 0.1875 0.3125 0.25 0.1875 0.0625 0 0 0 0 0 0 0 

448 439 332 53 0 0.728929 0 0 0 0 0 0 0 0 0 0 0 0 0 0 0 0 0 0 0 0.0769231 0 0 0.0769231 0.230769 0.230769 0.230769 0.153846 0 0 0 0 0 0 

512 493 372 53 0 0.649087 0 0 0 0 0 0 0 0 0 0 0 0 0 0 0 0 0 0 0 0 0 0.0666667 0.133333 0.2 0.133333 0.333333 0.133333 0 0 0 0 0 0 

576 546 396 53 0 0.586081 0 0 0 0 0 0 0 0 0 0 0 0 0 0 0 0 0 0 0 0 0 0.176471 0.117647 0.235294 0.294118 0.176471 0 0 0 0 0 0 0 

512 491 371 53 0 0.651731 0 0 0 0 0 0 0 0 0 0 0 0 0 0 0 0 0 0 0 0 0 0.0666667 0.2 0.133333 0.133333 0.266667 0.133333 0.0666667 0 0 0 0 0 

608 594 440 53 0 0.538721 0 0 0 0 0 0 0 0 0 0 0 0 0 0 0 0 0 0 0 0 0 0.111111 0.111111 0.333333 0.277778 0.0555556 0.0555556 0.0555556 0 0 0 0 0 

544 518 375 53 0 0.617761 0 0 0 0 0 0 0 0 0 0 0 0 0 0 0 0 0 0 0 0 0.0625 0.125 0.125 0.3125 0.1875 0.125 0.0625 0 0 0 0 0 0 

544 524 393 53 0 0.610687 0 0 0 0 0 0 0 0 0 0 0 0 0 0 0 0 0 0 0 0 0 0 0.1875 0.375 0.125 0.125 0.125 0.0625 0 0 0 0 0 

576 553 409 53 0 0.578662 0 0 0 0 0 0 0 0 0 0 0 0 0 0 0 0 0 0 0 0 0 0.0588235 0.176471 0.235294 0.352941 0.0588235 0.117647 0 0 0 0 0 0 

608 596 435 53 0 0.536913 0 0 0 0 0 0 0 0 0 0 0 0 0 0 0 0 0 0.0555556 0 0 0 0.111111 0.166667 0.222222 0.222222 0.111111 0.111111 0 0 0 0 0 0 

512 484 372 53 0 0.661157 0 0 0 0 0 0 0 0 0 0 0 0 0 0 0 0 0 0 0 0 0 0.0666667 0.0666667 0.133333 0.266667 0.133333 0.133333 0.2 0 0 0 0 0 

576 558 398 53 0 0.573477 0 0 0 0 0 0 0 0 0 0 0 0 0 0 0 0 0 0 0.0588235 0 0.0588235 0.235294 0.117647 0.176471 0.235294 0 0.0588235 0.0588235 0 0 0 0 0 

608 584 423 53 0 0.547945 0 0 0 0 0 0 0 0 0 0 0 0 0 0 0 0 0 0 0 0.0555556 0.0555556 0 0.277778 0.222222 0.222222 0.0555556 0.0555556 0.0555556 0 0 0 0 0 

512 494 367 53 0 0.647773 0 0 0 0 0 0 0 0 0 0 0 0 0 0 0 0 0 0 0 0 0 0.0666667 0.266667 0.133333 0.266667 0.133333 0.133333 0 0 0 0 0 0 

672 657 484 53 0 0.487062 0 0 0 0 0 0 0 0 0 0 0 0 0 0 0 0 0 0 0 0.05 0 0.15 0.1 0.15 0.25 0.2 0.1 0 0 0 0 0 0 

576 549 407 53 0 0.582878 0 0 0 0 0 0 0 0 0 0 0 0 0 0 0 0 0 0 0 0 0 0.176471 0.117647 0.117647 0.235294 0.176471 0.176471 0 0 0 0 0 0 

576 566 412 53 0 0.565371 0 0 0 0 0 0 0 0 0 0 0 0 0 0 0 0 0 0 0 0 0 0 0.411765 0.235294 0.352941 0 0 0 0 0 0 0 0 

544 524 395 53 0 0.610687 0 0 0 0 0 0 0 0 0 0 0 0 0 0 0 0 0 0 0 0 0 0.0625 0.0625 0.125 0.4375 0.25 0.0625 0 0 0 0 0 0 

608 582 422 53 0 0.549828 0 0 0 0 0 0 0 0 0 0 0 0 0 0 0 0 0 0 0 0 0 0.111111 0.388889 0.0555556 0.222222 0.166667 0.0555556 0 0 0 0 0 0 

544 527 390 53 0 0.607211 0 0 0 0 0 0 0 0 0 0 0 0 0 0 0 0 0 0 0 0 0.125 0.0625 0.125 0.1875 0.1875 0.125 0.125 0.0625 0 0 0 0 0 

544 521 382 53 0 0.614203 0 0 0 0 0 0 0 0 0 0 0 0 0 0 0 0 0 0 0 0 0 0.0625 0.1875 0.4375 0.0625 0.1875 0.0625 0 0 0 0 0 0 

512 486 355 53 0 0.658436 0 0 0 0 0 0 0 0 0 0 0 0 0 0 0 0 0 0 0 0 0 0.133333 0.266667 0.266667 0 0.2 0.133333 0 0 0 0 0 0 

640 621 450 53 0 0.515298 0 0 0 0 0 0 0 0 0 0 0 0 0 0 0 0 0 0 0 0 0.0526316 0.0526316 0.210526 0.421053 0.105263 0.105263 0.0526316 0 0 0 0 0 0 

544 529 387 53 0 0.604915 0 0 0 0 0 0 0 0 0 0 0 0 0 0 0 0 0 0 0 0.0625 0.0625 0 0.1875 0.25 0.1875 0.1875 0.0625 0 0 0 0 0 0 

576 561 422 53 0 0.57041 0 0 0 0 0 0 0 0 0 0 0 0 0 0 0 0 0 0 0 0 0.0588235 0.117647 0 0.176471 0.235294 0.294118 0.0588235 0.0588235 0 0 0 0 0 

544 531 388 53 0 0.602637 0 0 0 0 0 0 0 0 0 0 0 0 0 0 0 0 0 0 0 0 0 0.0625 0.25 0.4375 0.125 0.0625 0.0625 0 0 0 0 0 0 

480 470 346 53 0 0.680851 0 0 0 0 0 0 0 0 0 0 0 0 0 0 0 0 0 0 0 0 0.0714286 0.0714286 0.142857 0.357143 0.142857 0.142857 0.0714286 0 0 0 0 0 0 

608 593 434 53 0 0.539629 0 0 0 0 0 0 0 0 0 0 0 0 0 0 0 0 0 0 0 0.111111 0.0555556 0 0.166667 0.111111 0.277778 0.222222 0 0.0555556 0 0 0 0 0 

576 565 399 53 0 0.566372 0 0 0 0 0 0 0 0 0 0 0 0 0 0 0 0 0 0 0 0 0.235294 0.176471 0.176471 0.117647 0.176471 0.0588235 0.0588235 0 0 0 0 0 0 

544 524 385 53 0 0.610687 0 0 0 0 0 0 0 0 0 0 0 0 0 0 0 0 0 0 0 0 0.0625 0.0625 0.125 0.3125 0.3125 0.0625 0 0 0.0625 0 0 0 0 

544 522 372 53 0 0.613027 0 0 0 0 0 0 0 0 0 0 0 0 0 0 0 0 0 0 0 0 0.125 0.25 0.0625 0.25 0.25 0 0 0 0.0625 0 0 0 0 

512 494 371 53 0 0.647773 0 0 0 0 0 0 0 0 0 0 0 0 0 0 0 0 0 0 0 0 0 0 0.133333 0.2 0.4 0.266667 0 0 0 0 0 0 0 

448 429 321 53 0 0.745921 0 0 0 0 0 0 0 0 0 0 0 0 0 0 0 0 0 0 0 0 0 0.153846 0.153846 0.153846 0.0769231 0.384615 0 0.0769231 0 0 0 0 0 

512 497 370 53 0 0.643863 0 0 0 0 0 0 0 0 0 0 0 0 0 0 0 0 0 0 0 0.0666667 0.0666667 0 0.0666667 0.266667 0.2 0.133333 0.2 0 0 0 0 0 0 

512 499 374 53 0 0.641283 0 0 0 0 0 0 0 0 0 0 0 0 0 0 0 0 0 0 0 0 0 0.0666667 0.0666667 0.4 0.2 0.133333 0.133333 0 0 0 0 0 0 

576 550 398 53 0 0.581818 0 0 0 0 0 0 0 0 0 0 0 0 0 0 0 0 0 0 0 0 0.0588235 0.0588235 0.352941 0.235294 0.0588235 0.0588235 0.176471 0 0 0 0 0 0 

544 534 391 53 0 0.599251 0 0 0 0 0 0 0 0 0 0 0 0 0 0 0 0 0 0 0 0 0 0 0.4375 0.25 0.125 0.1875 0 0 0 0 0 0 0 

608 590 431 53 0 0.542373 0 0 0 0 0 0 0 0 0 0 0 0 0 0 0 0 0 0 0 0 0.0555556 0.0555556 0.166667 0.333333 0.222222 0.111111 0.0555556 0 0 0 0 0 0 

576 553 403 53 0 0.578662 0 0 0 0 0 0 0 0 0 0 0 0 0 0 0 0 0 0.0588235 0 0 0 0.117647 0.176471 0.176471 0.176471 0.176471 0.0588235 0.0588235 0 0 0 0 0 

608 591 431 53 0 0.541455 0 0 0 0 0 0 0 0 0 0 0 0 0 0 0 0 0 0 0.0555556 0 0 0.166667 0.166667 0.166667 0.111111 0.222222 0.111111 0 0 0 0 0 0 

576 548 403 53 0 0.583942 0 0 0 0 0 0 0 0 0 0 0 0 0 0 0 0 0 0 0 0 0.0588235 0 0.176471 0.294118 0.235294 0.176471 0 0.0588235 0 0 0 0 0 

672 649 461 53 0 0.493066 0 0 0 0 0 0 0 0 0 0 0 0 0 0 0 0 0.05 0 0 0.15 0 0.1 0.05 0.2 0.15 0.25 0.05 0 0 0 0 0 0 

608 580 439 53 0 0.551724 0 0 0 0 0 0 0 0 0 0 0 0 0 0 0 0 0 0 0 0 0.0555556 0 0 0.166667 0.444444 0.111111 0.222222 0 0 0 0 0 0 

640 619 461 53 0 0.516963 0 0 0 0 0 0 0 0 0 0 0 0 0 0 0 0 0 0 0 0 0.0526316 0.0526316 0.157895 0.315789 0.0526316 0.105263 0.210526 0.0526316 0 0 0 0 0 

608 588 422 53 0 0.544218 0 0 0 0 0 0 0 0 0 0 0 0 0 0 0 0 0 0.0555556 0 0.0555556 0 0.111111 0.166667 0.111111 0.333333 0.111111 0.0555556 0 0 0 0 0 0 

576 558 411 53 0 0.573477 0 0 0 0 0 0 0 0 0 0 0 0 0 0 0 0 0 0 0 0 0 0.117647 0.0588235 0.294118 0.411765 0.117647 0 0 0 0 0 0 0 

608 589 437 53 0 0.543294 0 0 0 0 0 0 0 0 0 0 0 0 0 0 0 0 0 0 0 0 0 0.166667 0.111111 0.166667 0.277778 0.111111 0.166667 0 0 0 0 0 0 

576 553 400 53 0 0.578662 0 0 0 0 0 0 0 0 0 0 0 0 0 0 0 0 0 0 0.0588235 0 0.0588235 0.0588235 0.235294 0.176471 0.176471 0.0588235 0.176471 0 0 0 0 0 0 

640 620 463 53 0 0.516129 0 0 0 0 0 0 0 0 0 0 0 0 0 0 0 0 0 0 0 0 0 0.210526 0.105263 0.105263 0.210526 0.157895 0.157895 0 0.0526316 0 0 0 0 

544 517 370 53 0 0.618955 0 0 0 0 0 0 0 0 0 0 0 0 0 0 0 0 0 0 0 0.0625 0.0625 0.125 0.125 0.25 0.1875 0.125 0.0625 0 0 0 0 0 0 

448 432 321 52 0 0.740741 0 0 0 0 0 0 0 0 0 0 0 0 0 0 0 0 0 0 0 0 0 0.153846 0.0769231 0.307692 0.153846 0.230769 0.0769231 0 0 0 0 0 0 

768 750 527 53 0 0.426667 0 0 0 0 0 0 0 0 0 0 0 0 0 0 0 0 0 0 0.0434783 0.0434783 0 0.26087 0.217391 0.173913 0.130435 0.0869565 0.0434783 0 0 0 0 0 0 

576 565 419 53 0 0.566372 0 0 0 0 0 0 0 0 0 0 0 0 0 0 0 0 0 0 0 0 0.0588235 0 0.117647 0.352941 0.294118 0.117647 0.0588235 0 0 0 0 0 0 

480 468 347 53 0 0.683761 0 0 0 0 0 0 0 0 0 0 0 0 0 0 0 0 0 0 0 0 0.0714286 0.0714286 0.0714286 0.357143 0.142857 0.214286 0.0714286 0 0 0 0 0 0 

544 525 377 53 0 0.609524 0 0 0 0 0 0 0 0 0 0 0 0 0 0 0 0 0 0 0 0.0625 0 0.1875 0.25 0.1875 0.0625 0.1875 0.0625 0 0 0 0 0 0 

608 590 432 53 0 0.542373 0 0 0 0 0 0 0 0 0 0 0 0 0 0 0 0 0 0 0 0 0.166667 0.111111 0.0555556 0.111111 0.277778 0.166667 0.0555556 0.0555556 0 0 0 0 0 

544 533 397 53 0 0.600375 0 0 0 0 0 0 0 0 0 0 0 0 0 0 0 0 0 0 0 0 0 0.125 0.1875 0.1875 0.1875 0.1875 0.125 0 0 0 0 0 0 

512 482 346 53 0 0.6639 0 0 0 0 0 0 0 0 0 0 0 0 0 0 0 0 0 0 0.0666667 0 0.0666667 0.0666667 0.133333 0.2 0.266667 0.133333 0.0666667 0 0 0 0 0 0 

512 502 368 53 0 0.63745 0 0 0 0 0 0 0 0 0 0 0 0 0 0 0 0 0 0 0 0 0.0666667 0 0.333333 0.133333 0.4 0 0.0666667 0 0 0 0 0 0 

512 486 363 53 0 0.658436 0 0 0 0 0 0 0 0 0 0 0 0 0 0 0 0 0 0 0 0 0.0666667 0 0.2 0.133333 0.266667 0.0666667 0.266667 0 0 0 0 0 0 

576 554 403 53 0 0.577617 0 0 0 0 0 0 0 0 0 0 0 0 0 0 0 0 0 0 0 0 0 0.176471 0.176471 0.294118 0.117647 0.176471 0.0588235 0 0 0 0 0 0 

576 560 410 53 0 0.571429 0 0 0 0 0 0 0 0 0 0 0 0 0 0 0 0 0 0 0 0 0.0588235 0.235294 0.0588235 0.235294 0.117647 0.117647 0.176471 0 0 0 0 0 0 

512 496 371 53 0 0.645161 0 0 0 0 0 0 0 0 0 0 0 0 0 0 0 0 0 0 0 0 0.0666667 0 0.133333 0.2 0.4 0.0666667 0.0666667 0.0666667 0 0 0 0 0 

480 470 366 53 0 0.680851 0 0 0 0 0 0 0 0 0 0 0 0 0 0 0 0 0 0 0 0 0 0 0.0714286 0.214286 0 0.5 0.214286 0 0 0 0 0 0 

544 519 385 53 0 0.61657 0 0 0 0 0 0 0 0 0 0 0 0 0 0 0 0 0 0 0.0625 0 0 0.0625 0.125 0.1875 0.1875 0.25 0.0625 0 0.0625 0 0 0 0 

608 598 434 53 0 0.535117 0 0 0 0 0 0 0 0 0 0 0 0 0 0 0 0 0 0 0 0 0 0.111111 0.5 0.111111 0.111111 0.0555556 0.0555556 0.0555556 0 0 0 0 0 

544 520 386 53 0 0.615385 0 0 0 0 0 0 0 0 0 0 0 0 0 0 0 0 0 0 0 0 0.0625 0.125 0 0.3125 0.125 0.1875 0.1875 0 0 0 0 0 0 

576 551 392 53 0 0.580762 0 0 0 0 0 0 0 0 0 0 0 0 0 0 0 0 0 0 0 0.0588235 0.0588235 0.176471 0.117647 0.235294 0.176471 0.176471 0 0 0 0 0 0 0 

544 518 385 53 0 0.617761 0 0 0 0 0 0 0 0 0 0 0 0 0 0 0 0 0 0 0.0625 0 0.0625 0 0.125 0.0625 0.3125 0.1875 0.125 0.0625 0 0 0 0 0 

544 537 399 53 0 0.595903 0 0 0 0 0 0 0 0 0 0 0 0 0 0 0 0 0 0 0 0 0.0625 0.0625 0.125 0.25 0.1875 0.3125 0 0 0 0 0 0 0 

480 458 344 53 0 0.69869 0 0 0 0 0 0 0 0 0 0 0 0 0 0 0 0 0 0 0 0 0 0.0714286 0.214286 0.142857 0.0714286 0.428571 0 0.0714286 0 0 0 0 0 

608 583 421 53 0 0.548885 0 0 0 0 0 0 0 0 0 0 0 0 0 0 0 0 0 0 0 0 0 0.111111 0.166667 0.444444 0.222222 0 0.0555556 0 0 0 0 0 0 

544 533 385 53 0 0.600375 0 0 0 0 0 0 0 0 0 0 0 0 0 0 0 0 0 0 0 0 0.0625 0.0625 0.25 0.3125 0.3125 0 0 0 0 0 0 0 0 

512 487 364 53 0 0.657084 0 0 0 0 0 0 0 0 0 0 0 0 0 0 0 0 0 0 0 0 0 0.0666667 0 0.4 0.266667 0.133333 0.133333 0 0 0 0 0 0 

512 490 348 53 0 0.653061 0 0 0 0 0 0 0 0 0 0 0 0 0 0 0 0.0666667 0 0 0 0 0.0666667 0.133333 0.0666667 0.266667 0.2 0.2 0 0 0 0 0 0 0 

608 589 426 53 0 0.543294 0 0 0 0 0 0 0 0 0 0 0 0 0 0 0 0 0 0 0 0 0.0555556 0.166667 0.111111 0.277778 0.222222 0.166667 0 0 0 0 0 0 0 

480 459 344 53 0 0.697168 0 0 0 0 0 0 0 0 0 0 0 0 0 0 0 0 0 0 0 0 0 0.0714286 0.0714286 0.214286 0.357143 0.214286 0.0714286 0 0 0 0 0 0 

