14624 14600 10660 268 0 0.547945 0 0 0 0 0 0 0 0 0 0 0 0 0 0 0 0 0 0.00219298 0.00877193 0.00657895 0.0350877 0.0921053 0.138158 0.241228 0.20614 0.171053 0.0767544 0.0175439 0.00438596 0 0 0 0 

15040 15016 10871 268 0 0.532765 0 0 0 0 0 0 0 0 0 0 0 0 0 0 0 0 0 0.00639659 0.00639659 0.0234542 0.0277186 0.0959488 0.185501 0.17484 0.268657 0.130064 0.0703625 0.00852878 0 0.0021322 0 0 0 

14624 14599 10573 268 0 0.547983 0 0 0 0 0 0 0 0 0 0 0 0 0 0 0 0 0 0 0.00438596 0.0153509 0.0482456 0.0921053 0.144737 0.278509 0.190789 0.151316 0.0635965 0.0109649 0 0 0 0 0 

14944 14921 10874 268 0 0.536157 0 0 0 0 0 0 0 0 0 0 0 0 0 0 0 0 0 0 0.00214592 0.00858369 0.0257511 0.0901288 0.160944 0.244635 0.238197 0.154506 0.0686695 0.00643777 0 0 0 0 0 

14912 14889 10842 268 0 0.537309 0 0 0 0 0 0 0 0 0 0 0 0 0 0 0 0 0 0.00215054 0.00215054 0.0172043 0.0344086 0.0817204 0.174194 0.212903 0.243011 0.144086 0.055914 0.0301075 0.00215054 0 0 0 0 

14592 14578 10591 268 0 0.548772 0 0 0 0 0 0 0 0 0 0 0 0 0 0 0 0 0 0.0021978 0.00659341 0.021978 0.0461538 0.0593407 0.186813 0.206593 0.250549 0.116484 0.0835165 0.0175824 0.0021978 0 0 0 0 

14560 14535 10554 268 0 0.550396 0 0 0 0 0 0 0 0 0 0 0 0 0 0 0 0.00220264 0 0 0.00440529 0.0220264 0.0594714 0.0859031 0.138767 0.218062 0.215859 0.14978 0.0837004 0.0176211 0.00220264 0 0 0 0 

14624 14601 10603 268 0 0.547908 0 0 0 0 0 0 0 0 0 0 0 0 0 0 0 0 0 0.00438596 0.00438596 0.0131579 0.0592105 0.0789474 0.127193 0.225877 0.274123 0.138158 0.0570175 0.0131579 0.00438596 0 0 0 0 

14880 14861 10805 268 0 0.538322 0 0 0 0 0 0 0 0 0 0 0 0 0 0 0 0 0.00215517 0 0 0.0215517 0.0323276 0.105603 0.133621 0.25 0.215517 0.153017 0.0689655 0.012931 0.00431034 0 0 0 0 

14464 14440 10429 268 0 0.554017 0 0 0 0 0 0 0 0 0 0 0 0 0 0 0 0 0 0.00221729 0.00665188 0.0199557 0.0665188 0.0820399 0.13969 0.252772 0.208426 0.148559 0.0620843 0.0110865 0 0 0 0 0 

