704 686 493 53 0 0.466472 0 0 0 0 0 0 0 0 0 0 0 0 0 0 0 0 0 0 0 0.047619 0.0952381 0.142857 0.0952381 0.285714 0.0952381 0.142857 0.0952381 0 0 0 0 0 0 

608 593 432 53 0 0.539629 0 0 0 0 0 0 0 0 0 0 0 0 0 0 0 0 0 0 0.0555556 0.111111 0 0.0555556 0.111111 0.111111 0.222222 0.222222 0.111111 0 0 0 0 0 0 

544 523 386 53 0 0.611855 0 0 0 0 0 0 0 0 0 0 0 0 0 0 0 0 0 0 0 0 0 0.1875 0.1875 0.125 0.1875 0.1875 0.0625 0.0625 0 0 0 0 0 

544 523 389 53 0 0.611855 0 0 0 0 0 0 0 0 0 0 0 0 0 0 0 0 0 0 0 0 0.0625 0.0625 0.0625 0.0625 0.625 0 0.125 0 0 0 0 0 0 

544 524 385 53 0 0.610687 0 0 0 0 0 0 0 0 0 0 0 0 0 0 0 0 0 0 0 0 0 0.125 0.25 0.125 0.25 0.1875 0.0625 0 0 0 0 0 0 

544 533 398 53 0 0.600375 0 0 0 0 0 0 0 0 0 0 0 0 0 0 0 0 0 0 0 0 0.0625 0.0625 0.1875 0.125 0.1875 0.25 0.125 0 0 0 0 0 0 

608 592 417 53 0 0.540541 0 0 0 0 0 0 0 0 0 0 0 0 0 0.0555556 0 0 0 0 0.0555556 0 0.111111 0.111111 0.0555556 0.222222 0.222222 0.0555556 0.0555556 0.0555556 0 0 0 0 0 

544 524 387 53 0 0.610687 0 0 0 0 0 0 0 0 0 0 0 0 0 0 0 0 0 0 0 0 0 0 0.3125 0.1875 0.25 0.25 0 0 0 0 0 0 0 

608 594 433 53 0 0.538721 0 0 0 0 0 0 0 0 0 0 0 0 0 0 0 0 0 0 0 0.0555556 0.111111 0.0555556 0.0555556 0.277778 0.166667 0.222222 0.0555556 0 0 0 0 0 0 

576 562 402 53 0 0.569395 0 0 0 0 0 0 0 0 0 0 0 0 0 0 0 0 0 0 0.0588235 0 0.0588235 0.117647 0.176471 0.294118 0.176471 0.0588235 0.0588235 0 0 0 0 0 0 

544 533 393 53 0 0.600375 0 0 0 0 0 0 0 0 0 0 0 0 0 0 0 0 0 0 0 0 0.0625 0 0 0.625 0.1875 0.125 0 0 0 0 0 0 0 

544 524 379 53 0 0.610687 0 0 0 0 0 0 0 0 0 0 0 0 0 0 0 0 0 0 0.0625 0 0.1875 0 0.0625 0.1875 0.25 0.1875 0 0.0625 0 0 0 0 0 

544 524 388 53 0 0.610687 0 0 0 0 0 0 0 0 0 0 0 0 0 0 0 0 0 0 0 0 0 0.0625 0.3125 0.1875 0.125 0.1875 0.0625 0.0625 0 0 0 0 0 

544 524 382 53 0 0.610687 0 0 0 0 0 0 0 0 0 0 0 0 0 0 0 0 0 0 0 0 0.0625 0.1875 0.125 0.1875 0.1875 0.125 0.125 0 0 0 0 0 0 

544 523 390 53 0 0.611855 0 0 0 0 0 0 0 0 0 0 0 0 0 0 0 0 0 0 0 0 0 0 0.125 0.4375 0.1875 0.125 0.125 0 0 0 0 0 0 

544 533 393 53 0 0.600375 0 0 0 0 0 0 0 0 0 0 0 0 0 0 0 0 0 0 0 0 0 0.1875 0.1875 0.125 0.3125 0.0625 0.125 0 0 0 0 0 0 

544 524 387 53 0 0.610687 0 0 0 0 0 0 0 0 0 0 0 0 0 0 0 0 0 0 0 0 0 0 0.3125 0.25 0.1875 0.1875 0.0625 0 0 0 0 0 0 

544 523 382 53 0 0.611855 0 0 0 0 0 0 0 0 0 0 0 0 0 0 0 0 0 0 0 0 0 0.0625 0.25 0.25 0.3125 0.125 0 0 0 0 0 0 0 

544 533 385 53 0 0.600375 0 0 0 0 0 0 0 0 0 0 0 0 0 0 0 0 0 0 0 0 0.125 0 0.3125 0.25 0.25 0 0.0625 0 0 0 0 0 0 

608 597 439 53 0 0.536013 0 0 0 0 0 0 0 0 0 0 0 0 0 0 0 0 0 0 0 0 0.0555556 0.111111 0.0555556 0.333333 0.277778 0.111111 0.0555556 0 0 0 0 0 0 

544 523 387 53 0 0.611855 0 0 0 0 0 0 0 0 0 0 0 0 0 0 0 0 0 0 0 0 0 0.0625 0.1875 0.1875 0.375 0.125 0.0625 0 0 0 0 0 0 

608 589 425 53 0 0.543294 0 0 0 0 0 0 0 0 0 0 0 0 0 0 0 0 0 0 0 0 0.111111 0.0555556 0.222222 0.166667 0.333333 0.111111 0 0 0 0 0 0 0 

608 596 432 53 0 0.536913 0 0 0 0 0 0 0 0 0 0 0 0 0 0 0 0 0 0 0 0.111111 0.0555556 0 0.111111 0.388889 0.111111 0.166667 0.0555556 0 0 0 0 0 0 

544 523 377 53 0 0.611855 0 0 0 0 0 0 0 0 0 0 0 0 0 0 0 0 0 0 0 0 0.0625 0.1875 0.0625 0.375 0.125 0.1875 0 0 0 0 0 0 0 

544 523 389 53 0 0.611855 0 0 0 0 0 0 0 0 0 0 0 0 0 0 0 0 0 0 0 0 0 0.125 0.0625 0.4375 0.0625 0.0625 0.25 0 0 0 0 0 0 

544 533 393 53 0 0.600375 0 0 0 0 0 0 0 0 0 0 0 0 0 0 0 0 0 0 0.0625 0 0.0625 0 0.125 0.1875 0.3125 0.1875 0.0625 0 0 0 0 0 0 

544 533 401 53 0 0.600375 0 0 0 0 0 0 0 0 0 0 0 0 0 0 0 0 0 0 0 0 0 0.1875 0.0625 0.25 0.0625 0.1875 0.25 0 0 0 0 0 0 

544 524 386 53 0 0.610687 0 0 0 0 0 0 0 0 0 0 0 0 0 0 0 0 0 0 0 0.0625 0 0 0.25 0.1875 0.25 0.125 0.125 0 0 0 0 0 0 

608 596 422 53 0 0.536913 0 0 0 0 0 0 0 0 0 0 0 0 0 0 0 0 0 0 0 0.0555556 0.166667 0.111111 0.166667 0.222222 0.111111 0.166667 0 0 0 0 0 0 0 

576 562 405 53 0 0.569395 0 0 0 0 0 0 0 0 0 0 0 0 0 0 0 0 0 0 0.0588235 0 0 0.117647 0.235294 0.117647 0.411765 0.0588235 0 0 0 0 0 0 0 

544 523 383 53 0 0.611855 0 0 0 0 0 0 0 0 0 0 0 0 0 0 0 0 0 0 0 0 0 0.0625 0.3125 0.1875 0.25 0.125 0.0625 0 0 0 0 0 0 

544 524 392 53 0 0.610687 0 0 0 0 0 0 0 0 0 0 0 0 0 0 0 0 0 0 0 0.0625 0 0.0625 0.125 0.125 0.25 0.125 0.25 0 0 0 0 0 0 

544 533 395 53 0 0.600375 0 0 0 0 0 0 0 0 0 0 0 0 0 0 0 0 0 0 0 0 0 0.25 0 0.375 0.0625 0.125 0.1875 0 0 0 0 0 0 

608 597 433 53 0 0.536013 0 0 0 0 0 0 0 0 0 0 0 0 0 0 0 0 0 0 0 0 0.0555556 0.111111 0.166667 0.333333 0.222222 0.111111 0 0 0 0 0 0 0 

608 597 427 53 0 0.536013 0 0 0 0 0 0 0 0 0 0 0 0 0 0 0 0 0 0 0 0 0.0555556 0.222222 0.333333 0.111111 0.111111 0.111111 0.0555556 0 0 0 0 0 0 

544 533 384 53 0 0.600375 0 0 0 0 0 0 0 0 0 0 0 0 0 0 0 0 0 0 0 0.125 0.0625 0 0.3125 0.125 0.125 0.1875 0.0625 0 0 0 0 0 0 

544 531 392 53 0 0.602637 0 0 0 0 0 0 0 0 0 0 0 0 0 0 0 0 0 0 0 0.0625 0 0.125 0.0625 0.3125 0.1875 0.125 0.0625 0.0625 0 0 0 0 0 

672 650 460 53 0 0.492308 0 0 0 0 0 0 0 0 0 0 0 0 0 0 0 0 0 0 0 0.05 0.05 0.2 0.15 0.25 0.2 0.1 0 0 0 0 0 0 0 

544 533 390 53 0 0.600375 0 0 0 0 0 0 0 0 0 0 0 0 0 0 0 0 0 0 0 0.0625 0 0.125 0.0625 0.375 0.1875 0.125 0.0625 0 0 0 0 0 0 

544 523 384 53 0 0.611855 0 0 0 0 0 0 0 0 0 0 0 0 0 0 0 0 0 0 0.0625 0 0.0625 0 0.0625 0.25 0.3125 0.1875 0.0625 0 0 0 0 0 0 

544 523 396 53 0 0.611855 0 0 0 0 0 0 0 0 0 0 0 0 0 0 0 0 0 0 0 0 0.0625 0 0.125 0.125 0.375 0.125 0.0625 0.0625 0.0625 0 0 0 0 

544 533 371 53 0 0.600375 0 0 0 0 0 0 0 0 0 0 0 0 0 0 0 0 0 0 0 0.125 0 0.1875 0.3125 0.3125 0.0625 0 0 0 0 0 0 0 0 

576 562 405 53 0 0.569395 0 0 0 0 0 0 0 0 0 0 0 0 0 0 0 0 0 0 0 0 0.117647 0.117647 0.176471 0.176471 0.294118 0.117647 0 0 0 0 0 0 0 

608 597 427 53 0 0.536013 0 0 0 0 0 0 0 0 0 0 0 0 0 0 0 0 0 0 0 0.0555556 0.111111 0.0555556 0.222222 0.222222 0.222222 0.111111 0 0 0 0 0 0 0 

544 533 397 53 0 0.600375 0 0 0 0 0 0 0 0 0 0 0 0 0 0 0 0 0 0 0 0.0625 0 0 0.1875 0.25 0.25 0.0625 0.1875 0 0 0 0 0 0 

544 533 392 53 0 0.600375 0 0 0 0 0 0 0 0 0 0 0 0 0 0 0 0 0 0 0.0625 0 0.0625 0.125 0.125 0.125 0.1875 0.1875 0.0625 0 0.0625 0 0 0 0 

544 523 389 53 0 0.611855 0 0 0 0 0 0 0 0 0 0 0 0 0 0 0 0 0 0 0 0 0 0.0625 0.1875 0.1875 0.25 0.25 0.0625 0 0 0 0 0 0 

544 523 391 53 0 0.611855 0 0 0 0 0 0 0 0 0 0 0 0 0 0 0 0 0 0 0 0 0 0.0625 0.125 0.25 0.1875 0.3125 0.0625 0 0 0 0 0 0 

544 524 392 53 0 0.610687 0 0 0 0 0 0 0 0 0 0 0 0 0 0 0 0 0 0 0 0 0 0.0625 0 0.4375 0.1875 0.25 0.0625 0 0 0 0 0 0 

608 598 439 53 0 0.535117 0 0 0 0 0 0 0 0 0 0 0 0 0 0 0 0 0 0 0 0 0.0555556 0.222222 0.111111 0.111111 0.222222 0.166667 0.111111 0 0 0 0 0 0 

544 533 400 53 0 0.600375 0 0 0 0 0 0 0 0 0 0 0 0 0 0 0 0 0 0.0625 0 0 0 0 0.1875 0.125 0.375 0.0625 0.0625 0.0625 0.0625 0 0 0 0 

544 528 388 53 0 0.606061 0 0 0 0 0 0 0 0 0 0 0 0 0 0 0 0 0 0 0 0 0.125 0.125 0.1875 0.0625 0.1875 0.0625 0.25 0 0 0 0 0 0 

544 531 396 53 0 0.602637 0 0 0 0 0 0 0 0 0 0 0 0 0 0 0 0 0 0 0 0 0 0.25 0 0.125 0.25 0.3125 0.0625 0 0 0 0 0 0 

544 523 387 53 0 0.611855 0 0 0 0 0 0 0 0 0 0 0 0 0 0 0 0 0 0 0 0 0 0.1875 0 0.1875 0.4375 0.125 0.0625 0 0 0 0 0 0 

544 523 389 53 0 0.611855 0 0 0 0 0 0 0 0 0 0 0 0 0 0 0 0 0 0 0 0 0.0625 0 0.0625 0.3125 0.3125 0.1875 0.0625 0 0 0 0 0 0 

544 523 383 53 0 0.611855 0 0 0 0 0 0 0 0 0 0 0 0 0 0 0 0 0 0 0 0.0625 0 0.1875 0.125 0.0625 0.25 0.1875 0.125 0 0 0 0 0 0 

544 524 377 53 0 0.610687 0 0 0 0 0 0 0 0 0 0 0 0 0 0 0 0 0 0 0 0 0.0625 0.1875 0.125 0.3125 0.1875 0.0625 0.0625 0 0 0 0 0 0 

544 523 391 53 0 0.611855 0 0 0 0 0 0 0 0 0 0 0 0 0 0 0 0 0 0 0 0 0 0.0625 0.125 0.4375 0.0625 0.125 0.125 0 0.0625 0 0 0 0 

544 528 381 53 0 0.606061 0 0 0 0 0 0 0 0 0 0 0 0 0 0 0 0 0 0 0 0.0625 0 0.125 0.25 0.1875 0.25 0.0625 0.0625 0 0 0 0 0 0 

544 523 382 53 0 0.611855 0 0 0 0 0 0 0 0 0 0 0 0 0 0 0 0 0 0 0 0.0625 0.0625 0 0.1875 0.25 0.1875 0.1875 0 0.0625 0 0 0 0 0 

544 538 395 53 0 0.594796 0 0 0 0 0 0 0 0 0 0 0 0 0 0 0 0 0 0 0 0 0 0.1875 0.1875 0.25 0.25 0 0.125 0 0 0 0 0 0 

544 524 390 53 0 0.610687 0 0 0 0 0 0 0 0 0 0 0 0 0 0 0 0 0 0 0 0 0 0.1875 0.0625 0.1875 0.25 0.1875 0.0625 0.0625 0 0 0 0 0 

544 523 385 53 0 0.611855 0 0 0 0 0 0 0 0 0 0 0 0 0 0 0 0 0 0 0 0 0 0.0625 0.3125 0.1875 0.1875 0.125 0.125 0 0 0 0 0 0 

480 453 340 53 0 0.706402 0 0 0 0 0 0 0 0 0 0 0 0 0 0 0 0 0 0 0 0 0 0 0.0714286 0.357143 0.214286 0.285714 0.0714286 0 0 0 0 0 0 

608 598 434 53 0 0.535117 0 0 0 0 0 0 0 0 0 0 0 0 0 0 0 0 0 0 0 0 0 0.222222 0.222222 0.166667 0.222222 0.166667 0 0 0 0 0 0 0 

480 453 346 53 0 0.706402 0 0 0 0 0 0 0 0 0 0 0 0 0 0 0 0 0 0 0 0 0 0 0.0714286 0.214286 0.214286 0.357143 0.0714286 0.0714286 0 0 0 0 0 

544 537 390 53 0 0.595903 0 0 0 0 0 0 0 0 0 0 0 0 0 0 0 0 0.0625 0 0 0.0625 0 0 0.125 0.25 0.375 0.125 0 0 0 0 0 0 0 

608 598 435 53 0 0.535117 0 0 0 0 0 0 0 0 0 0 0 0 0 0 0 0 0 0 0 0.0555556 0.111111 0 0.166667 0.166667 0.388889 0.0555556 0.0555556 0 0 0 0 0 0 

544 533 385 53 0 0.600375 0 0 0 0 0 0 0 0 0 0 0 0 0 0 0 0 0 0 0.0625 0 0 0.125 0.1875 0.25 0.3125 0 0.0625 0 0 0 0 0 0 

576 562 402 53 0 0.569395 0 0 0 0 0 0 0 0 0 0 0 0 0 0 0 0 0 0 0 0 0.117647 0.235294 0.176471 0.0588235 0.235294 0.176471 0 0 0 0 0 0 0 

576 562 412 53 0 0.569395 0 0 0 0 0 0 0 0 0 0 0 0 0 0 0 0 0 0 0 0 0.117647 0.0588235 0.176471 0.117647 0.411765 0 0.0588235 0.0588235 0 0 0 0 0 

544 531 407 53 0 0.602637 0 0 0 0 0 0 0 0 0 0 0 0 0 0 0 0 0 0 0 0.0625 0 0 0.0625 0.0625 0.3125 0.25 0.25 0 0 0 0 0 0 

576 561 402 53 0 0.57041 0 0 0 0 0 0 0 0 0 0 0 0 0 0 0 0 0 0 0 0.117647 0.0588235 0 0.176471 0.235294 0.352941 0.0588235 0 0 0 0 0 0 0 

