1120 1097 804 37 0 0.145852 0 0 0 0 0 0 0 0 0 0 0 0 0 0 0 0 0 0 0 0 0.0294118 0.0588235 0.235294 0.264706 0.176471 0.0882353 0.117647 0.0294118 0 0 0 0 0 

1120 1097 787 37 0 0.145852 0 0 0 0 0 0 0 0 0 0 0 0 0 0 0 0 0 0 0 0.0294118 0.0294118 0.147059 0.235294 0.235294 0.117647 0.117647 0.0882353 0 0 0 0 0 0 

1120 1097 785 37 0 0.145852 0 0 0 0 0 0 0 0 0 0 0 0 0 0 0 0 0.0294118 0 0 0.0588235 0.0882353 0.0294118 0.176471 0.147059 0.235294 0.176471 0.0588235 0 0 0 0 0 0 

1120 1097 779 37 0 0.145852 0 0 0 0 0 0 0 0 0 0 0 0 0 0 0 0 0 0 0.0294118 0.0588235 0 0.0588235 0.352941 0.205882 0.117647 0.147059 0.0294118 0 0 0 0 0 0 

1120 1097 787 37 0 0.145852 0 0 0 0 0 0 0 0 0 0 0 0 0 0 0 0 0.0294118 0 0 0 0.0882353 0.147059 0.117647 0.0882353 0.352941 0.117647 0.0588235 0 0 0 0 0 0 

1280 1268 916 37 0 0.126183 0 0 0 0 0 0 0 0 0 0 0 0 0 0 0 0 0 0 0 0.025641 0.025641 0.102564 0.25641 0.179487 0.25641 0.102564 0.0512821 0 0 0 0 0 0 

320 312 232 37 159 0.00320513 0 0 0 0 0 0 0 0 0 0 0 0 0 0 0 0 0 0 0 0 0 0.111111 0.111111 0.444444 0.222222 0.111111 0 0 0 0 0 0 0 

320 311 233 37 159 0.00321543 0 0 0 0 0 0 0 0 0 0 0 0 0 0 0 0 0 0 0 0 0.111111 0 0.111111 0.111111 0.555556 0.111111 0 0 0 0 0 0 0 

1120 1097 814 37 0 0.145852 0 0 0 0 0 0 0 0 0 0 0 0 0 0 0 0 0 0 0 0 0 0.0294118 0.0882353 0.411765 0.205882 0.176471 0.0882353 0 0 0 0 0 0 

1088 1059 766 37 158 0.00188857 0 0 0 0 0 0 0 0 0 0 0 0 0 0 0 0 0 0.030303 0 0 0 0.121212 0.181818 0.181818 0.272727 0.181818 0.030303 0 0 0 0 0 0 

1280 1267 912 37 0 0.126283 0 0 0 0 0 0 0 0 0 0 0 0 0 0 0 0 0 0 0 0.0769231 0 0.0512821 0.230769 0.25641 0.25641 0.102564 0.025641 0 0 0 0 0 0 

1088 1076 783 37 159 0.000929368 0 0 0 0 0 0 0 0 0 0 0 0 0 0 0 0 0 0 0 0.030303 0.121212 0.0909091 0.121212 0.151515 0.212121 0.151515 0.0909091 0.030303 0 0 0 0 0 

352 334 250 37 160 0 0 0 0 0 0 0 0 0 0 0 0 0 0 0 0 0 0 0 0 0 0 0.1 0 0.5 0.2 0.1 0 0.1 0 0 0 0 0 

1280 1268 923 37 0 0.126183 0 0 0 0 0 0 0 0 0 0 0 0 0 0 0 0 0 0 0 0.025641 0.0512821 0.0769231 0.205128 0.153846 0.25641 0.179487 0.0512821 0 0 0 0 0 0 

1120 1097 831 37 26 0.122151 0 0 0 0 0 0 0 0 0 0 0 0 0 0 0 0 0 0 0 0 0 0.0294118 0.117647 0.235294 0.0882353 0.382353 0.0882353 0.0588235 0 0 0 0 0 

320 312 228 37 158 0.00641026 0 0 0 0 0 0 0 0 0 0 0 0 0 0 0 0 0 0 0 0.111111 0 0.222222 0.222222 0 0.333333 0 0 0.111111 0 0 0 0 0 

608 580 411 37 158 0.00344828 0 0 0 0 0 0 0 0 0 0 0 0 0 0 0 0 0 0 0.0555556 0 0.111111 0.0555556 0.277778 0.166667 0.166667 0.111111 0 0.0555556 0 0 0 0 0 

