672 655 489 53 0 0.48855 0 0 0 0 0 0 0 0 0 0 0 0 0 0 0 0 0 0 0 0 0 0.05 0.15 0.25 0.25 0.2 0.1 0 0 0 0 0 0 

704 679 500 53 0 0.471281 0 0 0 0 0 0 0 0 0 0 0 0 0 0 0 0 0 0 0 0.047619 0 0.047619 0.142857 0.238095 0.238095 0.190476 0.0952381 0 0 0 0 0 0 

704 680 488 53 0 0.470588 0 0 0 0 0 0 0 0 0 0 0 0 0 0 0 0 0 0 0 0.0952381 0.047619 0.0952381 0.238095 0.0952381 0.142857 0.190476 0.0952381 0 0 0 0 0 0 

704 679 497 53 0 0.471281 0 0 0 0 0 0 0 0 0 0 0 0 0 0 0 0 0 0 0.047619 0 0.0952381 0.047619 0 0.238095 0.285714 0.190476 0.0952381 0 0 0 0 0 0 

672 655 488 53 0 0.48855 0 0 0 0 0 0 0 0 0 0 0 0 0 0 0 0 0 0 0 0.05 0.05 0.1 0.1 0.15 0.1 0.25 0.1 0.1 0 0 0 0 0 

704 680 484 53 0 0.470588 0 0 0 0 0 0 0 0 0 0 0 0 0 0 0 0 0 0 0 0 0.0952381 0.190476 0.238095 0.190476 0.0952381 0.0952381 0.0952381 0 0 0 0 0 0 

672 655 478 53 0 0.48855 0 0 0 0 0 0 0 0 0 0 0 0 0 0 0 0 0 0 0 0 0.15 0.05 0.1 0.3 0.15 0.1 0.15 0 0 0 0 0 0 

672 655 484 53 0 0.48855 0 0 0 0 0 0 0 0 0 0 0 0 0 0 0 0 0 0 0 0 0.1 0.1 0.1 0.15 0.3 0.1 0.05 0.1 0 0 0 0 0 

672 654 490 53 0 0.489297 0 0 0 0 0 0 0 0 0 0 0 0 0 0 0 0 0 0 0 0 0 0.15 0.1 0.1 0.35 0.15 0.05 0.1 0 0 0 0 0 

672 655 483 53 0 0.48855 0 0 0 0 0 0 0 0 0 0 0 0 0 0 0 0 0 0 0 0 0 0.05 0.1 0.5 0.2 0.05 0.1 0 0 0 0 0 0 

672 655 478 53 0 0.48855 0 0 0 0 0 0 0 0 0 0 0 0 0 0 0 0 0 0 0.05 0 0 0.1 0.1 0.3 0.25 0.15 0.05 0 0 0 0 0 0 

704 679 495 53 0 0.471281 0 0 0 0 0 0 0 0 0 0 0 0 0 0 0 0 0 0.047619 0 0 0 0 0.238095 0.380952 0.047619 0.142857 0.142857 0 0 0 0 0 0 

672 655 472 53 0 0.48855 0 0 0 0 0 0 0 0 0 0 0 0 0 0 0 0 0 0 0 0.05 0.05 0.1 0.05 0.4 0.25 0.1 0 0 0 0 0 0 0 

704 680 497 53 0 0.470588 0 0 0 0 0 0 0 0 0 0 0 0 0 0 0 0 0 0 0 0 0.047619 0.0952381 0.142857 0.190476 0.285714 0.238095 0 0 0 0 0 0 0 

672 656 494 53 0 0.487805 0 0 0 0 0 0 0 0 0 0 0 0 0 0 0 0 0 0 0 0 0 0.05 0.1 0.25 0.25 0.25 0.05 0.05 0 0 0 0 0 

768 741 528 53 0 0.431849 0 0 0 0 0 0 0 0 0 0 0 0 0 0 0 0 0 0 0 0 0.217391 0.0434783 0.0869565 0.304348 0.173913 0.130435 0.0434783 0 0 0 0 0 0 

672 655 473 53 0 0.48855 0 0 0 0 0 0 0 0 0 0 0 0 0 0 0 0 0 0 0 0.1 0.05 0.1 0.2 0.1 0.15 0.25 0 0.05 0 0 0 0 0 

704 678 490 53 0 0.471976 0 0 0 0 0 0 0 0 0 0 0 0 0 0 0 0 0 0 0 0 0.0952381 0.142857 0.142857 0.0952381 0.333333 0.142857 0.047619 0 0 0 0 0 0 

672 656 485 53 0 0.487805 0 0 0 0 0 0 0 0 0 0 0 0 0 0 0 0 0 0 0 0 0.05 0.05 0.15 0.25 0.25 0.15 0.1 0 0 0 0 0 0 

704 679 500 53 0 0.471281 0 0 0 0 0 0 0 0 0 0 0 0 0 0 0 0 0 0.047619 0 0.047619 0 0 0.238095 0.142857 0.190476 0.047619 0.238095 0.047619 0 0 0 0 0 

672 655 477 53 0 0.48855 0 0 0 0 0 0 0 0 0 0 0 0 0 0 0 0 0 0 0 0 0.05 0.1 0.15 0.3 0.2 0.2 0 0 0 0 0 0 0 

704 678 489 53 0 0.471976 0 0 0 0 0 0 0 0 0 0 0 0 0 0 0 0 0 0 0 0 0.047619 0.0952381 0.285714 0.190476 0.238095 0.047619 0.0952381 0 0 0 0 0 0 

672 655 479 53 0 0.48855 0 0 0 0 0 0 0 0 0 0 0 0 0 0 0 0 0 0 0 0.05 0 0.05 0.1 0.45 0.15 0.15 0.05 0 0 0 0 0 0 

672 657 487 53 0 0.487062 0 0 0 0 0 0 0 0 0 0 0 0 0 0 0 0 0 0 0 0 0 0.1 0.2 0.2 0.25 0.15 0.05 0.05 0 0 0 0 0 

704 679 492 53 0 0.471281 0 0 0 0 0 0 0 0 0 0 0 0 0 0 0 0 0 0 0 0.047619 0 0.142857 0.142857 0.285714 0.190476 0.0952381 0.047619 0.047619 0 0 0 0 0 

704 679 494 53 0 0.471281 0 0 0 0 0 0 0 0 0 0 0 0 0 0 0 0 0 0 0 0 0.047619 0.142857 0.142857 0.238095 0.238095 0.047619 0.142857 0 0 0 0 0 0 

704 679 517 53 0 0.471281 0 0 0 0 0 0 0 0 0 0 0 0 0 0 0 0 0 0 0 0 0.047619 0.0952381 0.047619 0.047619 0.238095 0.238095 0.238095 0 0.047619 0 0 0 0 

672 655 463 53 0 0.48855 0 0 0 0 0 0 0 0 0 0 0 0 0 0 0 0 0 0 0 0.1 0.05 0.2 0.1 0.25 0.15 0.15 0 0 0 0 0 0 0 

768 741 523 53 0 0.431849 0 0 0 0 0 0 0 0 0 0 0 0 0 0 0 0 0 0 0 0 0.0869565 0.173913 0.173913 0.304348 0.217391 0.0434783 0 0 0 0 0 0 0 

704 679 484 53 0 0.471281 0 0 0 0 0 0 0 0 0 0 0 0 0 0 0 0 0 0 0 0 0.047619 0.190476 0.190476 0.285714 0.142857 0.142857 0 0 0 0 0 0 0 

704 679 504 53 0 0.471281 0 0 0 0 0 0 0 0 0 0 0 0 0 0 0 0 0 0 0 0 0.0952381 0 0.142857 0.190476 0.238095 0.190476 0.0952381 0.047619 0 0 0 0 0 

704 679 493 53 0 0.471281 0 0 0 0 0 0 0 0 0 0 0 0 0 0 0 0 0 0 0 0 0 0.142857 0.238095 0.285714 0.0952381 0.142857 0.0952381 0 0 0 0 0 0 

704 679 500 53 0 0.471281 0 0 0 0 0 0 0 0 0 0 0 0 0 0 0 0 0 0 0 0.047619 0 0 0.238095 0.285714 0.142857 0.190476 0 0.0952381 0 0 0 0 0 

704 679 501 53 0 0.471281 0 0 0 0 0 0 0 0 0 0 0 0 0 0 0 0 0 0 0 0.047619 0 0 0.190476 0.285714 0.190476 0.238095 0 0 0.047619 0 0 0 0 

704 679 490 53 0 0.471281 0 0 0 0 0 0 0 0 0 0 0 0 0 0 0 0 0 0 0 0.047619 0.047619 0.0952381 0.190476 0.142857 0.333333 0.047619 0.0952381 0 0 0 0 0 0 

672 657 479 53 0 0.487062 0 0 0 0 0 0 0 0 0 0 0 0 0 0 0 0 0 0 0 0.05 0.1 0.05 0.25 0.1 0.15 0.1 0.2 0 0 0 0 0 0 

672 655 503 53 0 0.48855 0 0 0 0 0 0 0 0 0 0 0 0 0 0 0 0 0 0 0 0 0 0 0.1 0.1 0.3 0.4 0 0.1 0 0 0 0 0 

672 654 478 53 0 0.489297 0 0 0 0 0 0 0 0 0 0 0 0 0 0 0 0 0.05 0 0 0 0.05 0 0.15 0.35 0 0.35 0.05 0 0 0 0 0 0 

672 656 477 53 0 0.487805 0 0 0 0 0 0 0 0 0 0 0 0 0 0 0 0 0 0 0 0.05 0.05 0.05 0.2 0.2 0.25 0.15 0.05 0 0 0 0 0 0 

672 655 480 53 0 0.48855 0 0 0 0 0 0 0 0 0 0 0 0 0 0 0 0 0 0 0 0 0.1 0.15 0.05 0.25 0.15 0.15 0.15 0 0 0 0 0 0 

672 655 477 53 0 0.48855 0 0 0 0 0 0 0 0 0 0 0 0 0 0 0 0 0 0 0 0 0.1 0.1 0.3 0.15 0.05 0.2 0 0.05 0.05 0 0 0 0 

672 655 480 53 0 0.48855 0 0 0 0 0 0 0 0 0 0 0 0 0 0 0 0 0 0 0 0 0.15 0.05 0.05 0.35 0.15 0.05 0.2 0 0 0 0 0 0 

672 655 477 53 0 0.48855 0 0 0 0 0 0 0 0 0 0 0 0 0 0 0 0 0 0 0 0.05 0 0.15 0.15 0.2 0.25 0.15 0 0.05 0 0 0 0 0 

704 679 502 53 0 0.471281 0 0 0 0 0 0 0 0 0 0 0 0 0 0 0 0 0 0 0 0 0 0.190476 0.142857 0.047619 0.238095 0.285714 0.0952381 0 0 0 0 0 0 

672 655 486 53 0 0.48855 0 0 0 0 0 0 0 0 0 0 0 0 0 0 0 0 0 0 0 0 0 0.15 0.1 0.25 0.15 0.25 0.1 0 0 0 0 0 0 

704 678 489 53 0 0.471976 0 0 0 0 0 0 0 0 0 0 0 0 0 0 0 0 0 0 0.047619 0 0.047619 0.0952381 0.142857 0.142857 0.380952 0.0952381 0.047619 0 0 0 0 0 0 

672 656 499 53 0 0.487805 0 0 0 0 0 0 0 0 0 0 0 0 0 0 0 0 0 0 0 0 0 0 0.15 0.25 0.2 0.2 0.1 0.1 0 0 0 0 0 

704 680 507 53 0 0.470588 0 0 0 0 0 0 0 0 0 0 0 0 0 0 0 0 0 0 0 0 0 0.047619 0.238095 0.238095 0.0952381 0.238095 0.047619 0.0952381 0 0 0 0 0 

704 679 494 53 0 0.471281 0 0 0 0 0 0 0 0 0 0 0 0 0 0 0 0 0 0 0.047619 0 0 0.0952381 0.190476 0.190476 0.285714 0.047619 0.142857 0 0 0 0 0 0 

672 655 488 53 0 0.48855 0 0 0 0 0 0 0 0 0 0 0 0 0 0 0 0 0 0 0 0 0.05 0.05 0.2 0.1 0.25 0.2 0.15 0 0 0 0 0 0 

672 655 480 53 0 0.48855 0 0 0 0 0 0 0 0 0 0 0 0 0 0 0 0 0 0 0 0 0 0.1 0.25 0.15 0.35 0.1 0.05 0 0 0 0 0 0 

704 679 503 53 0 0.471281 0 0 0 0 0 0 0 0 0 0 0 0 0 0 0 0 0 0 0 0.047619 0 0.142857 0.047619 0.190476 0.190476 0.190476 0.190476 0 0 0 0 0 0 

672 655 488 53 0 0.48855 0 0 0 0 0 0 0 0 0 0 0 0 0 0 0 0 0 0 0 0 0 0.2 0.05 0.15 0.2 0.3 0.1 0 0 0 0 0 0 

704 679 495 53 0 0.471281 0 0 0 0 0 0 0 0 0 0 0 0 0 0 0 0 0 0 0 0 0.047619 0.047619 0.0952381 0.428571 0.238095 0.0952381 0.047619 0 0 0 0 0 0 

704 678 492 53 0 0.471976 0 0 0 0 0 0 0 0 0 0 0 0 0 0 0 0 0 0 0 0 0.0952381 0.142857 0.142857 0.142857 0.238095 0.0952381 0.142857 0 0 0 0 0 0 

704 679 486 53 0 0.471281 0 0 0 0 0 0 0 0 0 0 0 0 0 0 0 0 0 0 0.0952381 0 0 0.142857 0.142857 0.238095 0.190476 0.047619 0.142857 0 0 0 0 0 0 

672 655 489 53 0 0.48855 0 0 0 0 0 0 0 0 0 0 0 0 0 0 0 0 0 0 0 0 0.05 0 0.1 0.25 0.3 0.25 0.05 0 0 0 0 0 0 

704 683 496 53 0 0.468521 0 0 0 0 0 0 0 0 0 0 0 0 0 0 0 0.047619 0 0 0 0 0 0 0.238095 0.285714 0.238095 0.142857 0 0.047619 0 0 0 0 0 

672 655 474 53 0 0.48855 0 0 0 0 0 0 0 0 0 0 0 0 0 0 0 0 0 0 0 0 0 0.15 0.2 0.35 0.2 0.05 0.05 0 0 0 0 0 0 

672 655 478 53 0 0.48855 0 0 0 0 0 0 0 0 0 0 0 0 0 0 0 0 0 0 0 0 0.05 0.05 0.2 0.3 0.2 0.2 0 0 0 0 0 0 0 

768 741 534 53 0 0.431849 0 0 0 0 0 0 0 0 0 0 0 0 0 0 0 0 0 0 0 0 0.0869565 0.130435 0 0.391304 0.304348 0.0434783 0.0434783 0 0 0 0 0 0 

704 679 494 53 0 0.471281 0 0 0 0 0 0 0 0 0 0 0 0 0 0 0 0 0 0 0 0.047619 0.047619 0.047619 0.190476 0.238095 0.285714 0 0.047619 0.0952381 0 0 0 0 0 

704 678 498 53 0 0.471976 0 0 0 0 0 0 0 0 0 0 0 0 0 0 0 0 0 0 0 0 0.0952381 0.190476 0.047619 0.190476 0.142857 0.047619 0.238095 0.047619 0 0 0 0 0 

672 655 481 53 0 0.48855 0 0 0 0 0 0 0 0 0 0 0 0 0 0 0 0 0 0 0 0 0.05 0.05 0.2 0.3 0.15 0.15 0.1 0 0 0 0 0 0 

704 679 510 53 0 0.471281 0 0 0 0 0 0 0 0 0 0 0 0 0 0 0 0 0 0 0 0 0 0.047619 0.190476 0.142857 0.238095 0.190476 0.142857 0.047619 0 0 0 0 0 

672 655 479 53 0 0.48855 0 0 0 0 0 0 0 0 0 0 0 0 0 0 0 0 0 0 0 0.05 0 0.1 0.05 0.35 0.3 0.1 0.05 0 0 0 0 0 0 

672 655 493 53 0 0.48855 0 0 0 0 0 0 0 0 0 0 0 0 0 0 0 0 0 0 0 0 0.05 0 0.15 0.15 0.25 0.25 0.15 0 0 0 0 0 0 

768 741 524 53 0 0.431849 0 0 0 0 0 0 0 0 0 0 0 0 0 0 0 0 0 0 0.0434783 0.0869565 0.0434783 0.0869565 0.173913 0.0869565 0.347826 0.130435 0 0 0 0 0 0 0 

672 657 481 53 0 0.487062 0 0 0 0 0 0 0 0 0 0 0 0 0 0 0 0 0 0 0 0 0.05 0.1 0.25 0.15 0.15 0.25 0.05 0 0 0 0 0 0 

704 679 492 53 0 0.471281 0 0 0 0 0 0 0 0 0 0 0 0 0 0 0 0 0 0 0 0.047619 0.0952381 0.047619 0.0952381 0.142857 0.380952 0.190476 0 0 0 0 0 0 0 

704 679 488 53 0 0.471281 0 0 0 0 0 0 0 0 0 0 0 0 0 0 0 0 0 0 0 0.047619 0.0952381 0.142857 0.047619 0.238095 0.190476 0.190476 0.047619 0 0 0 0 0 0 

672 656 481 53 0 0.487805 0 0 0 0 0 0 0 0 0 0 0 0 0 0 0 0 0 0 0.05 0 0 0.1 0.15 0.15 0.3 0.2 0.05 0 0 0 0 0 0 

704 679 488 53 0 0.471281 0 0 0 0 0 0 0 0 0 0 0 0 0 0 0 0 0 0 0 0 0.047619 0.142857 0.238095 0.190476 0.238095 0.0952381 0.047619 0 0 0 0 0 0 

672 655 489 53 0 0.48855 0 0 0 0 0 0 0 0 0 0 0 0 0 0 0 0 0 0 0 0 0 0 0.3 0.2 0.15 0.2 0.15 0 0 0 0 0 0 

704 680 503 53 0 0.470588 0 0 0 0 0 0 0 0 0 0 0 0 0 0 0 0 0 0 0 0 0 0.190476 0.047619 0.238095 0.238095 0.0952381 0.190476 0 0 0 0 0 0 

672 655 481 53 0 0.48855 0 0 0 0 0 0 0 0 0 0 0 0 0 0 0 0 0 0 0 0.05 0 0.05 0.2 0.25 0.25 0.1 0.05 0.05 0 0 0 0 0 

672 657 479 53 0 0.487062 0 0 0 0 0 0 0 0 0 0 0 0 0 0 0 0 0 0 0 0.05 0 0.05 0.35 0.15 0.2 0.05 0.15 0 0 0 0 0 0 

672 655 484 53 0 0.48855 0 0 0 0 0 0 0 0 0 0 0 0 0 0 0 0 0 0 0 0 0.05 0.15 0.15 0.1 0.25 0.15 0.1 0.05 0 0 0 0 0 

672 655 476 53 0 0.48855 0 0 0 0 0 0 0 0 0 0 0 0 0 0 0 0 0 0 0.05 0 0 0.1 0.15 0.3 0.2 0.15 0.05 0 0 0 0 0 0 

704 679 490 53 0 0.471281 0 0 0 0 0 0 0 0 0 0 0 0 0 0 0 0 0 0 0 0 0 0.190476 0.190476 0.238095 0.190476 0.190476 0 0 0 0 0 0 0 

704 680 495 53 0 0.470588 0 0 0 0 0 0 0 0 0 0 0 0 0 0 0 0 0 0 0.047619 0 0.0952381 0 0.142857 0.142857 0.333333 0.190476 0.047619 0 0 0 0 0 0 

672 655 486 53 0 0.48855 0 0 0 0 0 0 0 0 0 0 0 0 0 0 0 0 0 0 0 0 0.05 0.1 0.1 0.25 0.1 0.3 0.1 0 0 0 0 0 0 

672 656 477 53 0 0.487805 0 0 0 0 0 0 0 0 0 0 0 0 0 0 0 0 0 0 0 0.05 0.05 0.1 0.15 0.2 0.25 0.1 0.1 0 0 0 0 0 0 

704 678 492 53 0 0.471976 0 0 0 0 0 0 0 0 0 0 0 0 0 0 0 0 0 0 0 0 0.047619 0.047619 0.238095 0.285714 0.190476 0.142857 0.047619 0 0 0 0 0 0 

704 678 476 53 0 0.471976 0 0 0 0 0 0 0 0 0 0 0 0 0 0 0 0 0 0 0.047619 0.047619 0.047619 0.285714 0.047619 0.238095 0.142857 0.047619 0.047619 0.047619 0 0 0 0 0 

672 655 477 53 0 0.48855 0 0 0 0 0 0 0 0 0 0 0 0 0 0 0 0 0 0 0 0.05 0 0.15 0.1 0.25 0.25 0.15 0.05 0 0 0 0 0 0 

672 655 481 53 0 0.48855 0 0 0 0 0 0 0 0 0 0 0 0 0 0 0 0 0 0 0 0 0 0.05 0.25 0.35 0.2 0.05 0.05 0.05 0 0 0 0 0 

704 679 500 53 0 0.471281 0 0 0 0 0 0 0 0 0 0 0 0 0 0 0 0 0 0 0 0.047619 0.0952381 0.047619 0.0952381 0.142857 0.285714 0.0952381 0.142857 0 0.047619 0 0 0 0 

704 679 493 53 0 0.471281 0 0 0 0 0 0 0 0 0 0 0 0 0 0 0 0 0 0 0 0 0.047619 0.0952381 0.142857 0.285714 0.285714 0.0952381 0.047619 0 0 0 0 0 0 

672 655 474 53 0 0.48855 0 0 0 0 0 0 0 0 0 0 0 0 0 0 0 0 0 0 0 0 0 0.1 0.35 0.25 0.1 0.2 0 0 0 0 0 0 0 

672 655 485 53 0 0.48855 0 0 0 0 0 0 0 0 0 0 0 0 0 0 0 0 0 0 0 0 0 0.1 0.15 0.3 0.2 0.1 0.15 0 0 0 0 0 0 

672 655 478 53 0 0.48855 0 0 0 0 0 0 0 0 0 0 0 0 0 0 0 0 0 0 0 0 0.1 0.05 0.15 0.25 0.25 0.15 0.05 0 0 0 0 0 0 

704 678 491 53 0 0.471976 0 0 0 0 0 0 0 0 0 0 0 0 0 0 0 0 0 0 0 0.047619 0 0.0952381 0.0952381 0.47619 0.0952381 0.0952381 0.0952381 0 0 0 0 0 0 

704 679 498 53 0 0.471281 0 0 0 0 0 0 0 0 0 0 0 0 0 0 0 0 0 0 0 0.047619 0.047619 0.047619 0.0952381 0.333333 0.0952381 0.190476 0.142857 0 0 0 0 0 0 

704 679 494 53 0 0.471281 0 0 0 0 0 0 0 0 0 0 0 0 0 0 0 0 0 0 0 0 0.0952381 0.142857 0.047619 0.238095 0.190476 0.238095 0.047619 0 0 0 0 0 0 

672 657 488 53 0 0.487062 0 0 0 0 0 0 0 0 0 0 0 0 0 0 0 0 0 0 0 0 0.05 0.1 0.05 0.25 0.25 0.2 0.1 0 0 0 0 0 0 

672 657 480 53 0 0.487062 0 0 0 0 0 0 0 0 0 0 0 0 0 0 0 0 0 0 0 0.05 0 0.05 0.15 0.25 0.4 0.1 0 0 0 0 0 0 0 

704 678 497 53 0 0.471976 0 0 0 0 0 0 0 0 0 0 0 0 0 0 0 0 0 0 0 0 0.047619 0.0952381 0.142857 0.190476 0.285714 0.142857 0.0952381 0 0 0 0 0 0 

672 655 491 53 0 0.48855 0 0 0 0 0 0 0 0 0 0 0 0 0 0 0 0 0 0 0 0 0.05 0 0.25 0.15 0.1 0.35 0 0.1 0 0 0 0 0 

672 656 481 53 0 0.487805 0 0 0 0 0 0 0 0 0 0 0 0 0 0 0 0 0 0 0 0 0.05 0.05 0.25 0.3 0.1 0.1 0.15 0 0 0 0 0 0 

