576 552 402 53 0 0.57971 0 0 0 0 0 0 0 0 0 0 0 0 0 0 0 0 0 0 0 0 0.0588235 0.176471 0 0.294118 0.294118 0.117647 0.0588235 0 0 0 0 0 0 

576 558 413 53 0 0.573477 0 0 0 0 0 0 0 0 0 0 0 0 0 0 0 0 0 0 0 0 0 0.294118 0.0588235 0.176471 0.176471 0 0.235294 0.0588235 0 0 0 0 0 

544 516 372 53 0 0.620155 0 0 0 0 0 0 0 0 0 0 0 0 0 0 0 0 0 0 0 0 0.1875 0 0.1875 0.25 0.125 0.125 0.125 0 0 0 0 0 0 

576 558 408 53 0 0.573477 0 0 0 0 0 0 0 0 0 0 0 0 0 0 0 0 0 0 0 0.0588235 0.117647 0 0.117647 0.117647 0.294118 0.294118 0 0 0 0 0 0 0 

544 518 383 53 0 0.617761 0 0 0 0 0 0 0 0 0 0 0 0 0 0 0 0 0 0 0 0 0 0 0.125 0.375 0.375 0.0625 0.0625 0 0 0 0 0 0 

576 564 419 53 0 0.567376 0 0 0 0 0 0 0 0 0 0 0 0 0 0 0 0 0 0 0 0 0.0588235 0 0.294118 0.176471 0.117647 0.235294 0.117647 0 0 0 0 0 0 

576 564 415 53 0 0.567376 0 0 0 0 0 0 0 0 0 0 0 0 0 0 0 0 0 0 0 0 0.176471 0.0588235 0.0588235 0.176471 0.294118 0.0588235 0.176471 0 0 0 0 0 0 

544 532 388 53 0 0.601504 0 0 0 0 0 0 0 0 0 0 0 0 0 0 0 0 0 0 0 0 0 0.1875 0.125 0.3125 0.25 0.125 0 0 0 0 0 0 0 

608 584 419 53 0 0.547945 0 0 0 0 0 0 0 0 0 0 0 0 0 0 0 0 0 0 0.0555556 0 0 0.0555556 0.222222 0.333333 0.222222 0.111111 0 0 0 0 0 0 0 

480 461 335 53 0 0.694143 0 0 0 0 0 0 0 0 0 0 0 0 0 0 0 0 0 0 0 0 0 0.142857 0.285714 0.142857 0.285714 0.142857 0 0 0 0 0 0 0 

480 466 347 53 0 0.686695 0 0 0 0 0 0 0 0 0 0 0 0 0 0 0 0 0 0 0 0 0 0.0714286 0.142857 0.214286 0.357143 0.214286 0 0 0 0 0 0 0 

544 532 383 53 0 0.601504 0 0 0 0 0 0 0 0 0 0 0 0 0 0 0 0 0 0 0 0.0625 0.125 0.0625 0.1875 0.125 0.25 0.1875 0 0 0 0 0 0 0 

640 627 462 53 0 0.510367 0 0 0 0 0 0 0 0 0 0 0 0 0 0 0 0 0 0 0 0 0 0.0526316 0.368421 0.0526316 0.315789 0.157895 0.0526316 0 0 0 0 0 0 

512 492 373 53 0 0.650406 0 0 0 0 0 0 0 0 0 0 0 0 0 0 0 0 0 0 0 0 0 0 0.2 0.133333 0.2 0.4 0 0.0666667 0 0 0 0 0 

576 560 409 53 0 0.571429 0 0 0 0 0 0 0 0 0 0 0 0 0 0 0 0 0 0 0 0 0.0588235 0 0.352941 0.176471 0.235294 0.117647 0.0588235 0 0 0 0 0 0 

608 581 430 53 0 0.550775 0 0 0 0 0 0 0 0 0 0 0 0 0 0 0 0 0 0 0 0 0 0.111111 0.166667 0.333333 0 0.277778 0.0555556 0 0.0555556 0 0 0 0 

576 565 406 53 0 0.566372 0 0 0 0 0 0 0 0 0 0 0 0 0 0 0 0 0 0.0588235 0 0.0588235 0.0588235 0.0588235 0.235294 0.176471 0.0588235 0.176471 0.117647 0 0 0 0 0 0 

544 526 401 53 0 0.608365 0 0 0 0 0 0 0 0 0 0 0 0 0 0 0 0 0 0 0 0.0625 0 0 0.1875 0.125 0 0.3125 0.25 0.0625 0 0 0 0 0 

544 521 375 53 0 0.614203 0 0 0 0 0 0 0 0 0 0 0 0 0 0 0 0 0 0 0 0 0.125 0.125 0.125 0.25 0.1875 0.125 0.0625 0 0 0 0 0 0 

512 493 363 53 0 0.649087 0 0 0 0 0 0 0 0 0 0 0 0 0 0 0 0 0 0 0 0 0.0666667 0.0666667 0.133333 0.2 0.333333 0.133333 0.0666667 0 0 0 0 0 0 

640 631 457 53 0 0.507132 0 0 0 0 0 0 0 0 0 0 0 0 0 0 0 0 0 0 0 0.0526316 0.105263 0 0.263158 0.315789 0 0.157895 0.105263 0 0 0 0 0 0 

544 525 390 53 0 0.609524 0 0 0 0 0 0 0 0 0 0 0 0 0 0 0 0 0 0 0 0 0.0625 0.0625 0.125 0.1875 0.3125 0.1875 0 0 0.0625 0 0 0 0 

544 526 372 53 0 0.608365 0 0 0 0 0 0 0 0 0 0 0 0 0 0 0 0 0 0 0 0.0625 0.0625 0.25 0.125 0.25 0.0625 0.1875 0 0 0 0 0 0 0 

544 522 379 53 0 0.613027 0 0 0 0 0 0 0 0 0 0 0 0 0 0 0 0 0 0 0 0 0.0625 0.25 0.125 0.125 0.125 0.1875 0.125 0 0 0 0 0 0 

480 464 348 53 0 0.689655 0 0 0 0 0 0 0 0 0 0 0 0 0 0 0 0 0 0 0 0 0.142857 0 0.0714286 0.0714286 0.285714 0.357143 0.0714286 0 0 0 0 0 0 

576 556 413 53 0 0.57554 0 0 0 0 0 0 0 0 0 0 0 0 0 0 0 0 0 0 0 0 0 0.176471 0.176471 0.176471 0.0588235 0.235294 0.117647 0.0588235 0 0 0 0 0 

512 497 364 53 0 0.643863 0 0 0 0 0 0 0 0 0 0 0 0 0 0 0 0 0 0 0 0.0666667 0 0.0666667 0.333333 0.0666667 0.2 0.2 0 0.0666667 0 0 0 0 0 

544 520 377 53 0 0.615385 0 0 0 0 0 0 0 0 0 0 0 0 0 0 0 0 0 0 0 0 0 0.125 0.1875 0.3125 0.25 0.125 0 0 0 0 0 0 0 

576 556 409 53 0 0.57554 0 0 0 0 0 0 0 0 0 0 0 0 0 0 0 0 0 0 0 0 0 0.117647 0.176471 0.235294 0.176471 0.294118 0 0 0 0 0 0 0 

608 580 423 53 0 0.551724 0 0 0 0 0 0 0 0 0 0 0 0 0 0 0 0 0 0 0 0.0555556 0 0.111111 0.166667 0.166667 0.166667 0.277778 0.0555556 0 0 0 0 0 0 

672 656 472 53 0 0.487805 0 0 0 0 0 0 0 0 0 0 0 0 0 0 0 0 0 0 0 0.1 0.05 0.2 0.1 0.15 0.15 0.1 0.1 0.05 0 0 0 0 0 

576 568 429 53 0 0.56338 0 0 0 0 0 0 0 0 0 0 0 0 0 0 0 0 0 0 0 0 0 0 0.235294 0.176471 0.294118 0.117647 0.176471 0 0 0 0 0 0 

576 548 395 53 0 0.583942 0 0 0 0 0 0 0 0 0 0 0 0 0 0 0 0 0 0 0 0 0.0588235 0.176471 0.176471 0.294118 0.0588235 0.0588235 0.176471 0 0 0 0 0 0 

480 451 321 53 0 0.709534 0 0 0 0 0 0 0 0 0 0 0 0 0 0 0 0 0 0 0 0 0 0.214286 0.285714 0.142857 0.285714 0.0714286 0 0 0 0 0 0 0 

576 552 394 53 0 0.57971 0 0 0 0 0 0 0 0 0 0 0 0 0 0 0 0 0 0 0 0 0.117647 0.117647 0.176471 0.235294 0.294118 0 0.0588235 0 0 0 0 0 0 

608 584 416 53 0 0.547945 0 0 0 0 0 0 0 0 0 0 0 0 0 0 0 0 0 0 0 0.0555556 0 0.222222 0.111111 0.333333 0.166667 0.0555556 0.0555556 0 0 0 0 0 0 

608 596 426 53 0 0.536913 0 0 0 0 0 0 0 0 0 0 0 0 0 0 0 0 0 0 0 0.111111 0 0.111111 0.166667 0.388889 0.166667 0 0 0.0555556 0 0 0 0 0 

672 652 476 53 0 0.490798 0 0 0 0 0 0 0 0 0 0 0 0 0 0 0 0 0 0 0 0 0.05 0.1 0.2 0.2 0.25 0.1 0.1 0 0 0 0 0 0 

576 550 397 53 0 0.581818 0 0 0 0 0 0 0 0 0 0 0 0 0 0 0 0 0 0 0 0.0588235 0 0.176471 0.117647 0.117647 0.411765 0.0588235 0.0588235 0 0 0 0 0 0 

544 530 377 53 0 0.603774 0 0 0 0 0 0 0 0 0 0 0 0 0 0 0 0 0 0 0 0.0625 0.0625 0.25 0.1875 0.1875 0 0.1875 0.0625 0 0 0 0 0 0 

576 557 410 53 0 0.574506 0 0 0 0 0 0 0 0 0 0 0 0 0 0 0 0 0 0 0 0 0.0588235 0.176471 0.0588235 0.176471 0.235294 0.176471 0.117647 0 0 0 0 0 0 

608 584 414 53 0 0.547945 0 0 0 0 0 0 0 0 0 0 0 0 0 0 0 0 0 0.0555556 0 0 0 0.222222 0.111111 0.277778 0.222222 0.111111 0 0 0 0 0 0 0 

608 587 429 53 0 0.545145 0 0 0 0 0 0 0 0 0 0 0 0 0 0 0 0 0 0 0 0 0 0.0555556 0.222222 0.333333 0.277778 0.0555556 0.0555556 0 0 0 0 0 0 

544 530 385 53 0 0.603774 0 0 0 0 0 0 0 0 0 0 0 0 0 0 0 0 0 0 0.0625 0 0 0.125 0.3125 0.0625 0.25 0 0.1875 0 0 0 0 0 0 

576 553 399 53 0 0.578662 0 0 0 0 0 0 0 0 0 0 0 0 0 0 0 0 0 0 0 0.0588235 0.0588235 0.117647 0.0588235 0.294118 0.235294 0.117647 0.0588235 0 0 0 0 0 0 

544 518 378 53 0 0.617761 0 0 0 0 0 0 0 0 0 0 0 0 0 0 0 0 0 0 0 0 0 0.1875 0.125 0.25 0.1875 0.1875 0.0625 0 0 0 0 0 0 

544 534 386 53 0 0.599251 0 0 0 0 0 0 0 0 0 0 0 0 0 0 0 0 0 0 0 0.0625 0 0.0625 0.25 0.375 0.125 0.125 0 0 0 0 0 0 0 

576 561 415 53 0 0.57041 0 0 0 0 0 0 0 0 0 0 0 0 0 0 0 0 0 0 0 0 0.117647 0.0588235 0.117647 0.176471 0.235294 0.176471 0.0588235 0.0588235 0 0 0 0 0 

544 518 374 53 0 0.617761 0 0 0 0 0 0 0 0 0 0 0 0 0 0 0 0 0 0 0 0 0 0.125 0.1875 0.375 0.1875 0.125 0 0 0 0 0 0 0 

544 526 384 53 0 0.608365 0 0 0 0 0 0 0 0 0 0 0 0 0 0 0 0 0 0 0.0625 0.0625 0.0625 0.0625 0.125 0.0625 0.1875 0.25 0.0625 0.0625 0 0 0 0 0 

544 529 384 53 0 0.604915 0 0 0 0 0 0 0 0 0 0 0 0 0 0 0 0 0 0 0 0.0625 0.0625 0.125 0.0625 0.25 0.25 0.125 0.0625 0 0 0 0 0 0 

576 555 401 53 0 0.576577 0 0 0 0 0 0 0 0 0 0 0 0 0 0 0 0 0 0 0 0 0.117647 0.117647 0.117647 0.294118 0.117647 0.176471 0.0588235 0 0 0 0 0 0 

576 559 404 53 0 0.572451 0 0 0 0 0 0 0 0 0 0 0 0 0 0 0 0 0 0 0 0.0588235 0.0588235 0.0588235 0.294118 0.176471 0.117647 0.117647 0.117647 0 0 0 0 0 0 

512 491 371 53 0 0.651731 0 0 0 0 0 0 0 0 0 0 0 0 0 0 0 0 0 0 0 0 0 0 0.0666667 0.333333 0.133333 0.466667 0 0 0 0 0 0 0 

608 592 432 53 0 0.540541 0 0 0 0 0 0 0 0 0 0 0 0 0 0 0 0 0 0 0 0.111111 0 0.0555556 0.111111 0.222222 0.277778 0.166667 0.0555556 0 0 0 0 0 0 

544 522 389 53 0 0.613027 0 0 0 0 0 0 0 0 0 0 0 0 0 0 0 0 0 0 0 0.0625 0 0 0.125 0.25 0.125 0.375 0.0625 0 0 0 0 0 0 

576 549 401 53 0 0.582878 0 0 0 0 0 0 0 0 0 0 0 0 0 0 0 0 0 0 0 0 0 0.0588235 0.235294 0.294118 0.235294 0.117647 0.0588235 0 0 0 0 0 0 

608 593 437 53 0 0.539629 0 0 0 0 0 0 0 0 0 0 0 0 0 0 0 0 0 0 0 0 0.0555556 0.0555556 0.166667 0.277778 0.222222 0.111111 0.111111 0 0 0 0 0 0 

608 591 419 53 0 0.541455 0 0 0 0 0 0 0 0 0 0 0 0 0 0 0 0 0 0.0555556 0 0.0555556 0.111111 0.166667 0.166667 0.111111 0 0.166667 0.166667 0 0 0 0 0 0 

608 601 454 53 0 0.532446 0 0 0 0 0 0 0 0 0 0 0 0 0 0 0 0 0 0 0.0555556 0 0 0 0.111111 0.222222 0.222222 0.166667 0.222222 0 0 0 0 0 0 

576 550 390 53 0 0.581818 0 0 0 0 0 0 0 0 0 0 0 0 0 0 0 0 0 0 0 0 0.117647 0.176471 0.235294 0.176471 0.117647 0.117647 0.0588235 0 0 0 0 0 0 

512 486 355 53 0 0.658436 0 0 0 0 0 0 0 0 0 0 0 0 0 0 0 0 0 0 0 0 0.0666667 0.2 0.133333 0.2 0.0666667 0.133333 0.133333 0.0666667 0 0 0 0 0 

672 652 483 53 0 0.490798 0 0 0 0 0 0 0 0 0 0 0 0 0 0 0 0 0 0 0.05 0 0 0.05 0.2 0.1 0.25 0.25 0.05 0.05 0 0 0 0 0 

512 486 359 53 0 0.658436 0 0 0 0 0 0 0 0 0 0 0 0 0 0 0 0 0 0 0 0 0.133333 0.0666667 0.0666667 0.133333 0.2 0.333333 0 0.0666667 0 0 0 0 0 

576 550 403 53 0 0.581818 0 0 0 0 0 0 0 0 0 0 0 0 0 0 0 0 0 0 0 0 0.117647 0.0588235 0 0.235294 0.352941 0.235294 0 0 0 0 0 0 0 

576 552 397 53 0 0.57971 0 0 0 0 0 0 0 0 0 0 0 0 0 0 0 0 0 0 0 0 0 0.176471 0.117647 0.411765 0.235294 0.0588235 0 0 0 0 0 0 0 

608 586 428 53 0 0.546075 0 0 0 0 0 0 0 0 0 0 0 0 0 0 0 0 0 0 0 0 0.0555556 0.0555556 0.222222 0.222222 0.166667 0.277778 0 0 0 0 0 0 0 

576 558 413 53 0 0.573477 0 0 0 0 0 0 0 0 0 0 0 0 0 0 0 0 0 0 0 0 0.0588235 0.0588235 0.176471 0.294118 0.176471 0.0588235 0.0588235 0.117647 0 0 0 0 0 

640 626 441 53 0 0.511182 0 0 0 0 0 0 0 0 0 0 0 0 0 0 0 0 0 0 0 0 0.157895 0.157895 0.263158 0.210526 0.105263 0.105263 0 0 0 0 0 0 0 

544 524 383 53 0 0.610687 0 0 0 0 0 0 0 0 0 0 0 0 0 0 0 0 0 0 0.0625 0.0625 0 0.0625 0.125 0.125 0.1875 0.3125 0.0625 0 0 0 0 0 0 

512 493 353 53 0 0.649087 0 0 0 0 0 0 0 0 0 0 0 0 0 0 0 0 0 0.0666667 0 0 0 0 0.333333 0.266667 0.266667 0.0666667 0 0 0 0 0 0 0 

576 553 394 53 0 0.578662 0 0 0 0 0 0 0 0 0 0 0 0 0 0 0 0 0 0 0 0 0.0588235 0.294118 0.0588235 0.294118 0.176471 0.0588235 0.0588235 0 0 0 0 0 0 

672 651 480 53 0 0.491551 0 0 0 0 0 0 0 0 0 0 0 0 0 0 0 0 0 0 0 0 0 0.1 0.05 0.5 0.1 0.15 0.1 0 0 0 0 0 0 

576 562 402 53 0 0.569395 0 0 0 0 0 0 0 0 0 0 0 0 0 0 0 0 0 0 0 0 0 0.294118 0.176471 0.235294 0.235294 0.0588235 0 0 0 0 0 0 0 

608 582 424 53 0 0.549828 0 0 0 0 0 0 0 0 0 0 0 0 0 0 0 0 0 0 0 0 0 0.166667 0.222222 0.166667 0.166667 0.222222 0.0555556 0 0 0 0 0 0 

608 593 426 53 0 0.539629 0 0 0 0 0 0 0 0 0 0 0 0 0 0 0 0 0 0 0 0.0555556 0.0555556 0.277778 0.111111 0.0555556 0.166667 0.222222 0.0555556 0 0 0 0 0 0 

544 536 396 53 0 0.597015 0 0 0 0 0 0 0 0 0 0 0 0 0 0 0 0 0 0 0.0625 0.0625 0 0 0 0.3125 0.375 0.125 0.0625 0 0 0 0 0 0 

544 524 380 53 0 0.610687 0 0 0 0 0 0 0 0 0 0 0 0 0 0 0 0 0 0 0 0 0.0625 0.1875 0.1875 0.1875 0.125 0.125 0.125 0 0 0 0 0 0 

576 563 428 53 0 0.568384 0 0 0 0 0 0 0 0 0 0 0 0 0 0 0 0 0 0 0 0 0 0 0.117647 0.294118 0.176471 0.294118 0.0588235 0.0588235 0 0 0 0 0 

544 514 383 53 0 0.622568 0 0 0 0 0 0 0 0 0 0 0 0 0 0 0 0 0 0 0 0 0 0.0625 0.0625 0.3125 0.25 0.1875 0.125 0 0 0 0 0 0 

544 520 362 53 0 0.615385 0 0 0 0 0 0 0 0 0 0 0 0 0 0 0 0 0 0 0 0.0625 0.125 0.25 0.0625 0.25 0.1875 0.0625 0 0 0 0 0 0 0 

544 521 387 53 0 0.614203 0 0 0 0 0 0 0 0 0 0 0 0 0 0 0 0 0 0 0 0 0 0 0.3125 0.1875 0.1875 0.1875 0.125 0 0 0 0 0 0 

672 650 483 53 0 0.492308 0 0 0 0 0 0 0 0 0 0 0 0 0 0 0 0 0 0 0 0 0.05 0 0.15 0.2 0.3 0.25 0.05 0 0 0 0 0 0 

512 487 349 53 0 0.657084 0 0 0 0 0 0 0 0 0 0 0 0 0 0 0 0 0 0 0 0 0.133333 0.0666667 0.266667 0.133333 0.266667 0.0666667 0.0666667 0 0 0 0 0 0 

544 519 380 53 0 0.61657 0 0 0 0 0 0 0 0 0 0 0 0 0 0 0 0 0 0 0 0 0.0625 0.0625 0.1875 0.3125 0 0.3125 0.0625 0 0 0 0 0 0 

672 649 464 53 0 0.493066 0 0 0 0 0 0 0 0 0 0 0 0 0 0 0 0 0 0 0.05 0 0.1 0 0.3 0.25 0.1 0.1 0.1 0 0 0 0 0 0 

544 531 390 53 0 0.602637 0 0 0 0 0 0 0 0 0 0 0 0 0 0 0 0 0 0 0.0625 0 0 0.125 0.125 0.25 0.125 0.1875 0.125 0 0 0 0 0 0 

512 496 374 53 0 0.645161 0 0 0 0 0 0 0 0 0 0 0 0 0 0 0 0 0 0 0 0 0 0 0.266667 0.133333 0.2 0.266667 0.133333 0 0 0 0 0 0 

576 565 419 53 0 0.566372 0 0 0 0 0 0 0 0 0 0 0 0 0 0 0 0 0 0 0 0 0 0 0.176471 0.352941 0.352941 0.117647 0 0 0 0 0 0 0 

544 519 372 53 0 0.61657 0 0 0 0 0 0 0 0 0 0 0 0 0 0 0 0 0 0 0 0.0625 0.0625 0.1875 0.0625 0.25 0.1875 0.0625 0.125 0 0 0 0 0 0 

512 490 368 53 0 0.653061 0 0 0 0 0 0 0 0 0 0 0 0 0 0 0 0 0 0 0 0.0666667 0.0666667 0.133333 0 0.0666667 0.2 0.2 0.0666667 0.2 0 0 0 0 0 

640 623 450 53 0 0.513644 0 0 0 0 0 0 0 0 0 0 0 0 0 0 0 0 0 0 0 0 0 0.157895 0.263158 0.315789 0.0526316 0.210526 0 0 0 0 0 0 0 

480 453 334 53 0 0.706402 0 0 0 0 0 0 0 0 0 0 0 0 0 0 0 0 0 0 0 0 0.0714286 0.0714286 0.142857 0.214286 0.214286 0.142857 0.0714286 0.0714286 0 0 0 0 0 

672 658 472 53 0 0.486322 0 0 0 0 0 0 0 0 0 0 0 0 0 0 0 0 0 0.05 0 0 0 0.1 0.25 0.35 0.1 0.1 0.05 0 0 0 0 0 0 

544 520 371 53 0 0.615385 0 0 0 0 0 0 0 0 0 0 0 0 0 0 0 0 0 0 0 0.125 0 0.1875 0.125 0.0625 0.3125 0.1875 0 0 0 0 0 0 0 

640 625 464 53 0 0.512 0 0 0 0 0 0 0 0 0 0 0 0 0 0 0 0 0 0 0.0526316 0 0 0.0526316 0.0526316 0.315789 0.210526 0.210526 0.105263 0 0 0 0 0 0 

544 520 372 53 0 0.615385 0 0 0 0 0 0 0 0 0 0 0 0 0 0 0 0 0 0 0 0.0625 0 0.125 0.1875 0.3125 0.25 0 0.0625 0 0 0 0 0 0 

544 521 382 53 0 0.614203 0 0 0 0 0 0 0 0 0 0 0 0 0 0 0 0 0 0 0 0 0.125 0 0.125 0.3125 0.125 0.25 0.0625 0 0 0 0 0 0 

640 622 456 53 0 0.514469 0 0 0 0 0 0 0 0 0 0 0 0 0 0 0 0 0 0 0 0 0 0.105263 0.315789 0.263158 0 0.210526 0.0526316 0.0526316 0 0 0 0 0 

544 520 385 53 0 0.615385 0 0 0 0 0 0 0 0 0 0 0 0 0 0 0 0 0 0 0 0 0.0625 0.0625 0.125 0.1875 0.1875 0.3125 0.0625 0 0 0 0 0 0 

