2240 2214 1603 110 0 0.722674 0 0 0 0 0 0 0 0 0 0 0 0 0 0 0 0 0 0.0144928 0.0144928 0 0 0.101449 0.26087 0.144928 0.231884 0.173913 0.0434783 0.0144928 0 0 0 0 0 

2176 2164 1601 93 0 0.739372 0 0 0 0 0 0 0 0 0 0 0 0 0 0 0 0 0 0 0.0149254 0.0149254 0.0149254 0.0895522 0.104478 0.19403 0.208955 0.223881 0.119403 0.0149254 0 0 0 0 0 

2208 2181 1603 109 0 0.733608 0 0 0 0 0 0 0 0 0 0 0 0 0 0 0 0 0 0 0 0 0.0441176 0.0441176 0.176471 0.191176 0.279412 0.176471 0.0882353 0 0 0 0 0 0 

2240 2221 1603 108 0 0.720396 0 0 0 0 0 0 0 0 0 0 0 0 0 0 0 0 0 0.0144928 0 0.0289855 0.0289855 0.101449 0.173913 0.217391 0.188406 0.217391 0.0289855 0 0 0 0 0 0 

2208 2185 1602 98 0 0.732265 0 0 0 0 0 0 0 0 0 0 0 0 0 0 0 0 0 0 0 0.0147059 0.0147059 0.161765 0.0735294 0.205882 0.205882 0.264706 0.0441176 0.0147059 0 0 0 0 0 

2240 2219 1603 113 0 0.721045 0 0 0 0 0 0 0 0 0 0 0 0 0 0 0 0 0 0 0 0.057971 0.0144928 0.057971 0.231884 0.26087 0.173913 0.101449 0.0869565 0.0144928 0 0 0 0 0 

2240 2213 1603 105 0 0.723 0 0 0 0 0 0 0 0 0 0 0 0 0 0 0 0 0 0 0.0144928 0.0144928 0.0434783 0.057971 0.217391 0.217391 0.217391 0.115942 0.101449 0 0 0 0 0 0 

2240 2233 1601 100 0 0.716525 0 0 0 0 0 0 0 0 0 0 0 0 0 0 0 0 0 0 0.0289855 0.0289855 0.057971 0.0869565 0.144928 0.246377 0.217391 0.15942 0.0289855 0 0 0 0 0 0 

2240 2223 1603 108 0 0.719748 0 0 0 0 0 0 0 0 0 0 0 0 0 0 0 0 0 0 0.0289855 0.0144928 0.0434783 0.0869565 0.188406 0.217391 0.202899 0.15942 0.0434783 0.0144928 0 0 0 0 0 

2176 2165 1603 104 0 0.73903 0 0 0 0 0 0 0 0 0 0 0 0 0 0 0 0 0 0 0 0.0149254 0 0.0746269 0.164179 0.19403 0.268657 0.179104 0.0597015 0.0447761 0 0 0 0 0 

