2944 2922 2137 120 0 0.54757 0 0 0 0 0 0 0 0 0 0 0 0 0 0 0 0 0 0.010989 0 0.010989 0.043956 0.10989 0.0879121 0.208791 0.263736 0.153846 0.0879121 0.021978 0 0 0 0 0 

2784 2774 2007 120 0 0.576784 0 0 0 0 0 0 0 0 0 0 0 0 0 0 0 0 0 0 0 0.0232558 0.0232558 0.0697674 0.174419 0.290698 0.290698 0.116279 0.0116279 0 0 0 0 0 0 

2944 2922 2115 120 0 0.54757 0 0 0 0 0 0 0 0 0 0 0 0 0 0 0 0 0 0.010989 0.010989 0.021978 0.021978 0.0659341 0.230769 0.21978 0.175824 0.164835 0.0549451 0.010989 0.010989 0 0 0 0 

2880 2866 2081 120 0 0.558269 0 0 0 0 0 0 0 0 0 0 0 0 0 0 0 0 0 0.0224719 0 0.011236 0.0337079 0.0786517 0.168539 0.247191 0.168539 0.202247 0.0561798 0.011236 0 0 0 0 0 

2784 2770 2024 120 0 0.577617 0 0 0 0 0 0 0 0 0 0 0 0 0 0 0 0 0 0 0 0.0116279 0.0813953 0.0581395 0.139535 0.209302 0.232558 0.186047 0.0581395 0.0232558 0 0 0 0 0 

2944 2920 2120 120 0 0.547945 0 0 0 0 0 0 0 0 0 0 0 0 0 0 0 0 0 0 0 0.010989 0.043956 0.120879 0.131868 0.252747 0.21978 0.120879 0.0989011 0 0 0 0 0 0 

2816 2789 2041 120 0 0.573682 0 0 0 0 0 0 0 0 0 0 0 0 0 0 0 0 0 0 0 0 0.0344828 0.0689655 0.172414 0.275862 0.229885 0.126437 0.045977 0.0344828 0.0114943 0 0 0 0 

2880 2866 2074 120 0 0.558269 0 0 0 0 0 0 0 0 0 0 0 0 0 0 0 0 0 0 0.011236 0.0337079 0.0674157 0.0786517 0.168539 0.168539 0.235955 0.123596 0.11236 0 0 0 0 0 0 

2944 2922 2132 120 0 0.54757 0 0 0 0 0 0 0 0 0 0 0 0 0 0 0 0 0 0.010989 0 0 0.021978 0.043956 0.164835 0.318681 0.230769 0.153846 0.0549451 0 0 0 0 0 0 

2976 2958 2128 120 0 0.540906 0 0 0 0 0 0 0 0 0 0 0 0 0 0 0 0 0 0 0 0.0108696 0.0434783 0.152174 0.217391 0.184783 0.173913 0.152174 0.0652174 0 0 0 0 0 0 

