608 590 431 53 0 0.542373 0 0 0 0 0 0 0 0 0 0 0 0 0 0 0 0 0 0 0 0 0.0555556 0.111111 0.277778 0.166667 0.166667 0.111111 0 0.111111 0 0 0 0 0 

576 554 407 53 0 0.577617 0 0 0 0 0 0 0 0 0 0 0 0 0 0 0 0 0 0 0 0.0588235 0 0.0588235 0.117647 0.176471 0.352941 0.235294 0 0 0 0 0 0 0 

576 563 420 53 0 0.568384 0 0 0 0 0 0 0 0 0 0 0 0 0 0 0 0 0 0 0 0.0588235 0 0.0588235 0.176471 0.0588235 0.352941 0.176471 0.0588235 0.0588235 0 0 0 0 0 

544 531 400 53 0 0.602637 0 0 0 0 0 0 0 0 0 0 0 0 0 0 0 0 0 0 0 0 0.0625 0 0.25 0 0.1875 0.4375 0.0625 0 0 0 0 0 0 

544 533 392 53 0 0.600375 0 0 0 0 0 0 0 0 0 0 0 0 0 0 0 0 0 0 0 0 0 0.125 0.25 0.25 0.125 0.1875 0.0625 0 0 0 0 0 0 

512 488 362 53 0 0.655738 0 0 0 0 0 0 0 0 0 0 0 0 0 0 0 0 0 0 0 0 0 0.0666667 0.133333 0.266667 0.333333 0.0666667 0.133333 0 0 0 0 0 0 

512 500 365 53 0 0.64 0 0 0 0 0 0 0 0 0 0 0 0 0 0 0 0 0 0 0 0.133333 0.0666667 0.0666667 0.0666667 0 0.4 0.266667 0 0 0 0 0 0 0 

576 554 408 53 0 0.577617 0 0 0 0 0 0 0 0 0 0 0 0 0 0 0 0 0 0 0.0588235 0 0 0.0588235 0.117647 0.176471 0.352941 0.117647 0.117647 0 0 0 0 0 0 

640 620 448 53 0 0.516129 0 0 0 0 0 0 0 0 0 0 0 0 0 0 0 0 0.0526316 0.0526316 0 0 0.0526316 0.0526316 0.157895 0.105263 0.157895 0.210526 0.157895 0 0 0 0 0 0 

704 690 487 53 0 0.463768 0 0 0 0 0 0 0 0 0 0 0 0 0 0 0 0 0 0 0 0.142857 0.047619 0.142857 0.190476 0.190476 0.142857 0.0952381 0 0.047619 0 0 0 0 0 

512 498 359 53 0 0.64257 0 0 0 0 0 0 0 0 0 0 0 0 0 0 0 0 0 0 0 0 0 0.266667 0.133333 0.333333 0.133333 0.133333 0 0 0 0 0 0 0 

544 530 383 53 0 0.603774 0 0 0 0 0 0 0 0 0 0 0 0 0 0 0 0 0 0 0.0625 0 0 0.125 0.1875 0.25 0.1875 0.1875 0 0 0 0 0 0 0 

512 491 362 53 0 0.651731 0 0 0 0 0 0 0 0 0 0 0 0 0 0 0 0 0 0 0 0 0 0.133333 0.133333 0.133333 0.4 0.2 0 0 0 0 0 0 0 

672 659 483 53 0 0.485584 0 0 0 0 0 0 0 0 0 0 0 0 0 0 0 0 0 0 0 0 0.05 0.15 0.15 0.15 0.3 0.15 0 0.05 0 0 0 0 0 

608 583 414 53 0 0.548885 0 0 0 0 0 0 0 0 0 0 0 0 0 0 0 0 0 0 0 0 0 0.222222 0.388889 0.111111 0.111111 0.166667 0 0 0 0 0 0 0 

640 615 450 53 0 0.520325 0 0 0 0 0 0 0 0 0 0 0 0 0 0 0 0 0 0 0 0 0 0.0526316 0.263158 0.263158 0.263158 0.0526316 0.105263 0 0 0 0 0 0 

608 589 435 53 0 0.543294 0 0 0 0 0 0 0 0 0 0 0 0 0 0 0 0 0 0 0 0 0 0.0555556 0.277778 0.277778 0.111111 0.111111 0.166667 0 0 0 0 0 0 

640 622 466 53 0 0.514469 0 0 0 0 0 0 0 0 0 0 0 0 0 0 0 0 0 0 0 0.105263 0 0.0526316 0.105263 0 0.315789 0.210526 0.157895 0.0526316 0 0 0 0 0 

576 556 412 53 0 0.57554 0 0 0 0 0 0 0 0 0 0 0 0 0 0 0 0 0 0 0 0 0 0.235294 0 0.235294 0.235294 0.117647 0.176471 0 0 0 0 0 0 

576 556 417 53 0 0.57554 0 0 0 0 0 0 0 0 0 0 0 0 0 0 0 0 0 0 0 0 0 0.117647 0.176471 0.0588235 0.235294 0.294118 0.0588235 0.0588235 0 0 0 0 0 

608 590 420 53 0 0.542373 0 0 0 0 0 0 0 0 0 0 0 0 0 0 0 0 0 0 0 0.0555556 0.222222 0.0555556 0.0555556 0.277778 0.166667 0.0555556 0.111111 0 0 0 0 0 0 

576 555 400 53 0 0.576577 0 0 0 0 0 0 0 0 0 0 0 0 0 0 0 0 0 0 0 0.0588235 0.0588235 0.0588235 0.176471 0.176471 0.352941 0.117647 0 0 0 0 0 0 0 

576 553 403 53 0 0.578662 0 0 0 0 0 0 0 0 0 0 0 0 0 0 0 0 0 0 0 0.0588235 0.0588235 0 0.176471 0.294118 0.235294 0.117647 0 0 0.0588235 0 0 0 0 

608 584 427 53 0 0.547945 0 0 0 0 0 0 0 0 0 0 0 0 0 0 0 0 0 0 0 0.0555556 0.0555556 0 0.111111 0.166667 0.444444 0.166667 0 0 0 0 0 0 0 

736 713 522 53 0 0.448808 0 0 0 0 0 0 0 0 0 0 0 0 0 0 0 0 0 0 0 0 0.0909091 0.0454545 0.181818 0.227273 0.136364 0.227273 0.0909091 0 0 0 0 0 0 

480 451 321 52 0 0.709534 0 0 0 0 0 0 0 0 0 0 0 0 0 0 0 0 0 0 0.0714286 0 0.0714286 0.142857 0.142857 0.142857 0.142857 0.285714 0 0 0 0 0 0 0 

544 520 378 53 0 0.615385 0 0 0 0 0 0 0 0 0 0 0 0 0 0 0 0 0 0 0 0 0.0625 0 0.3125 0.1875 0.25 0.1875 0 0 0 0 0 0 0 

576 558 399 53 0 0.573477 0 0 0 0 0 0 0 0 0 0 0 0 0 0 0 0 0 0 0 0.0588235 0.117647 0 0.294118 0.176471 0.235294 0.0588235 0.0588235 0 0 0 0 0 0 

640 614 444 53 0 0.521173 0 0 0 0 0 0 0 0 0 0 0 0 0 0 0 0 0 0 0 0 0.105263 0.0526316 0.157895 0.157895 0.421053 0.105263 0 0 0 0 0 0 0 

576 553 404 53 0 0.578662 0 0 0 0 0 0 0 0 0 0 0 0 0 0 0 0 0 0 0 0 0 0 0.235294 0.352941 0.352941 0.0588235 0 0 0 0 0 0 0 

608 587 432 53 0 0.545145 0 0 0 0 0 0 0 0 0 0 0 0 0 0 0 0 0 0 0 0 0.111111 0.111111 0 0.277778 0.222222 0.111111 0.166667 0 0 0 0 0 0 

640 614 445 53 0 0.521173 0 0 0 0 0 0 0 0 0 0 0 0 0 0 0 0 0 0 0 0 0 0.105263 0.157895 0.315789 0.368421 0.0526316 0 0 0 0 0 0 0 

480 464 334 53 0 0.689655 0 0 0 0 0 0 0 0 0 0 0 0 0 0 0 0 0 0 0 0 0 0.285714 0.0714286 0.357143 0.214286 0.0714286 0 0 0 0 0 0 0 

512 487 368 53 0 0.657084 0 0 0 0 0 0 0 0 0 0 0 0 0 0 0 0 0 0 0 0 0 0 0.133333 0.266667 0.133333 0.333333 0.133333 0 0 0 0 0 0 

544 529 382 53 0 0.604915 0 0 0 0 0 0 0 0 0 0 0 0 0 0 0 0 0 0 0 0.0625 0.0625 0.0625 0.25 0.25 0.0625 0.1875 0.0625 0 0 0 0 0 0 

608 586 419 53 0 0.546075 0 0 0 0 0 0 0 0 0 0 0 0 0 0 0 0 0 0 0 0 0.0555556 0.0555556 0.222222 0.444444 0.222222 0 0 0 0 0 0 0 0 

480 461 351 53 0 0.694143 0 0 0 0 0 0 0 0 0 0 0 0 0 0 0 0 0 0 0 0 0.0714286 0 0.142857 0.142857 0.142857 0.214286 0.214286 0.0714286 0 0 0 0 0 

544 524 396 53 0 0.610687 0 0 0 0 0 0 0 0 0 0 0 0 0 0 0 0 0 0 0 0 0 0 0.0625 0.25 0.4375 0.125 0.125 0 0 0 0 0 0 

608 585 426 53 0 0.547009 0 0 0 0 0 0 0 0 0 0 0 0 0 0 0 0 0 0 0 0 0.111111 0.0555556 0.166667 0.111111 0.333333 0.222222 0 0 0 0 0 0 0 

608 582 428 53 0 0.549828 0 0 0 0 0 0 0 0 0 0 0 0 0 0 0 0 0 0 0 0.0555556 0 0.111111 0.111111 0.166667 0.222222 0.222222 0.111111 0 0 0 0 0 0 

576 548 402 53 0 0.583942 0 0 0 0 0 0 0 0 0 0 0 0 0 0 0 0 0 0 0 0 0.0588235 0.117647 0.176471 0.117647 0.235294 0.117647 0.176471 0 0 0 0 0 0 

512 483 365 53 0 0.662526 0 0 0 0 0 0 0 0 0 0 0 0 0 0 0 0 0 0 0 0 0 0.0666667 0 0.333333 0.133333 0.266667 0.2 0 0 0 0 0 0 

672 646 465 53 0 0.495356 0 0 0 0 0 0 0 0 0 0 0 0 0 0 0 0 0 0 0 0 0.05 0.05 0.2 0.35 0.3 0.05 0 0 0 0 0 0 0 

448 436 321 53 0 0.733945 0 0 0 0 0 0 0 0 0 0 0 0 0 0 0 0 0 0 0 0.0769231 0.0769231 0.0769231 0.0769231 0.230769 0.153846 0.153846 0.153846 0 0 0 0 0 0 

512 503 371 53 0 0.636183 0 0 0 0 0 0 0 0 0 0 0 0 0 0 0 0 0 0 0.0666667 0 0 0 0.2 0.2 0.4 0.0666667 0.0666667 0 0 0 0 0 0 

448 438 323 53 0 0.730594 0 0 0 0 0 0 0 0 0 0 0 0 0 0 0 0 0 0 0 0.0769231 0 0.0769231 0.0769231 0.230769 0.384615 0.153846 0 0 0 0 0 0 0 

512 486 362 53 0 0.658436 0 0 0 0 0 0 0 0 0 0 0 0 0 0 0 0 0 0 0 0 0 0.0666667 0.2 0.2 0.266667 0.0666667 0.133333 0.0666667 0 0 0 0 0 

512 500 370 53 0 0.64 0 0 0 0 0 0 0 0 0 0 0 0 0 0 0 0 0 0 0 0 0 0.0666667 0.2 0.333333 0.2 0.133333 0.0666667 0 0 0 0 0 0 

448 438 321 53 0 0.730594 0 0 0 0 0 0 0 0 0 0 0 0 0 0 0 0 0 0 0 0.0769231 0.0769231 0 0.153846 0.153846 0.384615 0.153846 0 0 0 0 0 0 0 

544 521 388 53 0 0.614203 0 0 0 0 0 0 0 0 0 0 0 0 0 0 0 0 0 0 0 0 0 0.0625 0.0625 0.4375 0.1875 0.0625 0.1875 0 0 0 0 0 0 

544 519 376 53 0 0.61657 0 0 0 0 0 0 0 0 0 0 0 0 0 0 0 0 0 0 0 0 0 0.125 0.1875 0.25 0.375 0.0625 0 0 0 0 0 0 0 

544 528 385 53 0 0.606061 0 0 0 0 0 0 0 0 0 0 0 0 0 0 0 0 0 0 0 0 0 0.1875 0.1875 0.25 0.1875 0.125 0.0625 0 0 0 0 0 0 

576 558 415 53 0 0.573477 0 0 0 0 0 0 0 0 0 0 0 0 0 0 0 0 0 0 0 0 0.117647 0.0588235 0 0.235294 0.176471 0.352941 0.0588235 0 0 0 0 0 0 

608 598 422 53 0 0.535117 0 0 0 0 0 0 0 0 0 0 0 0 0 0 0 0 0 0.0555556 0 0.0555556 0.166667 0.111111 0.166667 0.0555556 0.166667 0.166667 0.0555556 0 0 0 0 0 0 

608 583 426 53 0 0.548885 0 0 0 0 0 0 0 0 0 0 0 0 0 0 0 0 0 0 0 0 0 0.111111 0.111111 0.444444 0.166667 0.111111 0 0.0555556 0 0 0 0 0 

512 491 353 53 0 0.651731 0 0 0 0 0 0 0 0 0 0 0 0 0 0 0 0 0 0 0 0 0 0.133333 0.2 0.466667 0.133333 0.0666667 0 0 0 0 0 0 0 

608 591 418 53 0 0.541455 0 0 0 0 0 0 0 0 0 0 0 0 0 0 0 0 0 0.0555556 0 0.0555556 0.0555556 0.277778 0.0555556 0.166667 0.166667 0.111111 0 0 0 0.0555556 0 0 0 

608 599 442 53 0 0.534224 0 0 0 0 0 0 0 0 0 0 0 0 0 0 0 0 0 0 0 0 0.0555556 0.111111 0.166667 0.111111 0.444444 0 0.0555556 0.0555556 0 0 0 0 0 

640 627 457 53 0 0.510367 0 0 0 0 0 0 0 0 0 0 0 0 0 0 0 0 0 0 0 0 0.105263 0.157895 0.210526 0.210526 0.0526316 0.157895 0 0 0.105263 0 0 0 0 

544 522 384 53 0 0.613027 0 0 0 0 0 0 0 0 0 0 0 0 0 0 0 0 0 0 0 0 0.0625 0 0.0625 0.3125 0.5 0.0625 0 0 0 0 0 0 0 

544 528 378 53 0 0.606061 0 0 0 0 0 0 0 0 0 0 0 0 0 0 0 0 0 0 0 0.0625 0.125 0.0625 0.1875 0.25 0.0625 0.25 0 0 0 0 0 0 0 

544 529 396 53 0 0.604915 0 0 0 0 0 0 0 0 0 0 0 0 0 0 0 0 0 0 0 0 0 0.0625 0.25 0 0.375 0.25 0.0625 0 0 0 0 0 0 

576 552 391 53 0 0.57971 0 0 0 0 0 0 0 0 0 0 0 0 0 0 0 0 0 0 0.0588235 0 0 0.117647 0.294118 0.294118 0.117647 0.117647 0 0 0 0 0 0 0 

512 496 365 53 0 0.645161 0 0 0 0 0 0 0 0 0 0 0 0 0 0 0 0 0 0 0 0 0 0.133333 0.266667 0.133333 0.2 0.2 0.0666667 0 0 0 0 0 0 

576 563 424 53 0 0.568384 0 0 0 0 0 0 0 0 0 0 0 0 0 0 0 0 0 0 0 0 0.0588235 0.0588235 0.0588235 0.294118 0.176471 0.117647 0.176471 0.0588235 0 0 0 0 0 

576 551 408 53 0 0.580762 0 0 0 0 0 0 0 0 0 0 0 0 0 0 0 0 0 0 0 0 0 0.117647 0.176471 0.235294 0.235294 0 0.176471 0.0588235 0 0 0 0 0 

576 567 427 53 0 0.564374 0 0 0 0 0 0 0 0 0 0 0 0 0 0 0 0 0 0 0 0 0.0588235 0.117647 0.0588235 0.0588235 0.294118 0.352941 0 0.0588235 0 0 0 0 0 

608 593 422 53 0 0.539629 0 0 0 0 0 0 0 0 0 0 0 0 0 0 0 0 0 0 0.0555556 0 0.111111 0.0555556 0.166667 0.388889 0.166667 0 0 0.0555556 0 0 0 0 0 

576 557 416 53 0 0.574506 0 0 0 0 0 0 0 0 0 0 0 0 0 0 0 0 0 0 0 0 0 0.117647 0.235294 0.117647 0.0588235 0.352941 0.0588235 0.0588235 0 0 0 0 0 

512 497 367 53 0 0.643863 0 0 0 0 0 0 0 0 0 0 0 0 0 0 0 0 0 0 0 0 0.0666667 0 0.266667 0.266667 0.0666667 0.266667 0.0666667 0 0 0 0 0 0 

544 519 381 53 0 0.61657 0 0 0 0 0 0 0 0 0 0 0 0 0 0 0 0 0 0 0 0 0 0.125 0.125 0.1875 0.375 0.1875 0 0 0 0 0 0 0 

544 526 393 53 0 0.608365 0 0 0 0 0 0 0 0 0 0 0 0 0 0 0 0 0 0 0 0 0 0.0625 0.1875 0.1875 0.125 0.4375 0 0 0 0 0 0 0 

608 593 437 53 0 0.539629 0 0 0 0 0 0 0 0 0 0 0 0 0 0 0 0 0 0 0 0 0 0.111111 0.111111 0.277778 0.388889 0.0555556 0.0555556 0 0 0 0 0 0 

480 459 335 53 0 0.697168 0 0 0 0 0 0 0 0 0 0 0 0 0 0 0 0 0 0 0 0 0.0714286 0.0714286 0.214286 0.142857 0.285714 0.214286 0 0 0 0 0 0 0 

608 592 441 53 0 0.540541 0 0 0 0 0 0 0 0 0 0 0 0 0 0 0 0 0 0 0 0.0555556 0 0 0.166667 0.222222 0.277778 0.166667 0.0555556 0.0555556 0 0 0 0 0 

608 582 429 53 0 0.549828 0 0 0 0 0 0 0 0 0 0 0 0 0 0 0 0 0 0 0 0 0 0.0555556 0.166667 0.222222 0.388889 0.111111 0.0555556 0 0 0 0 0 0 

576 559 412 53 0 0.572451 0 0 0 0 0 0 0 0 0 0 0 0 0 0 0 0 0 0 0 0 0 0.0588235 0.294118 0.176471 0.176471 0.294118 0 0 0 0 0 0 0 

576 557 404 53 0 0.574506 0 0 0 0 0 0 0 0 0 0 0 0 0 0 0 0 0 0 0 0 0.0588235 0.117647 0.176471 0.117647 0.470588 0.0588235 0 0 0 0 0 0 0 

576 559 398 53 0 0.572451 0 0 0 0 0 0 0 0 0 0 0 0 0 0 0 0 0 0 0 0.0588235 0.117647 0.117647 0.176471 0.235294 0.117647 0.117647 0.0588235 0 0 0 0 0 0 

576 562 409 53 0 0.569395 0 0 0 0 0 0 0 0 0 0 0 0 0 0 0 0 0 0 0 0.0588235 0.0588235 0.117647 0.117647 0.235294 0.176471 0.117647 0.117647 0 0 0 0 0 0 

608 582 423 53 0 0.549828 0 0 0 0 0 0 0 0 0 0 0 0 0 0 0 0 0 0 0 0.0555556 0 0.111111 0.222222 0.222222 0.111111 0.111111 0.166667 0 0 0 0 0 0 

608 583 420 53 0 0.548885 0 0 0 0 0 0 0 0 0 0 0 0 0 0 0 0 0 0 0 0.0555556 0.0555556 0.222222 0 0.166667 0.222222 0.277778 0 0 0 0 0 0 0 

512 499 370 53 0 0.641283 0 0 0 0 0 0 0 0 0 0 0 0 0 0 0 0 0 0 0 0 0.0666667 0.0666667 0.0666667 0.2 0.4 0.2 0 0 0 0 0 0 0 

512 494 362 53 0 0.647773 0 0 0 0 0 0 0 0 0 0 0 0 0 0 0 0 0 0 0 0 0 0.2 0.2 0.0666667 0.266667 0.266667 0 0 0 0 0 0 0 

576 551 404 53 0 0.580762 0 0 0 0 0 0 0 0 0 0 0 0 0 0 0 0 0 0 0 0 0.117647 0.0588235 0.117647 0.176471 0.176471 0.294118 0.0588235 0 0 0 0 0 0 

544 528 380 53 0 0.606061 0 0 0 0 0 0 0 0 0 0 0 0 0 0 0 0 0 0 0 0 0.0625 0.125 0.3125 0.1875 0.125 0.1875 0 0 0 0 0 0 0 

608 583 423 53 0 0.548885 0 0 0 0 0 0 0 0 0 0 0 0 0 0 0 0 0 0 0 0 0.0555556 0.222222 0.166667 0.111111 0.111111 0.277778 0 0.0555556 0 0 0 0 0 

512 491 360 53 0 0.651731 0 0 0 0 0 0 0 0 0 0 0 0 0 0 0 0 0 0 0 0 0.0666667 0 0.266667 0.133333 0.333333 0.2 0 0 0 0 0 0 0 

576 551 400 53 0 0.580762 0 0 0 0 0 0 0 0 0 0 0 0 0 0 0 0 0 0 0 0 0.0588235 0.0588235 0.352941 0 0.294118 0.235294 0 0 0 0 0 0 0 

512 491 355 53 0 0.651731 0 0 0 0 0 0 0 0 0 0 0 0 0 0 0 0 0 0 0 0.133333 0 0.2 0 0.2 0.133333 0.266667 0.0666667 0 0 0 0 0 0 

480 462 337 53 0 0.692641 0 0 0 0 0 0 0 0 0 0 0 0 0 0 0 0 0 0 0 0 0.0714286 0.142857 0.0714286 0.285714 0.357143 0 0 0.0714286 0 0 0 0 0 

576 549 409 53 0 0.582878 0 0 0 0 0 0 0 0 0 0 0 0 0 0 0 0 0 0 0 0 0 0.0588235 0.117647 0.294118 0.235294 0.176471 0.0588235 0.0588235 0 0 0 0 0 

576 546 397 53 0 0.586081 0 0 0 0 0 0 0 0 0 0 0 0 0 0 0 0 0 0 0.0588235 0 0.0588235 0.0588235 0.235294 0.117647 0.117647 0.176471 0.117647 0.0588235 0 0 0 0 0 

640 621 464 53 0 0.515298 0 0 0 0 0 0 0 0 0 0 0 0 0 0 0 0 0 0 0 0 0.0526316 0.0526316 0.157895 0.210526 0.105263 0.263158 0.105263 0.0526316 0 0 0 0 0 

544 521 385 53 0 0.614203 0 0 0 0 0 0 0 0 0 0 0 0 0 0 0 0 0 0 0 0 0 0.0625 0.3125 0.125 0.1875 0.25 0 0.0625 0 0 0 0 0 

576 556 395 53 0 0.57554 0 0 0 0 0 0 0 0 0 0 0 0 0 0 0 0 0 0 0.0588235 0.0588235 0.0588235 0.117647 0.176471 0.117647 0.235294 0.117647 0.0588235 0 0 0 0 0 0 

608 592 435 53 0 0.540541 0 0 0 0 0 0 0 0 0 0 0 0 0 0 0 0 0 0 0 0 0 0.166667 0.222222 0.111111 0.222222 0.222222 0.0555556 0 0 0 0 0 0 

640 620 451 53 0 0.516129 0 0 0 0 0 0 0 0 0 0 0 0 0 0 0 0 0 0 0 0.0526316 0.0526316 0.105263 0.157895 0.157895 0.210526 0.157895 0.105263 0 0 0 0 0 0 

480 463 350 53 0 0.691145 0 0 0 0 0 0 0 0 0 0 0 0 0 0 0 0 0 0 0 0 0 0 0.357143 0.0714286 0.214286 0.142857 0.142857 0 0.0714286 0 0 0 0 

544 533 395 53 0 0.600375 0 0 0 0 0 0 0 0 0 0 0 0 0 0 0 0 0 0 0 0 0.0625 0 0.25 0.25 0.25 0 0.1875 0 0 0 0 0 0 

480 451 325 53 0 0.709534 0 0 0 0 0 0 0 0 0 0 0 0 0 0 0 0 0 0 0 0.0714286 0 0.142857 0.214286 0.142857 0.142857 0.214286 0.0714286 0 0 0 0 0 0 

672 653 464 53 0 0.490046 0 0 0 0 0 0 0 0 0 0 0 0 0 0 0 0 0 0 0 0.1 0.1 0.1 0.15 0.1 0.3 0.15 0 0 0 0 0 0 0 

512 497 357 53 0 0.643863 0 0 0 0 0 0 0 0 0 0 0 0 0 0 0 0 0 0 0.0666667 0 0.133333 0 0.133333 0.333333 0.133333 0.2 0 0 0 0 0 0 0 

544 523 394 53 0 0.611855 0 0 0 0 0 0 0 0 0 0 0 0 0 0 0 0 0 0 0 0 0 0.0625 0.1875 0.125 0.3125 0.0625 0.1875 0.0625 0 0 0 0 0 

576 554 407 53 0 0.577617 0 0 0 0 0 0 0 0 0 0 0 0 0 0 0 0 0 0 0 0 0 0.176471 0.117647 0.176471 0.294118 0.176471 0.0588235 0 0 0 0 0 0 

480 463 351 53 0 0.691145 0 0 0 0 0 0 0 0 0 0 0 0 0 0 0 0 0 0 0 0 0.0714286 0 0.0714286 0.357143 0.0714286 0.214286 0.0714286 0.142857 0 0 0 0 0 

544 524 383 53 0 0.610687 0 0 0 0 0 0 0 0 0 0 0 0 0 0 0 0 0 0 0 0 0.125 0 0.1875 0.1875 0.3125 0.125 0.0625 0 0 0 0 0 0 

512 488 369 53 0 0.655738 0 0 0 0 0 0 0 0 0 0 0 0 0 0 0 0 0 0 0 0 0 0 0.133333 0.266667 0.2 0.266667 0.0666667 0.0666667 0 0 0 0 0 

544 522 380 53 0 0.613027 0 0 0 0 0 0 0 0 0 0 0 0 0 0 0 0 0 0 0 0.0625 0 0.0625 0.25 0.0625 0.375 0.1875 0 0 0 0 0 0 0 

608 587 430 53 0 0.545145 0 0 0 0 0 0 0 0 0 0 0 0 0 0 0 0 0 0 0.0555556 0 0 0.166667 0.0555556 0.166667 0.277778 0.222222 0 0.0555556 0 0 0 0 0 

544 529 382 53 0 0.604915 0 0 0 0 0 0 0 0 0 0 0 0 0 0 0 0 0 0 0 0 0.125 0.1875 0.125 0.1875 0.1875 0.0625 0.125 0 0 0 0 0 0 

640 619 446 53 0 0.516963 0 0 0 0 0 0 0 0 0 0 0 0 0 0 0 0 0 0 0.0526316 0.0526316 0 0.157895 0.105263 0.105263 0.368421 0.105263 0 0.0526316 0 0 0 0 0 

576 554 404 53 0 0.577617 0 0 0 0 0 0 0 0 0 0 0 0 0 0 0 0 0 0 0.0588235 0.0588235 0 0 0.176471 0.294118 0.117647 0.176471 0.0588235 0.0588235 0 0 0 0 0 

480 469 346 53 0 0.682303 0 0 0 0 0 0 0 0 0 0 0 0 0 0 0 0 0 0 0 0 0.142857 0 0.142857 0.285714 0.142857 0.214286 0.0714286 0 0 0 0 0 0 

544 521 379 53 0 0.614203 0 0 0 0 0 0 0 0 0 0 0 0 0 0 0 0 0 0 0 0 0 0.25 0.0625 0.1875 0.3125 0.1875 0 0 0 0 0 0 0 

576 554 411 53 0 0.577617 0 0 0 0 0 0 0 0 0 0 0 0 0 0 0 0 0 0 0 0 0 0.117647 0 0.411765 0.235294 0.117647 0.117647 0 0 0 0 0 0 

640 618 441 53 0 0.517799 0 0 0 0 0 0 0 0 0 0 0 0 0 0 0 0 0 0 0.0526316 0 0 0.157895 0.210526 0.210526 0.263158 0.105263 0 0 0 0 0 0 0 

576 554 406 53 0 0.577617 0 0 0 0 0 0 0 0 0 0 0 0 0 0 0 0 0 0 0 0.0588235 0 0.176471 0.117647 0.117647 0.176471 0.235294 0.117647 0 0 0 0 0 0 

512 503 388 53 0 0.636183 0 0 0 0 0 0 0 0 0 0 0 0 0 0 0 0 0 0 0 0 0 0 0.133333 0.0666667 0.266667 0.466667 0 0.0666667 0 0 0 0 0 

608 583 427 53 0 0.548885 0 0 0 0 0 0 0 0 0 0 0 0 0 0 0 0 0 0 0 0.0555556 0.0555556 0.0555556 0.0555556 0.222222 0.277778 0.222222 0.0555556 0 0 0 0 0 0 

544 532 381 53 0 0.601504 0 0 0 0 0 0 0 0 0 0 0 0 0 0 0 0 0 0 0 0.0625 0.25 0.125 0.0625 0.0625 0.1875 0.125 0.0625 0.0625 0 0 0 0 0 

672 654 475 53 0 0.489297 0 0 0 0 0 0 0 0 0 0 0 0 0 0 0 0 0 0 0 0 0.1 0.2 0 0.2 0.3 0.15 0.05 0 0 0 0 0 0 

608 590 445 53 0 0.542373 0 0 0 0 0 0 0 0 0 0 0 0 0 0 0 0 0 0 0 0 0.0555556 0 0.111111 0.277778 0.166667 0.111111 0.277778 0 0 0 0 0 0 

608 592 426 53 0 0.540541 0 0 0 0 0 0 0 0 0 0 0 0 0 0 0 0 0 0 0 0 0.0555556 0.277778 0.111111 0.222222 0.0555556 0.277778 0 0 0 0 0 0 0 

512 488 360 53 0 0.655738 0 0 0 0 0 0 0 0 0 0 0 0 0 0 0 0 0 0 0 0 0 0.133333 0.133333 0.266667 0.266667 0 0.2 0 0 0 0 0 0 

608 591 439 53 0 0.541455 0 0 0 0 0 0 0 0 0 0 0 0 0 0 0 0 0 0 0 0 0.0555556 0.0555556 0.111111 0.222222 0.277778 0.166667 0.111111 0 0 0 0 0 0 

576 561 407 53 0 0.57041 0 0 0 0 0 0 0 0 0 0 0 0 0 0 0 0 0 0 0 0 0.0588235 0.117647 0.294118 0.176471 0.117647 0.176471 0.0588235 0 0 0 0 0 0 

512 488 353 53 0 0.655738 0 0 0 0 0 0 0 0 0 0 0 0 0 0 0 0 0 0 0 0 0 0.133333 0.4 0.133333 0.133333 0.0666667 0.133333 0 0 0 0 0 0 

512 495 353 53 0 0.646465 0 0 0 0 0 0 0 0 0 0 0 0 0 0 0 0 0 0 0 0 0.0666667 0.266667 0.2 0.2 0.0666667 0.2 0 0 0 0 0 0 0 

640 623 455 53 0 0.513644 0 0 0 0 0 0 0 0 0 0 0 0 0 0 0 0 0 0 0 0.0526316 0.0526316 0.0526316 0.210526 0.210526 0.157895 0.105263 0.157895 0 0 0 0 0 0 

544 532 390 53 0 0.601504 0 0 0 0 0 0 0 0 0 0 0 0 0 0 0 0 0 0 0 0 0 0.1875 0.1875 0.25 0.125 0.1875 0.0625 0 0 0 0 0 0 

512 492 355 53 0 0.650406 0 0 0 0 0 0 0 0 0 0 0 0 0 0 0 0 0 0 0 0 0.0666667 0.0666667 0.266667 0.133333 0.466667 0 0 0 0 0 0 0 0 

544 525 380 53 0 0.609524 0 0 0 0 0 0 0 0 0 0 0 0 0 0 0 0 0 0 0 0.0625 0.1875 0 0.1875 0.0625 0.1875 0.25 0 0.0625 0 0 0 0 0 

512 496 369 53 0 0.645161 0 0 0 0 0 0 0 0 0 0 0 0 0 0 0 0 0 0 0 0.0666667 0.0666667 0.133333 0.0666667 0.133333 0.133333 0.0666667 0.266667 0.0666667 0 0 0 0 0 

512 494 365 53 0 0.647773 0 0 0 0 0 0 0 0 0 0 0 0 0 0 0 0 0 0 0 0 0 0 0.266667 0.4 0.2 0 0.0666667 0.0666667 0 0 0 0 0 

704 688 497 53 0 0.465116 0 0 0 0 0 0 0 0 0 0 0 0 0 0 0 0 0 0 0 0 0.0952381 0.0952381 0.142857 0.428571 0.0952381 0.0952381 0 0 0.047619 0 0 0 0 

544 521 382 53 0 0.614203 0 0 0 0 0 0 0 0 0 0 0 0 0 0 0 0 0 0 0 0 0.0625 0 0.1875 0.3125 0.3125 0 0.125 0 0 0 0 0 0 

512 496 370 53 0 0.645161 0 0 0 0 0 0 0 0 0 0 0 0 0 0 0 0 0 0 0 0 0.0666667 0.133333 0.133333 0.133333 0.2 0.133333 0.0666667 0.133333 0 0 0 0 0 

704 688 509 53 0 0.465116 0 0 0 0 0 0 0 0 0 0 0 0 0 0 0 0 0 0 0 0 0.047619 0.0952381 0.142857 0.238095 0.190476 0.142857 0.0952381 0.047619 0 0 0 0 0 

480 450 321 50 0 0.711111 0 0 0 0 0 0 0 0 0 0 0 0 0 0 0 0 0 0 0 0.0714286 0 0.0714286 0.285714 0.214286 0.214286 0.142857 0 0 0 0 0 0 0 

544 525 384 53 0 0.609524 0 0 0 0 0 0 0 0 0 0 0 0 0 0 0 0 0 0 0 0 0.0625 0.0625 0.125 0.3125 0.25 0.1875 0 0 0 0 0 0 0 

576 555 397 53 0 0.576577 0 0 0 0 0 0 0 0 0 0 0 0 0 0 0 0 0 0 0.0588235 0.117647 0 0.0588235 0.176471 0.176471 0.176471 0.117647 0.117647 0 0 0 0 0 0 

576 547 404 53 0 0.585009 0 0 0 0 0 0 0 0 0 0 0 0 0 0 0 0 0 0 0 0 0.0588235 0.0588235 0.117647 0.235294 0.235294 0.117647 0.176471 0 0 0 0 0 0 

672 652 472 53 0 0.490798 0 0 0 0 0 0 0 0 0 0 0 0 0 0 0 0 0 0 0 0 0 0.25 0.15 0.2 0.15 0.25 0 0 0 0 0 0 0 

544 519 380 53 0 0.61657 0 0 0 0 0 0 0 0 0 0 0 0 0 0 0 0 0 0 0 0 0.0625 0.0625 0.1875 0.25 0.1875 0.1875 0 0.0625 0 0 0 0 0 

608 595 432 53 0 0.537815 0 0 0 0 0 0 0 0 0 0 0 0 0 0 0 0 0 0 0 0 0 0.111111 0.222222 0.388889 0.166667 0.111111 0 0 0 0 0 0 0 

576 552 402 53 0 0.57971 0 0 0 0 0 0 0 0 0 0 0 0 0 0 0 0 0 0 0 0 0 0.176471 0.117647 0.294118 0.235294 0.117647 0.0588235 0 0 0 0 0 0 

480 458 344 53 0 0.69869 0 0 0 0 0 0 0 0 0 0 0 0 0 0 0 0 0 0 0 0 0 0 0.142857 0.285714 0.357143 0.0714286 0.0714286 0.0714286 0 0 0 0 0 

576 548 395 53 0 0.583942 0 0 0 0 0 0 0 0 0 0 0 0 0 0 0 0 0 0 0 0 0.0588235 0.0588235 0.176471 0.352941 0.235294 0.117647 0 0 0 0 0 0 0 

480 456 337 53 0 0.701754 0 0 0 0 0 0 0 0 0 0 0 0 0 0 0 0 0 0 0 0 0 0 0.214286 0.285714 0.285714 0.214286 0 0 0 0 0 0 0 

608 587 427 53 0 0.545145 0 0 0 0 0 0 0 0 0 0 0 0 0 0 0 0 0 0 0 0.0555556 0.0555556 0.166667 0 0.222222 0.222222 0.222222 0.0555556 0 0 0 0 0 0 

576 563 415 53 0 0.568384 0 0 0 0 0 0 0 0 0 0 0 0 0 0 0 0 0 0 0 0 0.117647 0.0588235 0.117647 0.235294 0.117647 0.294118 0.0588235 0 0 0 0 0 0 

672 646 469 53 0 0.495356 0 0 0 0 0 0 0 0 0 0 0 0 0 0 0 0 0 0 0 0 0.05 0.15 0.1 0.4 0.1 0.1 0 0.1 0 0 0 0 0 

544 529 388 53 0 0.604915 0 0 0 0 0 0 0 0 0 0 0 0 0 0 0 0 0 0.0625 0 0 0.0625 0.125 0.125 0.125 0.1875 0.125 0.125 0 0.0625 0 0 0 0 

608 587 424 53 0 0.545145 0 0 0 0 0 0 0 0 0 0 0 0 0 0 0 0 0 0 0.0555556 0 0 0.111111 0.166667 0.222222 0.277778 0.166667 0 0 0 0 0 0 0 

544 524 377 53 0 0.610687 0 0 0 0 0 0 0 0 0 0 0 0 0 0 0 0 0 0 0 0 0.125 0.0625 0.3125 0.125 0.1875 0.125 0.0625 0 0 0 0 0 0 

544 528 384 53 0 0.606061 0 0 0 0 0 0 0 0 0 0 0 0 0 0 0 0 0 0 0 0.0625 0 0.125 0.0625 0.3125 0.3125 0.125 0 0 0 0 0 0 0 

640 618 466 53 0 0.517799 0 0 0 0 0 0 0 0 0 0 0 0 0 0 0 0 0 0 0 0 0 0.0526316 0.105263 0.157895 0.315789 0.210526 0.157895 0 0 0 0 0 0 

480 471 339 53 0 0.679406 0 0 0 0 0 0 0 0 0 0 0 0 0 0 0 0 0 0 0 0 0.0714286 0.142857 0.285714 0.285714 0.0714286 0.142857 0 0 0 0 0 0 0 

576 555 404 53 0 0.576577 0 0 0 0 0 0 0 0 0 0 0 0 0 0 0 0 0 0.0588235 0 0 0 0.176471 0.0588235 0.117647 0.352941 0.176471 0.0588235 0 0 0 0 0 0 

544 527 387 53 0 0.607211 0 0 0 0 0 0 0 0 0 0 0 0 0 0 0 0 0 0 0 0 0.125 0.0625 0.125 0.25 0.125 0.1875 0.125 0 0 0 0 0 0 

480 466 338 53 0 0.686695 0 0 0 0 0 0 0 0 0 0 0 0 0 0 0 0 0 0 0 0 0.0714286 0.0714286 0.214286 0.285714 0.285714 0.0714286 0 0 0 0 0 0 0 

672 653 486 53 0 0.490046 0 0 0 0 0 0 0 0 0 0 0 0 0 0 0 0 0 0 0 0 0.1 0.15 0 0.2 0.2 0.1 0.15 0.1 0 0 0 0 0 

480 466 348 53 0 0.686695 0 0 0 0 0 0 0 0 0 0 0 0 0 0 0 0 0 0 0 0 0.142857 0.0714286 0.0714286 0.214286 0.142857 0.0714286 0.214286 0.0714286 0 0 0 0 0 

608 588 421 53 0 0.544218 0 0 0 0 0 0 0 0 0 0 0 0 0 0 0 0 0 0 0 0.0555556 0.111111 0.0555556 0.166667 0.277778 0.166667 0.111111 0.0555556 0 0 0 0 0 0 

576 551 411 53 0 0.580762 0 0 0 0 0 0 0 0 0 0 0 0 0 0 0 0 0 0 0 0.0588235 0 0.117647 0.0588235 0.117647 0.235294 0.176471 0.235294 0 0 0 0 0 0 

544 517 374 53 0 0.618955 0 0 0 0 0 0 0 0 0 0 0 0 0 0 0 0 0 0 0 0.0625 0.0625 0 0.1875 0.25 0.1875 0.25 0 0 0 0 0 0 0 

672 651 479 53 0 0.491551 0 0 0 0 0 0 0 0 0 0 0 0 0 0 0 0 0 0 0 0 0 0 0.25 0.25 0.35 0.15 0 0 0 0 0 0 0 

480 465 347 53 0 0.688172 0 0 0 0 0 0 0 0 0 0 0 0 0 0 0 0 0 0 0 0 0 0.142857 0.142857 0.142857 0.285714 0.214286 0 0.0714286 0 0 0 0 0 

544 517 381 53 0 0.618955 0 0 0 0 0 0 0 0 0 0 0 0 0 0 0 0 0 0 0.0625 0 0 0.0625 0.125 0.1875 0.25 0.125 0.1875 0 0 0 0 0 0 

608 586 422 53 0 0.546075 0 0 0 0 0 0 0 0 0 0 0 0 0 0 0 0 0 0 0 0.0555556 0.0555556 0.0555556 0.166667 0.333333 0.166667 0.111111 0.0555556 0 0 0 0 0 0 

576 552 405 53 0 0.57971 0 0 0 0 0 0 0 0 0 0 0 0 0 0 0 0 0 0 0 0.0588235 0 0.176471 0.0588235 0.117647 0.235294 0.294118 0.0588235 0 0 0 0 0 0 

576 555 411 53 0 0.576577 0 0 0 0 0 0 0 0 0 0 0 0 0 0 0 0 0 0 0 0.0588235 0 0 0.235294 0.176471 0.176471 0.235294 0.117647 0 0 0 0 0 0 

544 521 393 53 0 0.614203 0 0 0 0 0 0 0 0 0 0 0 0 0 0 0 0 0 0 0 0 0 0.0625 0 0.1875 0.4375 0.25 0.0625 0 0 0 0 0 0 

672 651 465 53 0 0.491551 0 0 0 0 0 0 0 0 0 0 0 0 0 0 0 0 0 0 0 0 0.15 0.1 0.2 0.2 0.2 0.1 0.05 0 0 0 0 0 0 

576 563 415 53 0 0.568384 0 0 0 0 0 0 0 0 0 0 0 0 0 0 0 0 0 0 0 0 0 0.0588235 0.352941 0.176471 0.176471 0.117647 0.117647 0 0 0 0 0 0 

480 469 349 53 0 0.682303 0 0 0 0 0 0 0 0 0 0 0 0 0 0 0 0 0 0 0 0 0 0.142857 0 0.428571 0.214286 0.142857 0.0714286 0 0 0 0 0 0 

544 515 390 53 0 0.621359 0 0 0 0 0 0 0 0 0 0 0 0 0 0 0 0 0 0 0 0 0 0.125 0 0.0625 0.375 0.25 0.1875 0 0 0 0 0 0 

608 600 437 53 0 0.533333 0 0 0 0 0 0 0 0 0 0 0 0 0 0 0 0 0 0 0.0555556 0 0.0555556 0.111111 0.222222 0.0555556 0.277778 0.166667 0 0.0555556 0 0 0 0 0 

544 527 391 53 0 0.607211 0 0 0 0 0 0 0 0 0 0 0 0 0 0 0 0 0 0 0 0 0.125 0 0.0625 0.375 0.1875 0.0625 0.125 0.0625 0 0 0 0 0 

544 518 384 53 0 0.617761 0 0 0 0 0 0 0 0 0 0 0 0 0 0 0 0 0 0 0.0625 0 0 0 0.1875 0.1875 0.25 0.125 0.125 0.0625 0 0 0 0 0 

544 527 387 53 0 0.607211 0 0 0 0 0 0 0 0 0 0 0 0 0 0 0 0 0 0 0 0 0 0.125 0.1875 0.1875 0.3125 0.1875 0 0 0 0 0 0 0 

544 521 385 53 0 0.614203 0 0 0 0 0 0 0 0 0 0 0 0 0 0 0 0 0 0 0 0 0 0.0625 0.3125 0 0.3125 0.3125 0 0 0 0 0 0 0 

544 529 381 53 0 0.604915 0 0 0 0 0 0 0 0 0 0 0 0 0 0 0 0 0 0 0 0 0.0625 0.3125 0.125 0.0625 0.1875 0.25 0 0 0 0 0 0 0 

544 527 383 53 0 0.607211 0 0 0 0 0 0 0 0 0 0 0 0 0 0 0 0 0 0 0 0.0625 0 0.125 0.0625 0.4375 0.1875 0.0625 0 0.0625 0 0 0 0 0 

608 583 417 53 0 0.548885 0 0 0 0 0 0 0 0 0 0 0 0 0 0 0 0 0 0 0 0.0555556 0.0555556 0.111111 0.166667 0.222222 0.277778 0.0555556 0.0555556 0 0 0 0 0 0 

576 562 402 53 0 0.569395 0 0 0 0 0 0 0 0 0 0 0 0 0 0 0 0 0 0 0 0 0.0588235 0.294118 0.235294 0.0588235 0.176471 0.117647 0.0588235 0 0 0 0 0 0 

608 583 432 53 0 0.548885 0 0 0 0 0 0 0 0 0 0 0 0 0 0 0 0 0 0 0.0555556 0.0555556 0.0555556 0 0.111111 0.0555556 0.277778 0.111111 0.222222 0.0555556 0 0 0 0 0 

512 491 360 53 0 0.651731 0 0 0 0 0 0 0 0 0 0 0 0 0 0 0 0 0 0 0 0 0 0.133333 0.266667 0.2 0.2 0.0666667 0.0666667 0.0666667 0 0 0 0 0 

480 451 321 50 0 0.709534 0 0 0 0 0 0 0 0 0 0 0 0 0 0 0 0 0 0 0 0 0 0.214286 0.142857 0.428571 0.142857 0.0714286 0 0 0 0 0 0 0 

544 532 398 53 0 0.601504 0 0 0 0 0 0 0 0 0 0 0 0 0 0 0 0 0 0 0 0 0.0625 0.125 0.0625 0.0625 0.3125 0.3125 0.0625 0 0 0 0 0 0 

544 527 389 53 0 0.607211 0 0 0 0 0 0 0 0 0 0 0 0 0 0 0 0 0 0 0 0 0 0.125 0.25 0.1875 0.1875 0.0625 0.1875 0 0 0 0 0 0 

512 494 367 53 0 0.647773 0 0 0 0 0 0 0 0 0 0 0 0 0 0 0 0 0 0 0 0 0.0666667 0.0666667 0.0666667 0.266667 0.266667 0.133333 0.133333 0 0 0 0 0 0 

544 519 391 53 0 0.61657 0 0 0 0 0 0 0 0 0 0 0 0 0 0 0 0 0 0 0 0 0.0625 0 0 0.3125 0.1875 0.3125 0.125 0 0 0 0 0 0 

608 598 452 53 0 0.535117 0 0 0 0 0 0 0 0 0 0 0 0 0 0 0 0 0 0 0 0 0 0 0.166667 0.222222 0.333333 0.166667 0.0555556 0.0555556 0 0 0 0 0 

576 553 403 53 0 0.578662 0 0 0 0 0 0 0 0 0 0 0 0 0 0 0 0 0 0 0 0.0588235 0 0.0588235 0.117647 0.294118 0.352941 0.0588235 0.0588235 0 0 0 0 0 0 

608 592 425 53 0 0.540541 0 0 0 0 0 0 0 0 0 0 0 0 0 0 0 0 0 0 0 0 0.0555556 0.166667 0.222222 0.222222 0.222222 0.111111 0 0 0 0 0 0 0 

544 519 378 53 0 0.61657 0 0 0 0 0 0 0 0 0 0 0 0 0 0 0 0 0 0 0 0 0.0625 0.125 0.1875 0.1875 0.1875 0.125 0.125 0 0 0 0 0 0 

576 557 409 53 0 0.574506 0 0 0 0 0 0 0 0 0 0 0 0 0 0 0 0 0 0 0 0.0588235 0 0.117647 0.176471 0.0588235 0.294118 0.235294 0.0588235 0 0 0 0 0 0 

640 620 447 53 0 0.516129 0 0 0 0 0 0 0 0 0 0 0 0 0 0 0 0 0 0 0 0 0 0.157895 0.263158 0.210526 0.263158 0.105263 0 0 0 0 0 0 0 

608 598 426 53 0 0.535117 0 0 0 0 0 0 0 0 0 0 0 0 0 0 0 0 0 0.0555556 0 0.0555556 0.0555556 0.166667 0.111111 0.166667 0.222222 0.111111 0.0555556 0 0 0 0 0 0 

576 554 407 53 0 0.577617 0 0 0 0 0 0 0 0 0 0 0 0 0 0 0 0 0 0 0 0 0.0588235 0.0588235 0.117647 0.294118 0.235294 0.176471 0.0588235 0 0 0 0 0 0 

544 525 392 53 0 0.609524 0 0 0 0 0 0 0 0 0 0 0 0 0 0 0 0 0 0 0 0.0625 0 0.0625 0.1875 0.125 0.1875 0.1875 0.0625 0.125 0 0 0 0 0 

576 559 412 53 0 0.572451 0 0 0 0 0 0 0 0 0 0 0 0 0 0 0 0 0 0 0 0 0 0.117647 0.0588235 0.411765 0.235294 0.117647 0.0588235 0 0 0 0 0 0 

544 523 387 53 0 0.611855 0 0 0 0 0 0 0 0 0 0 0 0 0 0 0 0 0 0 0 0 0 0 0.1875 0.3125 0.3125 0.1875 0 0 0 0 0 0 0 

544 528 384 53 0 0.606061 0 0 0 0 0 0 0 0 0 0 0 0 0 0 0 0 0 0 0 0 0.0625 0 0.3125 0.375 0.0625 0.125 0.0625 0 0 0 0 0 0 

544 522 396 53 0 0.613027 0 0 0 0 0 0 0 0 0 0 0 0 0 0 0 0 0 0 0 0 0 0 0.0625 0.1875 0.375 0.3125 0.0625 0 0 0 0 0 0 

576 549 410 53 0 0.582878 0 0 0 0 0 0 0 0 0 0 0 0 0 0 0 0 0 0 0 0 0 0.0588235 0.117647 0.176471 0.235294 0.411765 0 0 0 0 0 0 0 

544 525 391 53 0 0.609524 0 0 0 0 0 0 0 0 0 0 0 0 0 0 0 0 0 0 0 0.0625 0 0.125 0.125 0.0625 0.3125 0.125 0.0625 0.125 0 0 0 0 0 

608 589 431 53 0 0.543294 0 0 0 0 0 0 0 0 0 0 0 0 0 0 0 0 0 0 0 0 0 0.0555556 0.222222 0.5 0.0555556 0.0555556 0.0555556 0.0555556 0 0 0 0 0 

576 562 406 53 0 0.569395 0 0 0 0 0 0 0 0 0 0 0 0 0 0 0 0 0 0 0 0 0 0.176471 0.352941 0.176471 0.117647 0.117647 0.0588235 0 0 0 0 0 0 

576 552 402 53 0 0.57971 0 0 0 0 0 0 0 0 0 0 0 0 0 0 0 0 0 0 0 0 0.0588235 0 0.411765 0.176471 0.117647 0.117647 0.0588235 0.0588235 0 0 0 0 0 

544 524 376 53 0 0.610687 0 0 0 0 0 0 0 0 0 0 0 0 0 0 0 0 0 0.0625 0.0625 0 0.0625 0.125 0 0.125 0.3125 0.1875 0.0625 0 0 0 0 0 0 

576 555 404 53 0 0.576577 0 0 0 0 0 0 0 0 0 0 0 0 0 0 0 0 0 0 0 0 0 0.117647 0.117647 0.411765 0.235294 0.117647 0 0 0 0 0 0 0 

544 520 373 53 0 0.615385 0 0 0 0 0 0 0 0 0 0 0 0 0 0 0 0 0 0 0 0 0.0625 0.25 0.0625 0.1875 0.375 0 0.0625 0 0 0 0 0 0 

576 547 391 53 0 0.585009 0 0 0 0 0 0 0 0 0 0 0 0 0 0 0 0 0 0 0 0.0588235 0.176471 0.0588235 0.117647 0.176471 0.117647 0.235294 0 0.0588235 0 0 0 0 0 

640 617 450 53 0 0.518639 0 0 0 0 0 0 0 0 0 0 0 0 0 0 0 0 0 0 0 0 0.0526316 0.105263 0.263158 0.210526 0.105263 0.105263 0.105263 0.0526316 0 0 0 0 0 

608 593 437 53 0 0.539629 0 0 0 0 0 0 0 0 0 0 0 0 0 0 0 0 0 0 0 0 0.111111 0.111111 0.0555556 0.166667 0.222222 0.277778 0.0555556 0 0 0 0 0 0 

640 619 444 53 0 0.516963 0 0 0 0 0 0 0 0 0 0 0 0 0 0 0 0 0 0 0.0526316 0 0 0.210526 0.263158 0.0526316 0.157895 0.210526 0.0526316 0 0 0 0 0 0 

480 466 340 53 0 0.686695 0 0 0 0 0 0 0 0 0 0 0 0 0 0 0 0 0 0 0 0.0714286 0 0.214286 0.0714286 0.214286 0.142857 0.214286 0.0714286 0 0 0 0 0 0 

544 530 396 53 0 0.603774 0 0 0 0 0 0 0 0 0 0 0 0 0 0 0 0 0 0 0 0 0 0.0625 0.125 0.3125 0.25 0.125 0.125 0 0 0 0 0 0 

576 555 404 53 0 0.576577 0 0 0 0 0 0 0 0 0 0 0 0 0 0 0 0 0 0 0 0 0.0588235 0.0588235 0.235294 0.235294 0.176471 0.235294 0 0 0 0 0 0 0 

544 532 391 53 0 0.601504 0 0 0 0 0 0 0 0 0 0 0 0 0 0 0 0 0 0 0 0.0625 0 0.1875 0 0.125 0.4375 0.1875 0 0 0 0 0 0 0 

608 585 430 53 0 0.547009 0 0 0 0 0 0 0 0 0 0 0 0 0 0 0 0 0 0 0 0.0555556 0 0.0555556 0.277778 0.111111 0.166667 0.222222 0.0555556 0.0555556 0 0 0 0 0 

448 437 321 53 0 0.732265 0 0 0 0 0 0 0 0 0 0 0 0 0 0 0 0 0 0 0 0 0.153846 0 0.230769 0.153846 0.307692 0 0.153846 0 0 0 0 0 0 

608 585 439 53 0 0.547009 0 0 0 0 0 0 0 0 0 0 0 0 0 0 0 0 0 0 0 0 0 0.166667 0.0555556 0.166667 0.277778 0.111111 0.111111 0.111111 0 0 0 0 0 

608 595 424 53 0 0.537815 0 0 0 0 0 0 0 0 0 0 0 0 0 0 0 0 0 0 0 0.111111 0 0.166667 0.166667 0.277778 0.166667 0.0555556 0.0555556 0 0 0 0 0 0 

544 525 383 53 0 0.609524 0 0 0 0 0 0 0 0 0 0 0 0 0 0 0 0 0 0 0 0 0.125 0.0625 0.1875 0.1875 0.1875 0.1875 0 0.0625 0 0 0 0 0 

608 590 423 53 0 0.542373 0 0 0 0 0 0 0 0 0 0 0 0 0 0 0 0 0 0 0 0 0.111111 0.166667 0.222222 0.111111 0.222222 0.111111 0.0555556 0 0 0 0 0 0 

576 551 409 53 0 0.580762 0 0 0 0 0 0 0 0 0 0 0 0 0 0 0 0 0 0 0 0 0.0588235 0.117647 0 0.235294 0.235294 0.235294 0.117647 0 0 0 0 0 0 

512 491 359 53 0 0.651731 0 0 0 0 0 0 0 0 0 0 0 0 0 0 0 0 0 0 0 0 0.133333 0 0.2 0.2 0.2 0.2 0.0666667 0 0 0 0 0 0 

544 531 384 53 0 0.602637 0 0 0 0 0 0 0 0 0 0 0 0 0 0 0 0 0 0 0 0 0.0625 0.1875 0.125 0.25 0.3125 0 0.0625 0 0 0 0 0 0 

576 552 401 53 0 0.57971 0 0 0 0 0 0 0 0 0 0 0 0 0 0 0 0 0 0 0 0.0588235 0.0588235 0.176471 0.0588235 0.235294 0.0588235 0.176471 0.176471 0 0 0 0 0 0 

576 555 408 53 0 0.576577 0 0 0 0 0 0 0 0 0 0 0 0 0 0 0 0 0 0 0 0 0.0588235 0.176471 0.117647 0.117647 0.235294 0.176471 0.0588235 0.0588235 0 0 0 0 0 

576 566 414 53 0 0.565371 0 0 0 0 0 0 0 0 0 0 0 0 0 0 0 0 0 0 0 0 0.117647 0.117647 0.117647 0.176471 0.294118 0.117647 0 0.0588235 0 0 0 0 0 

608 588 440 53 0 0.544218 0 0 0 0 0 0 0 0 0 0 0 0 0 0 0 0 0 0 0 0 0 0.111111 0.111111 0.222222 0.222222 0.166667 0.111111 0.0555556 0 0 0 0 0 

576 557 414 53 0 0.574506 0 0 0 0 0 0 0 0 0 0 0 0 0 0 0 0 0 0 0 0 0 0 0.235294 0.294118 0.235294 0.117647 0.117647 0 0 0 0 0 0 

576 548 408 53 0 0.583942 0 0 0 0 0 0 0 0 0 0 0 0 0 0 0 0 0 0 0 0 0.0588235 0 0.117647 0.235294 0.294118 0.176471 0.0588235 0.0588235 0 0 0 0 0 

608 590 419 53 0 0.542373 0 0 0 0 0 0 0 0 0 0 0 0 0 0 0 0 0 0 0.0555556 0 0.0555556 0.111111 0.166667 0.333333 0.222222 0.0555556 0 0 0 0 0 0 0 

576 563 419 53 0 0.568384 0 0 0 0 0 0 0 0 0 0 0 0 0 0 0 0 0 0 0 0 0 0.0588235 0.117647 0.294118 0.352941 0.117647 0.0588235 0 0 0 0 0 0 

736 713 525 53 0 0.448808 0 0 0 0 0 0 0 0 0 0 0 0 0 0 0 0 0 0 0 0 0.0454545 0.0909091 0.227273 0.0909091 0.227273 0.181818 0.136364 0 0 0 0 0 0 

544 534 381 53 0 0.599251 0 0 0 0 0 0 0 0 0 0 0 0 0 0 0 0 0 0 0 0.125 0.125 0.125 0.0625 0.1875 0.1875 0.125 0.0625 0 0 0 0 0 0 

576 547 396 53 0 0.585009 0 0 0 0 0 0 0 0 0 0 0 0 0 0 0 0 0 0 0 0 0.117647 0.0588235 0 0.352941 0.352941 0.117647 0 0 0 0 0 0 0 

608 584 414 53 0 0.547945 0 0 0 0 0 0 0 0 0 0 0 0 0 0 0 0 0 0 0 0 0.0555556 0.166667 0.277778 0.277778 0.166667 0 0.0555556 0 0 0 0 0 0 

512 492 356 53 0 0.650406 0 0 0 0 0 0 0 0 0 0 0 0 0 0 0 0 0 0 0 0 0.0666667 0.133333 0.0666667 0.466667 0.133333 0.0666667 0.0666667 0 0 0 0 0 0 

736 717 521 53 0 0.446304 0 0 0 0 0 0 0 0 0 0 0 0 0 0 0 0 0 0 0 0 0.0909091 0.0454545 0.181818 0.272727 0.227273 0.136364 0.0454545 0 0 0 0 0 0 

544 514 370 53 0 0.622568 0 0 0 0 0 0 0 0 0 0 0 0 0 0 0 0 0 0 0 0 0 0.125 0.375 0.125 0.125 0.25 0 0 0 0 0 0 0 

608 582 432 53 0 0.549828 0 0 0 0 0 0 0 0 0 0 0 0 0 0 0 0 0 0 0 0 0 0.0555556 0.111111 0.444444 0.111111 0.0555556 0.222222 0 0 0 0 0 0 

448 434 321 53 0 0.737327 0 0 0 0 0 0 0 0 0 0 0 0 0 0 0 0 0 0 0 0 0 0.0769231 0.384615 0.0769231 0.153846 0.230769 0.0769231 0 0 0 0 0 0 

608 582 412 53 0 0.549828 0 0 0 0 0 0 0 0 0 0 0 0 0 0 0 0 0 0 0 0 0.111111 0.166667 0.222222 0.111111 0.333333 0.0555556 0 0 0 0 0 0 0 

576 556 406 53 0 0.57554 0 0 0 0 0 0 0 0 0 0 0 0 0 0 0 0 0 0 0 0 0.117647 0.0588235 0.117647 0.235294 0.235294 0.176471 0.0588235 0 0 0 0 0 0 

480 459 339 53 0 0.697168 0 0 0 0 0 0 0 0 0 0 0 0 0 0 0 0 0 0 0 0 0.0714286 0.0714286 0.142857 0.142857 0.214286 0.357143 0 0 0 0 0 0 0 

576 551 413 53 0 0.580762 0 0 0 0 0 0 0 0 0 0 0 0 0 0 0 0 0 0 0 0 0.0588235 0.0588235 0.0588235 0.235294 0.235294 0.117647 0.176471 0.0588235 0 0 0 0 0 

576 552 421 53 0 0.57971 0 0 0 0 0 0 0 0 0 0 0 0 0 0 0 0 0 0 0 0 0.0588235 0 0 0.176471 0.352941 0.176471 0.176471 0.0588235 0 0 0 0 0 

512 485 351 53 0 0.659794 0 0 0 0 0 0 0 0 0 0 0 0 0 0 0 0 0 0 0.0666667 0 0.0666667 0 0.2 0.2 0.266667 0.0666667 0.133333 0 0 0 0 0 0 

672 650 472 53 0 0.492308 0 0 0 0 0 0 0 0 0 0 0 0 0 0 0 0 0 0 0 0 0 0.15 0.2 0.25 0.2 0.2 0 0 0 0 0 0 0 

480 464 333 53 0 0.689655 0 0 0 0 0 0 0 0 0 0 0 0 0 0 0 0 0 0 0 0 0.0714286 0.0714286 0.357143 0.214286 0.214286 0.0714286 0 0 0 0 0 0 0 

544 525 384 53 0 0.609524 0 0 0 0 0 0 0 0 0 0 0 0 0 0 0 0 0 0 0 0 0.0625 0 0.1875 0.3125 0.375 0 0.0625 0 0 0 0 0 0 

480 459 332 53 0 0.697168 0 0 0 0 0 0 0 0 0 0 0 0 0 0 0 0 0 0 0 0 0.142857 0.0714286 0.214286 0.0714286 0.285714 0.214286 0 0 0 0 0 0 0 

608 586 424 53 0 0.546075 0 0 0 0 0 0 0 0 0 0 0 0 0 0 0 0 0 0 0 0 0.0555556 0.111111 0.277778 0.166667 0.166667 0.166667 0.0555556 0 0 0 0 0 0 

640 620 455 53 0 0.516129 0 0 0 0 0 0 0 0 0 0 0 0 0 0 0 0 0 0 0 0 0 0.105263 0.105263 0.421053 0.157895 0.157895 0.0526316 0 0 0 0 0 0 

512 504 367 53 0 0.634921 0 0 0 0 0 0 0 0 0 0 0 0 0 0 0 0 0 0 0 0 0.0666667 0.2 0.133333 0.2 0.2 0.2 0 0 0 0 0 0 0 

608 596 435 53 0 0.536913 0 0 0 0 0 0 0 0 0 0 0 0 0 0 0 0 0 0 0 0 0 0.0555556 0.333333 0.333333 0.111111 0.111111 0.0555556 0 0 0 0 0 0 

512 489 364 53 0 0.654397 0 0 0 0 0 0 0 0 0 0 0 0 0 0 0 0 0 0 0.0666667 0 0 0.0666667 0.133333 0.0666667 0.133333 0.466667 0.0666667 0 0 0 0 0 0 

576 560 403 53 0 0.571429 0 0 0 0 0 0 0 0 0 0 0 0 0 0 0 0 0 0 0 0 0 0.0588235 0.470588 0.176471 0.235294 0.0588235 0 0 0 0 0 0 0 

512 494 368 53 0 0.647773 0 0 0 0 0 0 0 0 0 0 0 0 0 0 0 0 0 0 0 0 0.0666667 0.0666667 0 0.2 0.466667 0.133333 0.0666667 0 0 0 0 0 0 

544 520 378 53 0 0.615385 0 0 0 0 0 0 0 0 0 0 0 0 0 0 0 0 0 0.0625 0 0.0625 0.0625 0 0.0625 0.1875 0.3125 0.125 0.0625 0.0625 0 0 0 0 0 

576 555 409 53 0 0.576577 0 0 0 0 0 0 0 0 0 0 0 0 0 0 0 0 0 0 0 0 0 0.0588235 0.235294 0.176471 0.352941 0.117647 0.0588235 0 0 0 0 0 0 

576 557 405 53 0 0.574506 0 0 0 0 0 0 0 0 0 0 0 0 0 0 0 0 0 0 0 0 0 0.117647 0.294118 0.235294 0.117647 0.235294 0 0 0 0 0 0 0 

608 583 429 53 0 0.548885 0 0 0 0 0 0 0 0 0 0 0 0 0 0 0 0 0 0 0 0.0555556 0 0 0.0555556 0.444444 0.222222 0.166667 0.0555556 0 0 0 0 0 0 

608 578 407 53 0 0.553633 0 0 0 0 0 0 0 0 0 0 0 0 0 0 0 0 0 0 0 0.0555556 0.222222 0.0555556 0.111111 0.277778 0.0555556 0.111111 0.111111 0 0 0 0 0 0 

608 600 438 53 0 0.533333 0 0 0 0 0 0 0 0 0 0 0 0 0 0 0 0 0 0 0 0 0.166667 0 0.166667 0.222222 0.222222 0.222222 0 0 0 0 0 0 0 

544 518 385 53 0 0.617761 0 0 0 0 0 0 0 0 0 0 0 0 0 0 0 0 0 0 0 0 0 0 0.1875 0.25 0.3125 0.1875 0.0625 0 0 0 0 0 0 

544 527 386 53 0 0.607211 0 0 0 0 0 0 0 0 0 0 0 0 0 0 0 0 0 0 0 0.0625 0 0.125 0.125 0.25 0.125 0.25 0.0625 0 0 0 0 0 0 

544 523 379 53 0 0.611855 0 0 0 0 0 0 0 0 0 0 0 0 0 0 0 0 0 0 0 0 0 0.1875 0.25 0.1875 0.125 0.25 0 0 0 0 0 0 0 

576 552 405 53 0 0.57971 0 0 0 0 0 0 0 0 0 0 0 0 0 0 0 0 0 0 0 0 0 0.117647 0.117647 0.294118 0.235294 0.235294 0 0 0 0 0 0 0 

512 494 357 53 0 0.647773 0 0 0 0 0 0 0 0 0 0 0 0 0 0 0 0 0 0 0 0 0.0666667 0.333333 0 0.0666667 0.333333 0.2 0 0 0 0 0 0 0 

576 562 409 53 0 0.569395 0 0 0 0 0 0 0 0 0 0 0 0 0 0 0 0 0 0 0.0588235 0.0588235 0 0.0588235 0.0588235 0.235294 0.411765 0.0588235 0.0588235 0 0 0 0 0 0 

576 560 413 53 0 0.571429 0 0 0 0 0 0 0 0 0 0 0 0 0 0 0 0 0 0 0 0 0 0.0588235 0.176471 0.294118 0.294118 0.176471 0 0 0 0 0 0 0 

544 519 385 53 0 0.61657 0 0 0 0 0 0 0 0 0 0 0 0 0 0 0 0 0 0 0 0 0 0.1875 0.1875 0.1875 0.125 0.0625 0.125 0.0625 0.0625 0 0 0 0 

512 493 360 53 0 0.649087 0 0 0 0 0 0 0 0 0 0 0 0 0 0 0 0 0 0 0 0 0.0666667 0.0666667 0.2 0.266667 0.2 0.133333 0.0666667 0 0 0 0 0 0 

576 563 417 53 0 0.568384 0 0 0 0 0 0 0 0 0 0 0 0 0 0 0 0 0 0 0 0 0.0588235 0.0588235 0.117647 0.352941 0.117647 0.176471 0.117647 0 0 0 0 0 0 

608 593 412 53 0 0.539629 0 0 0 0 0 0 0 0 0 0 0 0 0 0 0 0 0 0 0 0 0.222222 0.166667 0.277778 0.222222 0 0.111111 0 0 0 0 0 0 0 

512 490 360 53 0 0.653061 0 0 0 0 0 0 0 0 0 0 0 0 0 0 0 0 0 0 0 0 0 0 0.266667 0.333333 0.266667 0.0666667 0.0666667 0 0 0 0 0 0 

640 618 441 53 0 0.517799 0 0 0 0 0 0 0 0 0 0 0 0 0 0 0 0 0 0 0.0526316 0.0526316 0.105263 0 0.157895 0.263158 0.157895 0.157895 0.0526316 0 0 0 0 0 0 

576 560 419 53 0 0.571429 0 0 0 0 0 0 0 0 0 0 0 0 0 0 0 0 0 0 0 0.0588235 0 0.0588235 0.0588235 0.352941 0.176471 0.117647 0.0588235 0.0588235 0.0588235 0 0 0 0 

544 516 375 53 0 0.620155 0 0 0 0 0 0 0 0 0 0 0 0 0 0 0 0 0 0 0 0.0625 0.0625 0.0625 0.125 0.125 0.3125 0.1875 0.0625 0 0 0 0 0 0 

576 563 415 53 0 0.568384 0 0 0 0 0 0 0 0 0 0 0 0 0 0 0 0 0 0 0 0.0588235 0 0.176471 0.235294 0.0588235 0.117647 0.176471 0.0588235 0.117647 0 0 0 0 0 

544 521 384 53 0 0.614203 0 0 0 0 0 0 0 0 0 0 0 0 0 0 0 0 0 0 0 0 0 0.0625 0.3125 0.25 0.1875 0 0.0625 0.125 0 0 0 0 0 

576 552 377 53 0 0.57971 0 0 0 0 0 0 0 0 0 0 0 0 0 0 0 0 0 0 0.117647 0.0588235 0.0588235 0.352941 0.117647 0 0.117647 0.117647 0.0588235 0 0 0 0 0 0 

576 554 405 53 0 0.577617 0 0 0 0 0 0 0 0 0 0 0 0 0 0 0 0 0 0.0588235 0 0 0 0.176471 0.0588235 0.0588235 0.470588 0.0588235 0.0588235 0.0588235 0 0 0 0 0 

544 520 379 53 0 0.615385 0 0 0 0 0 0 0 0 0 0 0 0 0 0 0 0 0 0 0 0 0.0625 0 0.25 0.25 0.25 0.1875 0 0 0 0 0 0 0 

704 691 500 53 0 0.463097 0 0 0 0 0 0 0 0 0 0 0 0 0 0 0 0 0 0 0.047619 0 0.190476 0 0.142857 0.238095 0.0952381 0.190476 0 0.0952381 0 0 0 0 0 

608 584 419 53 0 0.547945 0 0 0 0 0 0 0 0 0 0 0 0 0 0 0 0 0 0 0 0 0.111111 0.166667 0.0555556 0.277778 0.222222 0.166667 0 0 0 0 0 0 0 

608 587 431 53 0 0.545145 0 0 0 0 0 0 0 0 0 0 0 0 0 0 0 0 0 0 0 0 0 0.111111 0.0555556 0.388889 0.388889 0 0 0.0555556 0 0 0 0 0 

576 549 413 53 0 0.582878 0 0 0 0 0 0 0 0 0 0 0 0 0 0 0 0 0 0 0 0 0.0588235 0 0.117647 0.235294 0.176471 0.235294 0.0588235 0.117647 0 0 0 0 0 

480 466 341 53 0 0.686695 0 0 0 0 0 0 0 0 0 0 0 0 0 0 0 0 0 0 0 0 0.142857 0.0714286 0 0.285714 0.357143 0.142857 0 0 0 0 0 0 0 

544 530 397 53 0 0.603774 0 0 0 0 0 0 0 0 0 0 0 0 0 0 0 0 0 0 0 0.0625 0 0.125 0.125 0.0625 0.25 0.1875 0.125 0 0.0625 0 0 0 0 

576 558 404 53 0 0.573477 0 0 0 0 0 0 0 0 0 0 0 0 0 0 0 0 0 0 0 0 0 0.176471 0.176471 0.411765 0.0588235 0.117647 0.0588235 0 0 0 0 0 0 

576 553 411 53 0 0.578662 0 0 0 0 0 0 0 0 0 0 0 0 0 0 0 0 0 0 0 0 0 0 0.176471 0.176471 0.470588 0.176471 0 0 0 0 0 0 0 

512 497 374 53 0 0.643863 0 0 0 0 0 0 0 0 0 0 0 0 0 0 0 0 0 0 0 0.0666667 0 0.0666667 0.133333 0 0.266667 0.333333 0.133333 0 0 0 0 0 0 

544 528 389 53 0 0.606061 0 0 0 0 0 0 0 0 0 0 0 0 0 0 0 0 0 0 0 0 0 0.0625 0.1875 0.4375 0.125 0.0625 0.125 0 0 0 0 0 0 

544 522 381 53 0 0.613027 0 0 0 0 0 0 0 0 0 0 0 0 0 0 0 0 0 0 0 0 0 0.125 0.1875 0.3125 0.1875 0.125 0.0625 0 0 0 0 0 0 

480 471 353 53 0 0.679406 0 0 0 0 0 0 0 0 0 0 0 0 0 0 0 0 0 0 0 0 0 0.142857 0.142857 0.214286 0.142857 0.214286 0.142857 0 0 0 0 0 0 

480 468 352 53 0 0.683761 0 0 0 0 0 0 0 0 0 0 0 0 0 0 0 0 0 0 0 0 0.0714286 0.0714286 0.0714286 0.142857 0.285714 0.214286 0.142857 0 0 0 0 0 0 

544 519 373 53 0 0.61657 0 0 0 0 0 0 0 0 0 0 0 0 0 0 0 0 0 0 0 0 0.0625 0.0625 0.1875 0.3125 0.375 0 0 0 0 0 0 0 0 

608 585 434 53 0 0.547009 0 0 0 0 0 0 0 0 0 0 0 0 0 0 0 0 0 0 0 0 0 0.111111 0.111111 0.277778 0.166667 0.222222 0.111111 0 0 0 0 0 0 

608 583 418 53 0 0.548885 0 0 0 0 0 0 0 0 0 0 0 0 0 0 0 0 0 0 0 0 0.0555556 0.166667 0.277778 0.166667 0.166667 0.0555556 0.111111 0 0 0 0 0 0 

736 724 511 53 0 0.441989 0 0 0 0 0 0 0 0 0 0 0 0 0 0 0 0 0 0.0454545 0 0 0.136364 0.181818 0.0909091 0.227273 0.181818 0.136364 0 0 0 0 0 0 0 

544 528 390 53 0 0.606061 0 0 0 0 0 0 0 0 0 0 0 0 0 0 0 0 0 0 0 0 0 0 0.1875 0.375 0.3125 0.125 0 0 0 0 0 0 0 

512 490 368 53 0 0.653061 0 0 0 0 0 0 0 0 0 0 0 0 0 0 0 0 0 0 0 0 0 0.133333 0 0.266667 0.2 0.266667 0.133333 0 0 0 0 0 0 

640 627 445 53 0 0.510367 0 0 0 0 0 0 0 0 0 0 0 0 0 0 0 0 0 0 0 0.105263 0 0.210526 0.157895 0.157895 0.315789 0.0526316 0 0 0 0 0 0 0 

544 532 412 53 0 0.601504 0 0 0 0 0 0 0 0 0 0 0 0 0 0 0 0 0 0 0 0 0 0 0.0625 0.25 0.1875 0.25 0.1875 0 0.0625 0 0 0 0 

576 560 414 53 0 0.571429 0 0 0 0 0 0 0 0 0 0 0 0 0 0 0 0 0 0 0 0 0 0.117647 0.0588235 0.352941 0.235294 0.235294 0 0 0 0 0 0 0 

608 590 420 53 0 0.542373 0 0 0 0 0 0 0 0 0 0 0 0 0 0 0 0 0 0 0.111111 0 0.0555556 0.111111 0.0555556 0.333333 0.166667 0.111111 0.0555556 0 0 0 0 0 0 

608 593 445 53 0 0.539629 0 0 0 0 0 0 0 0 0 0 0 0 0 0 0 0 0 0 0 0 0.0555556 0 0.111111 0.222222 0.222222 0.333333 0.0555556 0 0 0 0 0 0 

576 557 402 53 0 0.574506 0 0 0 0 0 0 0 0 0 0 0 0 0 0 0 0 0 0 0 0.0588235 0 0.117647 0.117647 0.411765 0.117647 0.176471 0 0 0 0 0 0 0 

576 558 404 53 0 0.573477 0 0 0 0 0 0 0 0 0 0 0 0 0 0 0 0 0 0 0 0.0588235 0 0.0588235 0.294118 0.176471 0.294118 0.0588235 0.0588235 0 0 0 0 0 0 

544 526 377 53 0 0.608365 0 0 0 0 0 0 0 0 0 0 0 0 0 0 0 0 0 0 0 0.0625 0.0625 0.0625 0.1875 0.3125 0.1875 0.125 0 0 0 0 0 0 0 

544 521 377 53 0 0.614203 0 0 0 0 0 0 0 0 0 0 0 0 0 0 0 0 0 0 0 0 0.0625 0.125 0.1875 0.125 0.4375 0 0.0625 0 0 0 0 0 0 

672 651 469 53 0 0.491551 0 0 0 0 0 0 0 0 0 0 0 0 0 0 0 0 0 0 0 0 0.1 0.05 0.25 0.25 0.2 0.1 0.05 0 0 0 0 0 0 

608 589 444 53 0 0.543294 0 0 0 0 0 0 0 0 0 0 0 0 0 0 0 0 0 0 0 0 0.0555556 0.0555556 0.111111 0.166667 0.0555556 0.444444 0.0555556 0.0555556 0 0 0 0 0 

512 493 367 53 0 0.649087 0 0 0 0 0 0 0 0 0 0 0 0 0 0 0 0 0 0 0 0 0 0.0666667 0.2 0.266667 0.133333 0.2 0.133333 0 0 0 0 0 0 

544 530 393 53 0 0.603774 0 0 0 0 0 0 0 0 0 0 0 0 0 0 0 0 0 0 0 0 0 0.125 0.125 0.1875 0.3125 0.25 0 0 0 0 0 0 0 

544 532 387 53 0 0.601504 0 0 0 0 0 0 0 0 0 0 0 0 0 0 0 0 0 0 0.0625 0 0 0.0625 0.125 0.375 0.3125 0 0.0625 0 0 0 0 0 0 

480 465 343 53 0 0.688172 0 0 0 0 0 0 0 0 0 0 0 0 0 0 0 0 0 0 0 0 0 0.142857 0.142857 0.142857 0.5 0 0.0714286 0 0 0 0 0 0 

576 559 412 53 0 0.572451 0 0 0 0 0 0 0 0 0 0 0 0 0 0 0 0 0 0 0 0 0.0588235 0.117647 0.117647 0.235294 0.117647 0.294118 0.0588235 0 0 0 0 0 0 

480 452 322 53 0 0.707965 0 0 0 0 0 0 0 0 0 0 0 0 0 0 0 0 0 0 0 0 0.214286 0.0714286 0.0714286 0.357143 0.142857 0 0.142857 0 0 0 0 0 0 

512 489 371 53 0 0.654397 0 0 0 0 0 0 0 0 0 0 0 0 0 0 0 0 0 0 0 0 0.0666667 0 0 0.266667 0.133333 0.4 0.133333 0 0 0 0 0 0 

608 579 428 53 0 0.552677 0 0 0 0 0 0 0 0 0 0 0 0 0 0 0 0 0 0 0 0 0 0.0555556 0.166667 0.222222 0.277778 0.222222 0.0555556 0 0 0 0 0 0 

576 555 408 53 0 0.576577 0 0 0 0 0 0 0 0 0 0 0 0 0 0 0 0 0 0 0 0.117647 0 0 0.235294 0.117647 0.176471 0.235294 0.0588235 0.0588235 0 0 0 0 0 

544 531 392 53 0 0.602637 0 0 0 0 0 0 0 0 0 0 0 0 0 0 0 0 0 0 0 0 0 0.0625 0.1875 0.3125 0.3125 0.0625 0.0625 0 0 0 0 0 0 

544 525 400 53 0 0.609524 0 0 0 0 0 0 0 0 0 0 0 0 0 0 0 0 0 0 0 0 0 0 0.125 0.1875 0.3125 0.125 0.25 0 0 0 0 0 0 

544 527 372 53 0 0.607211 0 0 0 0 0 0 0 0 0 0 0 0 0 0 0 0 0 0 0.0625 0.0625 0 0.125 0.125 0.4375 0.125 0.0625 0 0 0 0 0 0 0 

544 527 383 53 0 0.607211 0 0 0 0 0 0 0 0 0 0 0 0 0 0 0 0 0 0 0 0 0 0.0625 0.25 0.4375 0.125 0.125 0 0 0 0 0 0 0 

608 594 435 53 0 0.538721 0 0 0 0 0 0 0 0 0 0 0 0 0 0 0 0 0 0 0 0.111111 0 0 0.222222 0.166667 0.222222 0.222222 0.0555556 0 0 0 0 0 0 

640 625 458 53 0 0.512 0 0 0 0 0 0 0 0 0 0 0 0 0 0 0 0 0 0 0 0 0 0.105263 0.157895 0.315789 0.263158 0.157895 0 0 0 0 0 0 0 

576 550 405 53 0 0.581818 0 0 0 0 0 0 0 0 0 0 0 0 0 0 0 0 0 0 0 0 0 0.0588235 0.0588235 0.529412 0.117647 0.176471 0.0588235 0 0 0 0 0 0 

704 682 501 53 0 0.469208 0 0 0 0 0 0 0 0 0 0 0 0 0 0 0 0 0 0 0 0 0 0.142857 0.142857 0.190476 0.333333 0.0952381 0.0952381 0 0 0 0 0 0 

480 458 345 53 0 0.69869 0 0 0 0 0 0 0 0 0 0 0 0 0 0 0 0 0 0 0 0 0.0714286 0 0.0714286 0.214286 0.214286 0.285714 0.142857 0 0 0 0 0 0 

544 523 374 53 0 0.611855 0 0 0 0 0 0 0 0 0 0 0 0 0 0 0 0 0 0 0 0.0625 0 0.25 0.1875 0.125 0.125 0.25 0 0 0 0 0 0 0 

544 516 372 53 0 0.620155 0 0 0 0 0 0 0 0 0 0 0 0 0 0 0 0 0 0 0 0.0625 0.0625 0 0.375 0 0.25 0.1875 0.0625 0 0 0 0 0 0 

544 534 388 53 0 0.599251 0 0 0 0 0 0 0 0 0 0 0 0 0 0 0 0 0 0 0 0 0.0625 0.125 0.0625 0.5625 0.125 0 0 0.0625 0 0 0 0 0 

576 548 391 53 0 0.583942 0 0 0 0 0 0 0 0 0 0 0 0 0 0 0 0 0 0 0 0 0.0588235 0.117647 0.352941 0.235294 0.0588235 0.0588235 0.117647 0 0 0 0 0 0 

576 551 402 53 0 0.580762 0 0 0 0 0 0 0 0 0 0 0 0 0 0 0 0 0 0 0 0 0 0.117647 0.0588235 0.470588 0.176471 0.176471 0 0 0 0 0 0 0 

576 565 408 53 0 0.566372 0 0 0 0 0 0 0 0 0 0 0 0 0 0 0 0 0 0 0 0.117647 0.0588235 0.235294 0.0588235 0.0588235 0.176471 0.176471 0.0588235 0.0588235 0 0 0 0 0 

640 624 472 53 0 0.512821 0 0 0 0 0 0 0 0 0 0 0 0 0 0 0 0 0 0 0 0 0 0.105263 0.0526316 0.105263 0.368421 0.210526 0.157895 0 0 0 0 0 0 

480 459 335 53 0 0.697168 0 0 0 0 0 0 0 0 0 0 0 0 0 0 0 0 0 0 0 0.0714286 0 0.142857 0.0714286 0.214286 0.285714 0.142857 0.0714286 0 0 0 0 0 0 

576 555 409 53 0 0.576577 0 0 0 0 0 0 0 0 0 0 0 0 0 0 0 0 0 0 0 0 0.117647 0.0588235 0.0588235 0.294118 0.235294 0.0588235 0.117647 0.0588235 0 0 0 0 0 

480 468 347 53 0 0.683761 0 0 0 0 0 0 0 0 0 0 0 0 0 0 0 0 0 0 0 0.0714286 0 0.0714286 0 0.357143 0.214286 0.285714 0 0 0 0 0 0 0 

576 564 413 53 0 0.567376 0 0 0 0 0 0 0 0 0 0 0 0 0 0 0 0 0 0 0 0 0.117647 0 0.235294 0.176471 0.235294 0.235294 0 0 0 0 0 0 0 

544 529 391 53 0 0.604915 0 0 0 0 0 0 0 0 0 0 0 0 0 0 0 0 0 0 0.0625 0 0 0.125 0.0625 0.1875 0.25 0.1875 0.125 0 0 0 0 0 0 

608 589 431 53 0 0.543294 0 0 0 0 0 0 0 0 0 0 0 0 0 0 0 0 0 0 0 0.0555556 0 0 0.166667 0.388889 0.222222 0.111111 0.0555556 0 0 0 0 0 0 

576 560 409 53 0 0.571429 0 0 0 0 0 0 0 0 0 0 0 0 0 0 0 0 0 0 0 0.0588235 0.0588235 0.176471 0 0.235294 0.176471 0.235294 0 0.0588235 0 0 0 0 0 

480 462 341 53 0 0.692641 0 0 0 0 0 0 0 0 0 0 0 0 0 0 0 0 0 0 0 0 0.0714286 0 0.214286 0.142857 0.5 0 0 0.0714286 0 0 0 0 0 

640 622 439 53 0 0.514469 0 0 0 0 0 0 0 0 0 0 0 0 0 0 0 0 0 0 0 0.0526316 0.157895 0.210526 0.105263 0.210526 0.105263 0.0526316 0.0526316 0.0526316 0 0 0 0 0 

544 515 367 53 0 0.621359 0 0 0 0 0 0 0 0 0 0 0 0 0 0 0 0 0 0 0 0.0625 0.0625 0.0625 0.1875 0.3125 0.125 0.1875 0 0 0 0 0 0 0 

544 528 389 53 0 0.606061 0 0 0 0 0 0 0 0 0 0 0 0 0 0 0 0 0 0 0 0.0625 0.125 0.0625 0.0625 0.0625 0.1875 0.375 0.0625 0 0 0 0 0 0 

480 470 344 53 0 0.680851 0 0 0 0 0 0 0 0 0 0 0 0 0 0 0 0 0.0714286 0 0 0 0.0714286 0 0 0.357143 0.285714 0.214286 0 0 0 0 0 0 0 

672 654 473 53 0 0.489297 0 0 0 0 0 0 0 0 0 0 0 0 0 0 0 0 0 0 0 0 0 0.1 0.2 0.45 0.15 0.1 0 0 0 0 0 0 0 

608 588 430 53 0 0.544218 0 0 0 0 0 0 0 0 0 0 0 0 0 0 0 0 0 0 0 0.0555556 0 0.111111 0.166667 0.111111 0.333333 0.166667 0.0555556 0 0 0 0 0 0 

512 495 361 53 0 0.646465 0 0 0 0 0 0 0 0 0 0 0 0 0 0 0 0 0 0 0 0.0666667 0.133333 0.0666667 0.133333 0.0666667 0.266667 0.0666667 0.2 0 0 0 0 0 0 

608 594 422 53 0 0.538721 0 0 0 0 0 0 0 0 0 0 0 0 0 0 0 0 0 0 0 0 0.0555556 0.111111 0.388889 0.222222 0.222222 0 0 0 0 0 0 0 0 

576 548 395 53 0 0.583942 0 0 0 0 0 0 0 0 0 0 0 0 0 0 0 0 0 0 0 0 0.0588235 0 0.235294 0.352941 0.294118 0.0588235 0 0 0 0 0 0 0 

544 530 387 53 0 0.603774 0 0 0 0 0 0 0 0 0 0 0 0 0 0 0 0 0 0 0 0 0 0.25 0.1875 0.125 0.1875 0.1875 0.0625 0 0 0 0 0 0 

608 595 428 53 0 0.537815 0 0 0 0 0 0 0 0 0 0 0 0 0 0 0 0 0 0 0 0.0555556 0.0555556 0.333333 0.0555556 0.111111 0.166667 0.0555556 0.111111 0.0555556 0 0 0 0 0 

576 548 405 53 0 0.583942 0 0 0 0 0 0 0 0 0 0 0 0 0 0 0 0 0 0 0 0 0.0588235 0.0588235 0.0588235 0.352941 0.235294 0.117647 0.0588235 0 0.0588235 0 0 0 0 

448 433 321 53 0 0.73903 0 0 0 0 0 0 0 0 0 0 0 0 0 0 0 0 0 0 0 0 0.0769231 0 0.0769231 0.384615 0.230769 0.230769 0 0 0 0 0 0 0 

640 622 450 53 0 0.514469 0 0 0 0 0 0 0 0 0 0 0 0 0 0 0 0 0 0 0 0.105263 0 0.0526316 0.210526 0.263158 0.157895 0.105263 0.105263 0 0 0 0 0 0 

480 467 347 53 0 0.685225 0 0 0 0 0 0 0 0 0 0 0 0 0 0 0 0 0 0 0 0 0 0.142857 0.142857 0.285714 0 0.428571 0 0 0 0 0 0 0 

608 591 429 53 0 0.541455 0 0 0 0 0 0 0 0 0 0 0 0 0 0 0 0 0 0 0 0 0 0.111111 0.277778 0.333333 0.111111 0.111111 0.0555556 0 0 0 0 0 0 

448 429 327 53 0 0.745921 0 0 0 0 0 0 0 0 0 0 0 0 0 0 0 0 0 0 0 0 0 0.0769231 0.0769231 0.230769 0.307692 0 0.153846 0.153846 0 0 0 0 0 

544 526 383 53 0 0.608365 0 0 0 0 0 0 0 0 0 0 0 0 0 0 0 0 0 0 0 0.0625 0.125 0 0.0625 0.3125 0.125 0.3125 0 0 0 0 0 0 0 

800 783 569 53 0 0.408685 0 0 0 0 0 0 0 0 0 0 0 0 0 0 0 0 0 0 0 0.0416667 0.0416667 0.125 0.0833333 0.291667 0.208333 0.125 0.0833333 0 0 0 0 0 0 

544 529 394 53 0 0.604915 0 0 0 0 0 0 0 0 0 0 0 0 0 0 0 0 0 0 0 0 0 0.125 0.125 0.1875 0.3125 0.1875 0 0.0625 0 0 0 0 0 

512 495 370 53 0 0.646465 0 0 0 0 0 0 0 0 0 0 0 0 0 0 0 0 0 0 0 0 0 0 0.2 0.2 0.4 0.133333 0.0666667 0 0 0 0 0 0 

480 459 331 53 0 0.697168 0 0 0 0 0 0 0 0 0 0 0 0 0 0 0 0 0 0 0 0 0.0714286 0.214286 0.0714286 0.214286 0.285714 0.142857 0 0 0 0 0 0 0 

608 600 434 53 0 0.533333 0 0 0 0 0 0 0 0 0 0 0 0 0 0 0 0 0 0 0 0 0 0.333333 0.111111 0.111111 0.333333 0.111111 0 0 0 0 0 0 0 

608 593 423 53 0 0.539629 0 0 0 0 0 0 0 0 0 0 0 0 0 0 0 0 0 0 0.0555556 0 0.0555556 0.166667 0.166667 0.277778 0.0555556 0.222222 0 0 0 0 0 0 0 

640 620 447 53 0 0.516129 0 0 0 0 0 0 0 0 0 0 0 0 0 0 0 0 0 0 0 0.0526316 0.105263 0.157895 0 0.210526 0.210526 0.263158 0 0 0 0 0 0 0 

576 554 401 53 0 0.577617 0 0 0 0 0 0 0 0 0 0 0 0 0 0 0 0 0 0 0.0588235 0 0 0.176471 0.0588235 0.294118 0.176471 0.176471 0.0588235 0 0 0 0 0 0 

576 555 397 53 0 0.576577 0 0 0 0 0 0 0 0 0 0 0 0 0 0 0 0 0 0 0 0 0.117647 0.117647 0.0588235 0.411765 0.235294 0.0588235 0 0 0 0 0 0 0 

512 488 356 53 0 0.655738 0 0 0 0 0 0 0 0 0 0 0 0 0 0 0 0 0 0 0 0 0.0666667 0 0.266667 0.2 0.266667 0.2 0 0 0 0 0 0 0 

544 519 385 53 0 0.61657 0 0 0 0 0 0 0 0 0 0 0 0 0 0 0 0 0 0 0 0 0.0625 0.0625 0.125 0.125 0.3125 0.25 0 0.0625 0 0 0 0 0 

576 557 400 53 0 0.574506 0 0 0 0 0 0 0 0 0 0 0 0 0 0 0 0 0 0 0 0 0.117647 0.117647 0.176471 0.235294 0.235294 0.0588235 0.0588235 0 0 0 0 0 0 

576 552 410 53 0 0.57971 0 0 0 0 0 0 0 0 0 0 0 0 0 0 0 0 0 0 0 0.0588235 0 0.0588235 0.235294 0.117647 0.176471 0.117647 0.117647 0.117647 0 0 0 0 0 

576 556 409 53 0 0.57554 0 0 0 0 0 0 0 0 0 0 0 0 0 0 0 0 0 0 0 0 0 0 0.235294 0.411765 0.176471 0.117647 0.0588235 0 0 0 0 0 0 

608 599 445 53 0 0.534224 0 0 0 0 0 0 0 0 0 0 0 0 0 0 0 0 0 0 0 0 0 0.0555556 0.166667 0.333333 0.277778 0.111111 0 0.0555556 0 0 0 0 0 

512 489 369 53 0 0.654397 0 0 0 0 0 0 0 0 0 0 0 0 0 0 0 0 0 0 0 0 0 0.0666667 0.133333 0.133333 0.266667 0.2 0.2 0 0 0 0 0 0 

544 522 382 53 0 0.613027 0 0 0 0 0 0 0 0 0 0 0 0 0 0 0 0 0 0 0 0 0.125 0.125 0.0625 0.1875 0.3125 0.0625 0 0.125 0 0 0 0 0 

608 589 424 53 0 0.543294 0 0 0 0 0 0 0 0 0 0 0 0 0 0 0 0 0 0 0 0.0555556 0.0555556 0.166667 0.111111 0.222222 0.166667 0.166667 0.0555556 0 0 0 0 0 0 

512 503 378 53 0 0.636183 0 0 0 0 0 0 0 0 0 0 0 0 0 0 0 0 0 0 0 0 0 0.2 0 0.133333 0.333333 0.266667 0.0666667 0 0 0 0 0 0 

608 589 442 53 0 0.543294 0 0 0 0 0 0 0 0 0 0 0 0 0 0 0 0 0 0 0 0 0.0555556 0 0.166667 0.111111 0.277778 0.277778 0.111111 0 0 0 0 0 0 

576 552 406 53 0 0.57971 0 0 0 0 0 0 0 0 0 0 0 0 0 0 0 0 0 0 0 0.0588235 0 0 0.176471 0.352941 0.176471 0.117647 0.0588235 0.0588235 0 0 0 0 0 

608 589 436 53 0 0.543294 0 0 0 0 0 0 0 0 0 0 0 0 0 0 0 0 0 0 0 0 0 0.0555556 0.222222 0.111111 0.444444 0.111111 0.0555556 0 0 0 0 0 0 

544 526 383 53 0 0.608365 0 0 0 0 0 0 0 0 0 0 0 0 0 0 0 0 0 0 0 0 0.0625 0.0625 0.25 0.3125 0.0625 0.1875 0.0625 0 0 0 0 0 0 

480 463 346 53 0 0.691145 0 0 0 0 0 0 0 0 0 0 0 0 0 0 0 0 0 0 0 0 0 0 0.357143 0.214286 0.0714286 0.142857 0.214286 0 0 0 0 0 0 

672 653 470 53 0 0.490046 0 0 0 0 0 0 0 0 0 0 0 0 0 0 0 0 0 0.05 0 0 0.1 0.1 0.2 0.1 0.1 0.3 0.05 0 0 0 0 0 0 

736 721 508 53 0 0.443828 0 0 0 0 0 0 0 0 0 0 0 0 0 0 0 0 0 0.0454545 0 0.0454545 0.0454545 0.136364 0.227273 0.227273 0.181818 0.0454545 0.0454545 0 0 0 0 0 0 

512 486 362 53 0 0.658436 0 0 0 0 0 0 0 0 0 0 0 0 0 0 0 0 0 0 0.0666667 0 0 0 0.0666667 0.266667 0.2 0.266667 0.133333 0 0 0 0 0 0 

544 535 389 53 0 0.598131 0 0 0 0 0 0 0 0 0 0 0 0 0 0 0 0 0 0 0 0.0625 0 0.125 0.1875 0.125 0.4375 0.0625 0 0 0 0 0 0 0 

544 518 383 53 0 0.617761 0 0 0 0 0 0 0 0 0 0 0 0 0 0 0 0 0 0 0 0 0 0.125 0.125 0.25 0.1875 0.1875 0.125 0 0 0 0 0 0 

544 520 384 53 0 0.615385 0 0 0 0 0 0 0 0 0 0 0 0 0 0 0 0 0 0 0.0625 0 0.0625 0.0625 0.0625 0.1875 0.0625 0.375 0.125 0 0 0 0 0 0 

512 494 365 53 0 0.647773 0 0 0 0 0 0 0 0 0 0 0 0 0 0 0 0 0 0 0 0.0666667 0.133333 0 0.0666667 0.2 0.266667 0.0666667 0.0666667 0.133333 0 0 0 0 0 

544 523 396 53 0 0.611855 0 0 0 0 0 0 0 0 0 0 0 0 0 0 0 0 0 0 0 0 0 0.0625 0 0.1875 0.3125 0.4375 0 0 0 0 0 0 0 

512 487 360 53 0 0.657084 0 0 0 0 0 0 0 0 0 0 0 0 0 0 0 0 0 0 0 0 0.0666667 0.0666667 0.133333 0.133333 0.266667 0.266667 0.0666667 0 0 0 0 0 0 

672 655 481 53 0 0.48855 0 0 0 0 0 0 0 0 0 0 0 0 0 0 0 0 0 0 0 0 0 0.1 0.25 0.2 0.2 0.2 0.05 0 0 0 0 0 0 

608 591 443 53 0 0.541455 0 0 0 0 0 0 0 0 0 0 0 0 0 0 0 0 0 0 0 0 0.0555556 0 0.166667 0.222222 0.277778 0.111111 0.111111 0 0.0555556 0 0 0 0 

544 519 387 53 0 0.61657 0 0 0 0 0 0 0 0 0 0 0 0 0 0 0 0 0 0 0 0 0 0.125 0.125 0.125 0.1875 0.375 0.0625 0 0 0 0 0 0 

544 522 384 53 0 0.613027 0 0 0 0 0 0 0 0 0 0 0 0 0 0 0 0 0 0 0 0 0 0.125 0.1875 0.125 0.3125 0.25 0 0 0 0 0 0 0 

576 548 411 53 0 0.583942 0 0 0 0 0 0 0 0 0 0 0 0 0 0 0 0 0 0 0 0 0.0588235 0 0.0588235 0.176471 0.411765 0.117647 0.176471 0 0 0 0 0 0 

576 556 398 53 0 0.57554 0 0 0 0 0 0 0 0 0 0 0 0 0 0 0 0 0 0.0588235 0 0.0588235 0 0.176471 0.117647 0.117647 0.294118 0.0588235 0.117647 0 0 0 0 0 0 

576 555 401 53 0 0.576577 0 0 0 0 0 0 0 0 0 0 0 0 0 0 0 0 0 0 0 0.0588235 0 0.235294 0.176471 0.0588235 0.117647 0.352941 0 0 0 0 0 0 0 

544 529 388 53 0 0.604915 0 0 0 0 0 0 0 0 0 0 0 0 0 0 0 0 0 0 0 0 0 0.125 0.125 0.375 0.25 0.0625 0.0625 0 0 0 0 0 0 

576 553 408 53 0 0.578662 0 0 0 0 0 0 0 0 0 0 0 0 0 0 0 0 0 0 0 0 0.0588235 0.117647 0 0.294118 0.294118 0.117647 0.117647 0 0 0 0 0 0 

480 464 336 53 0 0.689655 0 0 0 0 0 0 0 0 0 0 0 0 0 0 0 0 0 0 0 0 0.214286 0.0714286 0.0714286 0.214286 0.285714 0 0.142857 0 0 0 0 0 0 

640 617 445 53 0 0.518639 0 0 0 0 0 0 0 0 0 0 0 0 0 0 0 0 0 0 0 0 0.0526316 0.0526316 0.210526 0.368421 0.210526 0.105263 0 0 0 0 0 0 0 

608 582 421 53 0 0.549828 0 0 0 0 0 0 0 0 0 0 0 0 0 0 0 0 0 0 0 0.0555556 0.111111 0.0555556 0.166667 0.0555556 0.222222 0.333333 0 0 0 0 0 0 0 

512 499 368 53 0 0.641283 0 0 0 0 0 0 0 0 0 0 0 0 0 0 0 0 0 0 0 0 0 0.133333 0.133333 0.333333 0.2 0.133333 0.0666667 0 0 0 0 0 0 

608 588 435 53 0 0.544218 0 0 0 0 0 0 0 0 0 0 0 0 0 0 0 0 0 0 0 0 0 0 0.222222 0.333333 0.222222 0.166667 0.0555556 0 0 0 0 0 0 

608 593 441 53 0 0.539629 0 0 0 0 0 0 0 0 0 0 0 0 0 0 0 0 0 0 0 0.0555556 0 0.0555556 0.111111 0.277778 0.166667 0.222222 0.0555556 0.0555556 0 0 0 0 0 

672 654 476 53 0 0.489297 0 0 0 0 0 0 0 0 0 0 0 0 0 0 0 0 0 0 0 0.05 0.05 0 0.25 0.25 0.2 0.1 0.1 0 0 0 0 0 0 

544 523 369 53 0 0.611855 0 0 0 0 0 0 0 0 0 0 0 0 0 0 0 0 0.0625 0 0 0.0625 0.0625 0.0625 0.0625 0.4375 0.125 0.0625 0.0625 0 0 0 0 0 0 

608 578 429 53 0 0.553633 0 0 0 0 0 0 0 0 0 0 0 0 0 0 0 0 0 0 0 0 0.0555556 0 0.111111 0.333333 0.166667 0.166667 0.166667 0 0 0 0 0 0 

544 520 383 53 0 0.615385 0 0 0 0 0 0 0 0 0 0 0 0 0 0 0 0 0 0 0 0 0.0625 0.0625 0.1875 0.25 0.125 0.125 0.1875 0 0 0 0 0 0 

512 501 379 53 0 0.638723 0 0 0 0 0 0 0 0 0 0 0 0 0 0 0 0 0 0 0 0 0 0.0666667 0.2 0.2 0.133333 0.2 0.133333 0.0666667 0 0 0 0 0 

608 592 432 53 0 0.540541 0 0 0 0 0 0 0 0 0 0 0 0 0 0 0 0 0 0 0 0 0.0555556 0.166667 0.222222 0.166667 0.0555556 0.222222 0.111111 0 0 0 0 0 0 

544 528 399 53 0 0.606061 0 0 0 0 0 0 0 0 0 0 0 0 0 0 0 0 0 0 0 0 0 0.0625 0.0625 0.1875 0.375 0.25 0 0.0625 0 0 0 0 0 

544 533 399 53 0 0.600375 0 0 0 0 0 0 0 0 0 0 0 0 0 0 0 0 0 0 0 0 0 0 0.1875 0.3125 0.1875 0.3125 0 0 0 0 0 0 0 

544 523 381 53 0 0.611855 0 0 0 0 0 0 0 0 0 0 0 0 0 0 0 0 0 0 0 0 0.0625 0.125 0.125 0.1875 0.3125 0.1875 0 0 0 0 0 0 0 

608 589 423 53 0 0.543294 0 0 0 0 0 0 0 0 0 0 0 0 0 0 0 0 0 0 0 0 0.111111 0 0.277778 0.277778 0.277778 0.0555556 0 0 0 0 0 0 0 

576 567 403 53 0 0.564374 0 0 0 0 0 0 0 0 0 0 0 0 0 0 0 0 0 0 0.0588235 0 0.117647 0.117647 0.235294 0.235294 0.117647 0 0.117647 0 0 0 0 0 0 

544 518 377 53 0 0.617761 0 0 0 0 0 0 0 0 0 0 0 0 0 0 0 0 0 0 0 0 0 0.0625 0.1875 0.3125 0.375 0.0625 0 0 0 0 0 0 0 

608 588 434 53 0 0.544218 0 0 0 0 0 0 0 0 0 0 0 0 0 0 0 0 0 0 0 0 0 0.111111 0.222222 0.111111 0.333333 0.111111 0.111111 0 0 0 0 0 0 

576 560 410 53 0 0.571429 0 0 0 0 0 0 0 0 0 0 0 0 0 0 0 0 0 0 0 0 0.0588235 0.117647 0.235294 0.117647 0.176471 0.235294 0.0588235 0 0 0 0 0 0 

544 517 373 53 0 0.618955 0 0 0 0 0 0 0 0 0 0 0 0 0 0 0 0 0 0 0 0 0.0625 0.125 0.1875 0.25 0.25 0.0625 0 0.0625 0 0 0 0 0 

608 591 422 53 0 0.541455 0 0 0 0 0 0 0 0 0 0 0 0 0 0 0 0 0 0 0 0 0.0555556 0.111111 0.222222 0.444444 0.111111 0.0555556 0 0 0 0 0 0 0 

480 462 345 53 0 0.692641 0 0 0 0 0 0 0 0 0 0 0 0 0 0 0 0 0 0 0 0 0 0.142857 0.142857 0.214286 0.142857 0.142857 0.214286 0 0 0 0 0 0 

512 492 365 53 0 0.650406 0 0 0 0 0 0 0 0 0 0 0 0 0 0 0 0 0 0 0 0 0.0666667 0 0.133333 0.333333 0.133333 0.266667 0.0666667 0 0 0 0 0 0 

608 586 426 53 0 0.546075 0 0 0 0 0 0 0 0 0 0 0 0 0 0 0 0 0 0.0555556 0 0.0555556 0.0555556 0.0555556 0.166667 0.0555556 0.111111 0.333333 0.111111 0 0 0 0 0 0 

544 530 395 53 0 0.603774 0 0 0 0 0 0 0 0 0 0 0 0 0 0 0 0 0 0 0 0 0.0625 0.0625 0.0625 0.25 0.25 0.25 0.0625 0 0 0 0 0 0 

512 495 361 53 0 0.646465 0 0 0 0 0 0 0 0 0 0 0 0 0 0 0 0 0 0 0 0 0.0666667 0.133333 0.133333 0.266667 0.266667 0.0666667 0 0.0666667 0 0 0 0 0 

480 463 339 53 0 0.691145 0 0 0 0 0 0 0 0 0 0 0 0 0 0 0 0 0 0 0 0.0714286 0 0.0714286 0.214286 0.0714286 0.5 0 0 0.0714286 0 0 0 0 0 

608 589 424 53 0 0.543294 0 0 0 0 0 0 0 0 0 0 0 0 0 0 0 0 0 0 0.0555556 0.0555556 0 0.0555556 0.111111 0.333333 0.333333 0 0 0.0555556 0 0 0 0 0 

544 522 382 53 0 0.613027 0 0 0 0 0 0 0 0 0 0 0 0 0 0 0 0 0 0 0 0 0 0.0625 0.1875 0.375 0.1875 0.1875 0 0 0 0 0 0 0 

576 548 408 53 0 0.583942 0 0 0 0 0 0 0 0 0 0 0 0 0 0 0 0 0 0 0 0 0 0.0588235 0.0588235 0.411765 0.294118 0 0.0588235 0.117647 0 0 0 0 0 

608 586 428 53 0 0.546075 0 0 0 0 0 0 0 0 0 0 0 0 0 0 0 0 0 0 0 0 0.0555556 0.166667 0.0555556 0.222222 0.222222 0.277778 0 0 0 0 0 0 0 

544 518 380 53 0 0.617761 0 0 0 0 0 0 0 0 0 0 0 0 0 0 0 0 0 0 0 0.0625 0 0.0625 0.125 0.25 0.25 0.125 0.125 0 0 0 0 0 0 

512 497 365 53 0 0.643863 0 0 0 0 0 0 0 0 0 0 0 0 0 0 0 0 0 0 0 0 0 0.0666667 0.266667 0.333333 0.133333 0.133333 0.0666667 0 0 0 0 0 0 

576 550 411 53 0 0.581818 0 0 0 0 0 0 0 0 0 0 0 0 0 0 0 0 0 0 0 0.0588235 0 0 0.117647 0.117647 0.235294 0.470588 0 0 0 0 0 0 0 

576 552 386 53 0 0.57971 0 0 0 0 0 0 0 0 0 0 0 0 0 0 0 0 0 0.0588235 0 0.0588235 0.0588235 0.117647 0.117647 0.294118 0.235294 0.0588235 0 0 0 0 0 0 0 

640 613 429 53 0 0.522023 0 0 0 0 0 0 0 0 0 0 0 0 0 0 0 0 0 0 0 0 0.210526 0.105263 0.210526 0.210526 0.157895 0.105263 0 0 0 0 0 0 0 

576 554 402 53 0 0.577617 0 0 0 0 0 0 0 0 0 0 0 0 0 0 0 0 0 0 0 0 0.117647 0.117647 0.117647 0.235294 0.117647 0.235294 0.0588235 0 0 0 0 0 0 

608 593 413 53 0 0.539629 0 0 0 0 0 0 0 0 0 0 0 0 0 0 0 0 0 0 0 0.111111 0.111111 0.222222 0.166667 0.166667 0.111111 0.0555556 0.0555556 0 0 0 0 0 0 

544 516 379 53 0 0.620155 0 0 0 0 0 0 0 0 0 0 0 0 0 0 0 0 0 0 0 0 0.0625 0 0.125 0.25 0.375 0.1875 0 0 0 0 0 0 0 

512 494 371 53 0 0.647773 0 0 0 0 0 0 0 0 0 0 0 0 0 0 0 0 0 0 0 0 0 0 0.2 0.4 0 0.2 0.2 0 0 0 0 0 0 

544 523 381 53 0 0.611855 0 0 0 0 0 0 0 0 0 0 0 0 0 0 0 0 0 0 0 0 0.1875 0.0625 0 0.3125 0.1875 0.1875 0 0.0625 0 0 0 0 0 

576 559 416 53 0 0.572451 0 0 0 0 0 0 0 0 0 0 0 0 0 0 0 0 0 0 0 0 0.0588235 0 0.176471 0.235294 0.352941 0 0.117647 0.0588235 0 0 0 0 0 

448 437 321 52 0 0.732265 0 0 0 0 0 0 0 0 0 0 0 0 0 0 0 0 0 0 0 0 0 0.0769231 0.230769 0.307692 0.307692 0.0769231 0 0 0 0 0 0 0 

640 624 462 53 0 0.512821 0 0 0 0 0 0 0 0 0 0 0 0 0 0 0 0 0 0 0 0 0 0.105263 0.105263 0.263158 0.368421 0.105263 0 0.0526316 0 0 0 0 0 

544 522 381 53 0 0.613027 0 0 0 0 0 0 0 0 0 0 0 0 0 0 0 0 0 0 0 0 0.0625 0.1875 0.0625 0.25 0.125 0.25 0.0625 0 0 0 0 0 0 

576 555 414 53 0 0.576577 0 0 0 0 0 0 0 0 0 0 0 0 0 0 0 0 0 0 0 0 0 0 0.117647 0.294118 0.470588 0.0588235 0 0.0588235 0 0 0 0 0 

480 462 343 53 0 0.692641 0 0 0 0 0 0 0 0 0 0 0 0 0 0 0 0 0 0 0 0 0.0714286 0 0.357143 0.142857 0 0.214286 0.214286 0 0 0 0 0 0 

672 653 485 53 0 0.490046 0 0 0 0 0 0 0 0 0 0 0 0 0 0 0 0 0 0 0 0 0 0.1 0.2 0.15 0.25 0.15 0.15 0 0 0 0 0 0 

544 529 388 53 0 0.604915 0 0 0 0 0 0 0 0 0 0 0 0 0 0 0 0 0 0 0 0 0.0625 0 0.25 0.3125 0.1875 0.125 0.0625 0 0 0 0 0 0 

544 528 381 53 0 0.606061 0 0 0 0 0 0 0 0 0 0 0 0 0 0 0 0 0 0 0 0 0 0.25 0.1875 0.25 0.1875 0.0625 0.0625 0 0 0 0 0 0 

544 518 373 53 0 0.617761 0 0 0 0 0 0 0 0 0 0 0 0 0 0 0 0 0 0 0 0.0625 0.125 0.0625 0.125 0.1875 0.25 0 0.1875 0 0 0 0 0 0 

544 522 382 53 0 0.613027 0 0 0 0 0 0 0 0 0 0 0 0 0 0 0 0 0 0 0 0.0625 0.0625 0.0625 0.3125 0.0625 0.0625 0.125 0.1875 0.0625 0 0 0 0 0 

608 585 423 53 0 0.547009 0 0 0 0 0 0 0 0 0 0 0 0 0 0 0 0 0 0 0 0.0555556 0.0555556 0.0555556 0.222222 0.166667 0.277778 0.0555556 0.111111 0 0 0 0 0 0 

576 552 399 53 0 0.57971 0 0 0 0 0 0 0 0 0 0 0 0 0 0 0 0 0 0 0 0.0588235 0.0588235 0 0.235294 0.235294 0.294118 0.0588235 0 0.0588235 0 0 0 0 0 

576 553 409 53 0 0.578662 0 0 0 0 0 0 0 0 0 0 0 0 0 0 0 0 0 0 0 0 0.0588235 0 0.117647 0.352941 0.176471 0.235294 0.0588235 0 0 0 0 0 0 

544 520 375 53 0 0.615385 0 0 0 0 0 0 0 0 0 0 0 0 0 0 0 0 0 0.0625 0.0625 0 0.0625 0 0.0625 0.25 0.1875 0.25 0.0625 0 0 0 0 0 0 

480 463 345 53 0 0.691145 0 0 0 0 0 0 0 0 0 0 0 0 0 0 0 0 0 0 0 0 0 0.142857 0.0714286 0.142857 0.357143 0.285714 0 0 0 0 0 0 0 

576 557 415 53 0 0.574506 0 0 0 0 0 0 0 0 0 0 0 0 0 0 0 0 0 0 0 0 0 0.176471 0 0.176471 0.352941 0.235294 0.0588235 0 0 0 0 0 0 

608 591 424 53 0 0.541455 0 0 0 0 0 0 0 0 0 0 0 0 0 0 0 0 0 0 0 0 0.0555556 0.222222 0.111111 0.333333 0.166667 0.0555556 0.0555556 0 0 0 0 0 0 

576 556 408 53 0 0.57554 0 0 0 0 0 0 0 0 0 0 0 0 0 0 0 0 0 0 0 0 0 0.235294 0.117647 0.176471 0.176471 0.176471 0.117647 0 0 0 0 0 0 

608 592 429 53 0 0.540541 0 0 0 0 0 0 0 0 0 0 0 0 0 0 0 0 0 0 0 0.0555556 0 0.111111 0.277778 0.111111 0.222222 0.222222 0 0 0 0 0 0 0 

608 591 431 53 0 0.541455 0 0 0 0 0 0 0 0 0 0 0 0 0 0 0 0 0 0 0 0 0 0.166667 0.277778 0.0555556 0.333333 0.111111 0.0555556 0 0 0 0 0 0 

544 525 398 53 0 0.609524 0 0 0 0 0 0 0 0 0 0 0 0 0 0 0 0 0 0 0 0 0 0 0.125 0.1875 0.25 0.375 0.0625 0 0 0 0 0 0 

480 459 343 53 0 0.697168 0 0 0 0 0 0 0 0 0 0 0 0 0 0 0 0 0 0 0 0 0 0.142857 0.0714286 0.285714 0.142857 0.214286 0.0714286 0.0714286 0 0 0 0 0 

448 434 325 53 0 0.737327 0 0 0 0 0 0 0 0 0 0 0 0 0 0 0 0 0 0 0 0 0 0.0769231 0.153846 0.230769 0.307692 0.153846 0 0.0769231 0 0 0 0 0 

608 583 439 53 0 0.548885 0 0 0 0 0 0 0 0 0 0 0 0 0 0 0 0 0 0 0 0 0.0555556 0.111111 0 0.0555556 0.388889 0.222222 0.111111 0.0555556 0 0 0 0 0 

480 454 329 53 0 0.704846 0 0 0 0 0 0 0 0 0 0 0 0 0 0 0 0 0 0 0 0.0714286 0.0714286 0 0 0.5 0.214286 0.0714286 0.0714286 0 0 0 0 0 0 

640 621 464 53 0 0.515298 0 0 0 0 0 0 0 0 0 0 0 0 0 0 0 0 0 0 0 0 0 0.0526316 0.210526 0.263158 0.105263 0.210526 0.105263 0.0526316 0 0 0 0 0 

480 457 339 53 0 0.700219 0 0 0 0 0 0 0 0 0 0 0 0 0 0 0 0 0 0 0 0 0 0.142857 0.0714286 0.285714 0.142857 0.285714 0.0714286 0 0 0 0 0 0 

640 624 461 53 0 0.512821 0 0 0 0 0 0 0 0 0 0 0 0 0 0 0 0 0 0 0 0 0 0.157895 0.0526316 0.263158 0.315789 0.157895 0.0526316 0 0 0 0 0 0 

576 556 409 53 0 0.57554 0 0 0 0 0 0 0 0 0 0 0 0 0 0 0 0 0 0 0 0.0588235 0.0588235 0.117647 0 0.176471 0.352941 0.0588235 0.176471 0 0 0 0 0 0 

576 553 389 53 0 0.578662 0 0 0 0 0 0 0 0 0 0 0 0 0 0 0 0 0 0 0 0.176471 0.0588235 0.117647 0.117647 0.117647 0.352941 0 0 0.0588235 0 0 0 0 0 

608 592 420 53 0 0.540541 0 0 0 0 0 0 0 0 0 0 0 0 0 0 0 0 0 0 0 0 0.111111 0.222222 0.222222 0.166667 0.166667 0.0555556 0.0555556 0 0 0 0 0 0 

544 525 375 53 0 0.609524 0 0 0 0 0 0 0 0 0 0 0 0 0 0 0 0 0 0 0 0.0625 0.0625 0.25 0.0625 0.1875 0.1875 0.125 0.0625 0 0 0 0 0 0 

544 527 397 53 0 0.607211 0 0 0 0 0 0 0 0 0 0 0 0 0 0 0 0 0 0 0 0 0 0.0625 0 0.3125 0.3125 0.25 0.0625 0 0 0 0 0 0 

576 554 404 53 0 0.577617 0 0 0 0 0 0 0 0 0 0 0 0 0 0 0 0 0 0 0 0 0.0588235 0.0588235 0.117647 0.352941 0.235294 0.176471 0 0 0 0 0 0 0 

480 462 345 53 0 0.692641 0 0 0 0 0 0 0 0 0 0 0 0 0 0 0 0 0 0 0 0 0.142857 0 0.142857 0.142857 0.142857 0.285714 0.0714286 0.0714286 0 0 0 0 0 

608 588 413 53 0 0.544218 0 0 0 0 0 0 0 0 0 0 0 0 0 0 0 0 0 0 0 0.166667 0.0555556 0.0555556 0.166667 0.222222 0.277778 0.0555556 0 0 0 0 0 0 0 

608 591 442 53 0 0.541455 0 0 0 0 0 0 0 0 0 0 0 0 0 0 0 0 0 0 0 0 0 0.0555556 0.111111 0.222222 0.333333 0.222222 0.0555556 0 0 0 0 0 0 

512 497 366 53 0 0.643863 0 0 0 0 0 0 0 0 0 0 0 0 0 0 0 0 0 0 0 0 0.0666667 0.133333 0.0666667 0.0666667 0.533333 0.133333 0 0 0 0 0 0 0 

544 535 393 53 0 0.598131 0 0 0 0 0 0 0 0 0 0 0 0 0 0 0 0 0 0 0 0 0.0625 0.1875 0.125 0.0625 0.3125 0.25 0 0 0 0 0 0 0 

576 551 400 53 0 0.580762 0 0 0 0 0 0 0 0 0 0 0 0 0 0 0 0 0 0 0 0 0.117647 0.176471 0.176471 0.0588235 0.0588235 0.294118 0.117647 0 0 0 0 0 0 

576 550 409 53 0 0.581818 0 0 0 0 0 0 0 0 0 0 0 0 0 0 0 0 0 0 0 0 0 0 0.117647 0.235294 0.470588 0.176471 0 0 0 0 0 0 0 

544 521 389 53 0 0.614203 0 0 0 0 0 0 0 0 0 0 0 0 0 0 0 0 0 0 0 0 0 0.0625 0.1875 0.1875 0.1875 0.25 0.125 0 0 0 0 0 0 

608 593 424 53 0 0.539629 0 0 0 0 0 0 0 0 0 0 0 0 0 0 0 0 0 0 0 0 0.111111 0.166667 0.222222 0.111111 0.277778 0.111111 0 0 0 0 0 0 0 

512 486 362 53 0 0.658436 0 0 0 0 0 0 0 0 0 0 0 0 0 0 0 0 0 0 0 0 0 0.0666667 0.0666667 0.266667 0.333333 0.2 0.0666667 0 0 0 0 0 0 

608 587 427 53 0 0.545145 0 0 0 0 0 0 0 0 0 0 0 0 0 0 0 0 0 0 0.0555556 0.111111 0 0 0.222222 0.111111 0.166667 0.166667 0.111111 0.0555556 0 0 0 0 0 

576 552 397 53 0 0.57971 0 0 0 0 0 0 0 0 0 0 0 0 0 0 0 0 0 0 0 0 0.0588235 0.0588235 0.235294 0.352941 0.176471 0.117647 0 0 0 0 0 0 0 

512 492 360 53 0 0.650406 0 0 0 0 0 0 0 0 0 0 0 0 0 0 0 0 0 0 0 0 0.0666667 0.0666667 0.266667 0.2 0.2 0 0.2 0 0 0 0 0 0 

608 589 429 53 0 0.543294 0 0 0 0 0 0 0 0 0 0 0 0 0 0 0 0 0 0 0 0.0555556 0.0555556 0.166667 0.111111 0.111111 0.222222 0.111111 0.166667 0 0 0 0 0 0 

480 469 353 53 0 0.682303 0 0 0 0 0 0 0 0 0 0 0 0 0 0 0 0 0 0 0 0 0 0 0 0.571429 0.214286 0.142857 0.0714286 0 0 0 0 0 0 

480 464 350 53 0 0.689655 0 0 0 0 0 0 0 0 0 0 0 0 0 0 0 0 0 0 0 0 0 0.0714286 0.142857 0.142857 0.214286 0.357143 0.0714286 0 0 0 0 0 0 

544 526 390 53 0 0.608365 0 0 0 0 0 0 0 0 0 0 0 0 0 0 0 0 0 0 0 0 0 0.0625 0.1875 0.125 0.4375 0.1875 0 0 0 0 0 0 0 

576 561 401 53 0 0.57041 0 0 0 0 0 0 0 0 0 0 0 0 0 0 0 0 0 0 0 0 0.117647 0.176471 0.117647 0.352941 0.0588235 0.176471 0 0 0 0 0 0 0 

576 567 404 53 0 0.564374 0 0 0 0 0 0 0 0 0 0 0 0 0 0 0 0 0 0.0588235 0 0 0.0588235 0.235294 0.176471 0.176471 0 0.294118 0 0 0 0 0 0 0 

576 549 400 53 0 0.582878 0 0 0 0 0 0 0 0 0 0 0 0 0 0 0 0 0 0 0 0 0.0588235 0.235294 0.0588235 0.235294 0.117647 0.0588235 0.235294 0 0 0 0 0 0 

512 496 367 53 0 0.645161 0 0 0 0 0 0 0 0 0 0 0 0 0 0 0 0 0 0 0 0 0.0666667 0.0666667 0.2 0.2 0.133333 0.266667 0 0.0666667 0 0 0 0 0 

544 524 387 53 0 0.610687 0 0 0 0 0 0 0 0 0 0 0 0 0 0 0 0 0 0 0 0 0 0.1875 0.0625 0.3125 0.0625 0.3125 0.0625 0 0 0 0 0 0 

704 686 495 53 0 0.466472 0 0 0 0 0 0 0 0 0 0 0 0 0 0 0 0 0 0 0 0 0.0952381 0.047619 0.190476 0.285714 0.285714 0.0952381 0 0 0 0 0 0 0 

576 551 405 53 0 0.580762 0 0 0 0 0 0 0 0 0 0 0 0 0 0 0 0 0 0 0 0 0.0588235 0.117647 0.176471 0.117647 0.235294 0.176471 0.0588235 0.0588235 0 0 0 0 0 

480 455 327 53 0 0.703297 0 0 0 0 0 0 0 0 0 0 0 0 0 0 0 0 0 0 0.0714286 0 0.0714286 0.0714286 0.214286 0 0.357143 0.214286 0 0 0 0 0 0 0 

576 558 415 53 0 0.573477 0 0 0 0 0 0 0 0 0 0 0 0 0 0 0 0 0 0 0 0 0.0588235 0.0588235 0 0.411765 0.176471 0.176471 0.117647 0 0 0 0 0 0 

576 559 402 53 0 0.572451 0 0 0 0 0 0 0 0 0 0 0 0 0 0 0 0 0 0 0 0 0.0588235 0.235294 0.117647 0.235294 0.235294 0.0588235 0.0588235 0 0 0 0 0 0 

480 465 341 53 0 0.688172 0 0 0 0 0 0 0 0 0 0 0 0 0 0 0 0 0 0 0 0 0 0.142857 0.214286 0.214286 0.214286 0.214286 0 0 0 0 0 0 0 

576 560 415 53 0 0.571429 0 0 0 0 0 0 0 0 0 0 0 0 0 0 0 0 0 0 0 0 0 0.0588235 0.117647 0.294118 0.352941 0.176471 0 0 0 0 0 0 0 

512 495 368 53 0 0.646465 0 0 0 0 0 0 0 0 0 0 0 0 0 0 0 0 0 0 0 0.0666667 0.0666667 0 0.0666667 0.266667 0.2 0.133333 0.2 0 0 0 0 0 0 

448 430 321 52 0 0.744186 0 0 0 0 0 0 0 0 0 0 0 0 0 0 0 0 0 0 0 0 0 0.0769231 0.230769 0.230769 0.153846 0.153846 0.0769231 0.0769231 0 0 0 0 0 

640 613 432 53 0 0.522023 0 0 0 0 0 0 0 0 0 0 0 0 0 0 0 0 0 0 0.0526316 0 0.105263 0.105263 0.210526 0.157895 0.263158 0.105263 0 0 0 0 0 0 0 

576 563 411 53 0 0.568384 0 0 0 0 0 0 0 0 0 0 0 0 0 0 0 0 0 0 0 0 0.0588235 0 0.294118 0.294118 0.176471 0.176471 0 0 0 0 0 0 0 

672 650 473 53 0 0.492308 0 0 0 0 0 0 0 0 0 0 0 0 0 0 0 0 0 0 0 0.05 0.05 0.15 0.05 0.1 0.4 0.15 0.05 0 0 0 0 0 0 

544 523 376 53 0 0.611855 0 0 0 0 0 0 0 0 0 0 0 0 0 0 0 0 0.0625 0 0 0.0625 0 0.125 0.1875 0.125 0.1875 0.0625 0.125 0.0625 0 0 0 0 0 

640 620 440 53 0 0.516129 0 0 0 0 0 0 0 0 0 0 0 0 0 0 0 0 0 0 0 0.0526316 0.0526316 0.105263 0.315789 0.263158 0.0526316 0.105263 0.0526316 0 0 0 0 0 0 

544 530 387 53 0 0.603774 0 0 0 0 0 0 0 0 0 0 0 0 0 0 0 0 0 0 0 0 0.1875 0 0.1875 0.1875 0.25 0.0625 0.0625 0.0625 0 0 0 0 0 

544 520 363 53 0 0.615385 0 0 0 0 0 0 0 0 0 0 0 0 0 0 0 0 0 0 0 0.0625 0.125 0.1875 0.125 0.1875 0.3125 0 0 0 0 0 0 0 0 

512 497 358 53 0 0.643863 0 0 0 0 0 0 0 0 0 0 0 0 0 0 0 0 0 0 0.0666667 0 0.2 0.0666667 0 0.2 0.2 0.2 0.0666667 0 0 0 0 0 0 

608 595 446 53 0 0.537815 0 0 0 0 0 0 0 0 0 0 0 0 0 0 0 0 0 0 0 0 0.0555556 0.0555556 0.0555556 0.277778 0.166667 0.277778 0.111111 0 0 0 0 0 0 

672 662 494 53 0 0.483384 0 0 0 0 0 0 0 0 0 0 0 0 0 0 0 0 0 0 0 0 0.05 0 0.15 0.2 0.35 0.2 0.05 0 0 0 0 0 0 

576 549 397 53 0 0.582878 0 0 0 0 0 0 0 0 0 0 0 0 0 0 0 0 0 0 0 0.0588235 0.0588235 0.176471 0.0588235 0.176471 0.176471 0.176471 0.117647 0 0 0 0 0 0 

608 588 426 53 0 0.544218 0 0 0 0 0 0 0 0 0 0 0 0 0 0 0 0 0 0 0 0.0555556 0 0.111111 0.222222 0.166667 0.222222 0.222222 0 0 0 0 0 0 0 

608 585 427 53 0 0.547009 0 0 0 0 0 0 0 0 0 0 0 0 0 0 0 0 0 0 0 0 0.166667 0.0555556 0.111111 0.166667 0.111111 0.333333 0.0555556 0 0 0 0 0 0 

480 453 321 52 0 0.706402 0 0 0 0 0 0 0 0 0 0 0 0 0 0 0 0 0 0 0 0 0.214286 0.0714286 0.214286 0.214286 0.0714286 0.142857 0.0714286 0 0 0 0 0 0 

608 599 441 53 0 0.534224 0 0 0 0 0 0 0 0 0 0 0 0 0 0 0 0 0 0 0 0 0.0555556 0.0555556 0.0555556 0.388889 0.333333 0.111111 0 0 0 0 0 0 0 

608 592 449 53 0 0.540541 0 0 0 0 0 0 0 0 0 0 0 0 0 0 0 0 0 0 0 0 0 0 0.166667 0.277778 0.222222 0.111111 0.111111 0.111111 0 0 0 0 0 

608 586 428 53 0 0.546075 0 0 0 0 0 0 0 0 0 0 0 0 0 0 0 0 0 0 0 0 0.0555556 0.0555556 0.111111 0.333333 0.277778 0.166667 0 0 0 0 0 0 0 

544 522 390 53 0 0.613027 0 0 0 0 0 0 0 0 0 0 0 0 0 0 0 0 0 0 0 0 0 0.125 0.125 0.1875 0.1875 0.25 0.0625 0.0625 0 0 0 0 0 

608 589 428 53 0 0.543294 0 0 0 0 0 0 0 0 0 0 0 0 0 0 0 0 0 0 0 0.0555556 0.0555556 0.111111 0.166667 0.222222 0.0555556 0.277778 0 0.0555556 0 0 0 0 0 

512 489 357 53 0 0.654397 0 0 0 0 0 0 0 0 0 0 0 0 0 0 0 0 0 0 0 0 0.0666667 0.2 0.0666667 0.133333 0.2 0.333333 0 0 0 0 0 0 0 

576 563 404 53 0 0.568384 0 0 0 0 0 0 0 0 0 0 0 0 0 0 0 0 0 0 0 0 0.117647 0.117647 0.235294 0.235294 0.176471 0.0588235 0.0588235 0 0 0 0 0 0 

576 552 402 53 0 0.57971 0 0 0 0 0 0 0 0 0 0 0 0 0 0 0 0 0 0 0 0 0.0588235 0.0588235 0.235294 0.235294 0.294118 0 0.0588235 0.0588235 0 0 0 0 0 

512 490 366 53 0 0.653061 0 0 0 0 0 0 0 0 0 0 0 0 0 0 0 0 0 0 0 0 0.0666667 0.0666667 0.133333 0.2 0 0.4 0.133333 0 0 0 0 0 0 

576 557 401 53 0 0.574506 0 0 0 0 0 0 0 0 0 0 0 0 0 0 0 0 0 0 0 0 0.0588235 0.176471 0.235294 0.235294 0.117647 0.117647 0 0.0588235 0 0 0 0 0 

576 551 409 53 0 0.580762 0 0 0 0 0 0 0 0 0 0 0 0 0 0 0 0 0 0 0 0 0.0588235 0.0588235 0 0.294118 0.294118 0.235294 0.0588235 0 0 0 0 0 0 

576 563 418 53 0 0.568384 0 0 0 0 0 0 0 0 0 0 0 0 0 0 0 0 0 0 0 0 0.117647 0.0588235 0.176471 0.235294 0.0588235 0.117647 0.176471 0 0.0588235 0 0 0 0 

736 725 530 53 0 0.441379 0 0 0 0 0 0 0 0 0 0 0 0 0 0 0 0 0 0 0 0 0.0454545 0.136364 0.227273 0.181818 0.181818 0.181818 0 0 0.0454545 0 0 0 0 

640 624 474 53 0 0.512821 0 0 0 0 0 0 0 0 0 0 0 0 0 0 0 0 0 0 0 0 0 0 0.105263 0.105263 0.473684 0.210526 0.105263 0 0 0 0 0 0 

544 532 389 53 0 0.601504 0 0 0 0 0 0 0 0 0 0 0 0 0 0 0 0 0 0 0 0 0.0625 0.0625 0.25 0.125 0.375 0.125 0 0 0 0 0 0 0 

544 524 374 53 0 0.610687 0 0 0 0 0 0 0 0 0 0 0 0 0 0 0 0 0 0 0 0.125 0.0625 0.0625 0.1875 0.125 0.3125 0.0625 0.0625 0 0 0 0 0 0 

480 472 350 53 0 0.677966 0 0 0 0 0 0 0 0 0 0 0 0 0 0 0 0 0 0 0 0 0.0714286 0.0714286 0.214286 0.214286 0.214286 0 0.214286 0 0 0 0 0 0 

576 567 429 53 0 0.564374 0 0 0 0 0 0 0 0 0 0 0 0 0 0 0 0 0 0 0 0 0 0 0.0588235 0.294118 0.411765 0.176471 0.0588235 0 0 0 0 0 0 

576 554 405 53 0 0.577617 0 0 0 0 0 0 0 0 0 0 0 0 0 0 0 0 0 0 0 0.0588235 0 0.0588235 0.117647 0.235294 0.352941 0.176471 0 0 0 0 0 0 0 

512 488 360 53 0 0.655738 0 0 0 0 0 0 0 0 0 0 0 0 0 0 0 0 0 0 0 0 0 0.0666667 0.2 0.4 0.0666667 0.133333 0.0666667 0.0666667 0 0 0 0 0 

640 616 448 53 0 0.519481 0 0 0 0 0 0 0 0 0 0 0 0 0 0 0 0 0 0 0 0 0.0526316 0.157895 0.157895 0.105263 0.368421 0.105263 0 0.0526316 0 0 0 0 0 

608 589 424 53 0 0.543294 0 0 0 0 0 0 0 0 0 0 0 0 0 0 0 0 0 0 0.0555556 0 0.111111 0.166667 0.0555556 0.111111 0.222222 0.222222 0.0555556 0 0 0 0 0 0 

512 494 357 53 0 0.647773 0 0 0 0 0 0 0 0 0 0 0 0 0 0 0 0 0 0 0 0 0.0666667 0.133333 0.2 0.266667 0.133333 0.2 0 0 0 0 0 0 0 

576 547 392 53 0 0.585009 0 0 0 0 0 0 0 0 0 0 0 0 0 0 0 0 0 0 0 0.0588235 0.0588235 0.117647 0.0588235 0.294118 0.235294 0.176471 0 0 0 0 0 0 0 

576 565 412 53 0 0.566372 0 0 0 0 0 0 0 0 0 0 0 0 0 0 0 0 0 0 0 0.0588235 0.0588235 0.117647 0.176471 0.117647 0.294118 0 0.176471 0 0 0 0 0 0 

576 563 420 53 0 0.568384 0 0 0 0 0 0 0 0 0 0 0 0 0 0 0 0 0 0 0 0 0 0 0.117647 0.411765 0.294118 0.117647 0.0588235 0 0 0 0 0 0 

576 562 407 53 0 0.569395 0 0 0 0 0 0 0 0 0 0 0 0 0 0 0 0 0 0.0588235 0 0 0 0.0588235 0.352941 0.235294 0.0588235 0.0588235 0.176471 0 0 0 0 0 0 

9600 9600 6983 53 103 0.0226042 0 0 0 0 0 0 0 0 0 0 0 0 0 0 0 0 0 0.00334448 0.00668896 0.0100334 0.0501672 0.0735786 0.153846 0.234114 0.217391 0.170569 0.0668896 0.0100334 0 0.00334448 0 0 0 

9600 9600 6986 53 103 0.0226042 0 0 0 0 0 0 0 0 0 0 0 0 0 0 0 0 0 0.00334448 0.0100334 0.0200669 0.0267559 0.0802676 0.157191 0.234114 0.247492 0.133779 0.0468227 0.0267559 0.0133779 0 0 0 0 

