608 590 430 53 0 0.542373 0 0 0 0 0 0 0 0 0 0 0 0 0 0 0 0 0 0 0 0.0555556 0 0.166667 0.166667 0.111111 0.222222 0.222222 0.0555556 0 0 0 0 0 0 

576 553 417 53 0 0.578662 0 0 0 0 0 0 0 0 0 0 0 0 0 0 0 0 0 0 0 0 0 0 0.117647 0.352941 0.176471 0.235294 0.0588235 0 0.0588235 0 0 0 0 

576 563 417 53 0 0.568384 0 0 0 0 0 0 0 0 0 0 0 0 0 0 0 0 0 0 0 0 0 0.0588235 0.0588235 0.352941 0.470588 0.0588235 0 0 0 0 0 0 0 

544 533 389 53 0 0.600375 0 0 0 0 0 0 0 0 0 0 0 0 0 0 0 0 0 0 0 0 0.125 0.125 0.125 0.25 0.125 0.125 0.125 0 0 0 0 0 0 

576 554 406 53 0 0.577617 0 0 0 0 0 0 0 0 0 0 0 0 0 0 0 0 0 0 0 0 0 0.117647 0.117647 0.294118 0.294118 0.176471 0 0 0 0 0 0 0 

608 586 418 53 0 0.546075 0 0 0 0 0 0 0 0 0 0 0 0 0 0 0 0 0 0 0 0 0.166667 0 0.222222 0.333333 0.166667 0.111111 0 0 0 0 0 0 0 

608 580 420 53 0 0.551724 0 0 0 0 0 0 0 0 0 0 0 0 0 0 0 0 0 0 0 0 0.111111 0.0555556 0.166667 0.166667 0.277778 0.222222 0 0 0 0 0 0 0 

576 557 415 53 0 0.574506 0 0 0 0 0 0 0 0 0 0 0 0 0 0 0 0 0 0 0 0 0.0588235 0.0588235 0 0.294118 0.352941 0.117647 0.117647 0 0 0 0 0 0 

544 529 386 53 0 0.604915 0 0 0 0 0 0 0 0 0 0 0 0 0 0 0 0 0 0 0.0625 0 0 0.0625 0.25 0.25 0.125 0.125 0.125 0 0 0 0 0 0 

576 553 398 53 0 0.578662 0 0 0 0 0 0 0 0 0 0 0 0 0 0 0 0 0 0 0 0.0588235 0.117647 0 0.235294 0.176471 0.176471 0.176471 0.0588235 0 0 0 0 0 0 

512 497 367 53 0 0.643863 0 0 0 0 0 0 0 0 0 0 0 0 0 0 0 0 0 0 0 0 0 0.133333 0 0.466667 0.2 0.2 0 0 0 0 0 0 0 

544 522 390 53 0 0.613027 0 0 0 0 0 0 0 0 0 0 0 0 0 0 0 0 0 0 0 0 0 0.0625 0.1875 0.3125 0.0625 0.1875 0.125 0.0625 0 0 0 0 0 

544 519 368 53 0 0.61657 0 0 0 0 0 0 0 0 0 0 0 0 0 0 0 0 0 0.0625 0 0.0625 0.0625 0.125 0.0625 0.3125 0.0625 0.125 0.125 0 0 0 0 0 0 

608 596 445 53 0 0.536913 0 0 0 0 0 0 0 0 0 0 0 0 0 0 0 0 0 0 0 0 0 0 0.333333 0.277778 0.0555556 0.166667 0.111111 0.0555556 0 0 0 0 0 

608 589 430 53 0 0.543294 0 0 0 0 0 0 0 0 0 0 0 0 0 0 0 0 0 0 0 0 0.0555556 0.166667 0.222222 0.111111 0.111111 0.277778 0 0.0555556 0 0 0 0 0 

576 554 410 53 0 0.577617 0 0 0 0 0 0 0 0 0 0 0 0 0 0 0 0 0 0 0 0 0.117647 0.0588235 0 0.176471 0.470588 0.117647 0 0 0.0588235 0 0 0 0 

512 495 376 53 0 0.646465 0 0 0 0 0 0 0 0 0 0 0 0 0 0 0 0 0 0 0 0 0 0.0666667 0.133333 0.133333 0.266667 0.2 0.133333 0.0666667 0 0 0 0 0 

544 518 373 53 0 0.617761 0 0 0 0 0 0 0 0 0 0 0 0 0 0 0 0 0 0 0 0 0.0625 0.0625 0.25 0.1875 0.375 0.0625 0 0 0 0 0 0 0 

512 485 357 53 0 0.659794 0 0 0 0 0 0 0 0 0 0 0 0 0 0 0 0 0 0 0 0.0666667 0 0.133333 0.0666667 0.133333 0.333333 0.0666667 0.2 0 0 0 0 0 0 

704 689 500 53 0 0.464441 0 0 0 0 0 0 0 0 0 0 0 0 0 0 0 0 0 0 0 0 0 0.238095 0.142857 0.285714 0.142857 0.142857 0 0.047619 0 0 0 0 0 

576 553 396 53 0 0.578662 0 0 0 0 0 0 0 0 0 0 0 0 0 0 0 0 0 0 0 0.0588235 0.117647 0.0588235 0.0588235 0.352941 0.235294 0.0588235 0.0588235 0 0 0 0 0 0 

608 601 445 53 0 0.532446 0 0 0 0 0 0 0 0 0 0 0 0 0 0 0 0 0 0 0 0 0 0.166667 0 0.444444 0.166667 0.166667 0.0555556 0 0 0 0 0 0 

608 585 425 53 0 0.547009 0 0 0 0 0 0 0 0 0 0 0 0 0 0 0 0 0 0 0 0 0 0 0.166667 0.611111 0.166667 0.0555556 0 0 0 0 0 0 0 

544 520 377 53 0 0.615385 0 0 0 0 0 0 0 0 0 0 0 0 0 0 0 0 0 0 0 0 0.0625 0.1875 0.1875 0.0625 0.3125 0.125 0 0.0625 0 0 0 0 0 

512 495 350 53 0 0.646465 0 0 0 0 0 0 0 0 0 0 0 0 0 0 0 0 0 0 0 0.133333 0.133333 0.133333 0.133333 0.0666667 0.2 0.133333 0.0666667 0 0 0 0 0 0 

608 585 420 53 0 0.547009 0 0 0 0 0 0 0 0 0 0 0 0 0 0 0 0 0 0 0 0 0.111111 0.166667 0.111111 0.277778 0.166667 0.0555556 0.111111 0 0 0 0 0 0 

576 553 410 53 0 0.578662 0 0 0 0 0 0 0 0 0 0 0 0 0 0 0 0 0 0 0 0 0 0.0588235 0.176471 0.235294 0.235294 0.235294 0.0588235 0 0 0 0 0 0 

480 453 335 53 0 0.706402 0 0 0 0 0 0 0 0 0 0 0 0 0 0 0 0 0 0 0 0 0 0.142857 0.0714286 0.214286 0.357143 0.142857 0 0.0714286 0 0 0 0 0 

544 530 395 53 0 0.603774 0 0 0 0 0 0 0 0 0 0 0 0 0 0 0 0 0 0 0 0 0.0625 0.0625 0.0625 0.3125 0.1875 0.1875 0.125 0 0 0 0 0 0 

576 563 426 53 0 0.568384 0 0 0 0 0 0 0 0 0 0 0 0 0 0 0 0 0 0 0 0 0 0.0588235 0.235294 0.0588235 0.235294 0.176471 0.235294 0 0 0 0 0 0 

448 426 321 48 0 0.751174 0 0 0 0 0 0 0 0 0 0 0 0 0 0 0 0 0 0 0 0 0 0.0769231 0.153846 0.153846 0.230769 0.230769 0.0769231 0.0769231 0 0 0 0 0 

640 618 445 53 0 0.517799 0 0 0 0 0 0 0 0 0 0 0 0 0 0 0 0 0 0 0 0.0526316 0 0.157895 0.315789 0 0.315789 0.0526316 0.105263 0 0 0 0 0 0 

448 432 323 53 0 0.740741 0 0 0 0 0 0 0 0 0 0 0 0 0 0 0 0 0 0 0 0 0 0.0769231 0.0769231 0.307692 0.230769 0.307692 0 0 0 0 0 0 0 

576 555 412 53 0 0.576577 0 0 0 0 0 0 0 0 0 0 0 0 0 0 0 0 0 0 0 0 0.0588235 0 0.176471 0.294118 0.176471 0.117647 0.176471 0 0 0 0 0 0 

544 517 377 53 0 0.618955 0 0 0 0 0 0 0 0 0 0 0 0 0 0 0 0 0 0 0 0 0 0.125 0.375 0.0625 0.125 0.1875 0.125 0 0 0 0 0 0 

640 625 462 53 0 0.512 0 0 0 0 0 0 0 0 0 0 0 0 0 0 0 0 0 0 0.0526316 0 0 0.0526316 0.105263 0.263158 0.263158 0.210526 0 0.0526316 0 0 0 0 0 

544 534 390 53 0 0.599251 0 0 0 0 0 0 0 0 0 0 0 0 0 0 0 0 0 0 0 0 0 0.25 0.1875 0.1875 0.1875 0.0625 0.125 0 0 0 0 0 0 

576 549 399 53 0 0.582878 0 0 0 0 0 0 0 0 0 0 0 0 0 0 0 0 0 0 0 0.0588235 0.117647 0.0588235 0 0.235294 0.235294 0.235294 0.0588235 0 0 0 0 0 0 

576 557 401 53 0 0.574506 0 0 0 0 0 0 0 0 0 0 0 0 0 0 0 0 0 0 0 0 0.0588235 0.0588235 0.294118 0.352941 0.0588235 0.176471 0 0 0 0 0 0 0 

608 582 421 53 0 0.549828 0 0 0 0 0 0 0 0 0 0 0 0 0 0 0 0 0 0 0 0 0.111111 0.0555556 0.222222 0.166667 0.222222 0.166667 0.0555556 0 0 0 0 0 0 

544 518 373 53 0 0.617761 0 0 0 0 0 0 0 0 0 0 0 0 0 0 0 0 0 0 0 0 0 0.25 0.25 0.0625 0.1875 0.25 0 0 0 0 0 0 0 

512 491 370 53 0 0.651731 0 0 0 0 0 0 0 0 0 0 0 0 0 0 0 0 0 0 0 0 0 0.0666667 0.0666667 0.133333 0.4 0.266667 0.0666667 0 0 0 0 0 0 

672 655 478 53 0 0.48855 0 0 0 0 0 0 0 0 0 0 0 0 0 0 0 0 0 0 0 0.05 0 0.15 0.25 0.1 0.25 0.05 0.1 0 0.05 0 0 0 0 

512 492 352 53 0 0.650406 0 0 0 0 0 0 0 0 0 0 0 0 0 0 0 0 0.0666667 0 0 0 0.0666667 0.133333 0.2 0.2 0.133333 0 0.133333 0.0666667 0 0 0 0 0 

544 525 379 53 0 0.609524 0 0 0 0 0 0 0 0 0 0 0 0 0 0 0 0 0 0 0 0 0.0625 0.125 0.1875 0.3125 0.1875 0.0625 0.0625 0 0 0 0 0 0 

512 496 363 53 0 0.645161 0 0 0 0 0 0 0 0 0 0 0 0 0 0 0 0 0 0 0 0 0.133333 0.133333 0.0666667 0.133333 0.266667 0.2 0.0666667 0 0 0 0 0 0 

608 581 430 53 0 0.550775 0 0 0 0 0 0 0 0 0 0 0 0 0 0 0 0 0 0 0 0 0 0.166667 0.0555556 0.222222 0.277778 0.166667 0.0555556 0.0555556 0 0 0 0 0 

576 554 398 53 0 0.577617 0 0 0 0 0 0 0 0 0 0 0 0 0 0 0 0 0 0 0 0.0588235 0.0588235 0.0588235 0.294118 0.117647 0.176471 0.235294 0 0 0 0 0 0 0 

576 557 414 53 0 0.574506 0 0 0 0 0 0 0 0 0 0 0 0 0 0 0 0 0 0 0 0.0588235 0 0 0.176471 0.117647 0.352941 0.235294 0.0588235 0 0 0 0 0 0 

512 494 370 53 0 0.647773 0 0 0 0 0 0 0 0 0 0 0 0 0 0 0 0 0 0 0 0 0 0.133333 0.266667 0.133333 0.0666667 0.2 0.0666667 0.0666667 0.0666667 0 0 0 0 

576 556 410 53 0 0.57554 0 0 0 0 0 0 0 0 0 0 0 0 0 0 0 0 0 0 0 0 0.117647 0 0.176471 0.235294 0.117647 0.235294 0.117647 0 0 0 0 0 0 

544 526 382 53 0 0.608365 0 0 0 0 0 0 0 0 0 0 0 0 0 0 0 0 0 0 0.0625 0 0 0.125 0.125 0.25 0.25 0.125 0.0625 0 0 0 0 0 0 

544 533 396 53 0 0.600375 0 0 0 0 0 0 0 0 0 0 0 0 0 0 0 0 0 0 0 0.0625 0 0 0.1875 0.375 0.0625 0.1875 0.0625 0.0625 0 0 0 0 0 

576 557 407 53 0 0.574506 0 0 0 0 0 0 0 0 0 0 0 0 0 0 0 0 0 0 0.0588235 0 0.0588235 0.0588235 0.0588235 0.294118 0.235294 0.117647 0.117647 0 0 0 0 0 0 

544 520 367 53 0 0.615385 0 0 0 0 0 0 0 0 0 0 0 0 0 0 0 0 0 0 0 0 0.0625 0.25 0.25 0.1875 0.1875 0 0.0625 0 0 0 0 0 0 

512 495 359 53 0 0.646465 0 0 0 0 0 0 0 0 0 0 0 0 0 0 0 0 0 0 0 0.133333 0 0.0666667 0.2 0.0666667 0.4 0.0666667 0 0.0666667 0 0 0 0 0 

576 549 411 53 0 0.582878 0 0 0 0 0 0 0 0 0 0 0 0 0 0 0 0 0 0 0 0 0 0.0588235 0.176471 0.176471 0.176471 0.235294 0.176471 0 0 0 0 0 0 

576 560 405 53 0 0.571429 0 0 0 0 0 0 0 0 0 0 0 0 0 0 0 0 0 0 0 0.117647 0 0.117647 0.0588235 0.294118 0.294118 0.0588235 0 0.0588235 0 0 0 0 0 

512 490 370 53 0 0.653061 0 0 0 0 0 0 0 0 0 0 0 0 0 0 0 0 0 0 0 0 0 0.0666667 0.133333 0.0666667 0.333333 0.266667 0.133333 0 0 0 0 0 0 

576 555 403 53 0 0.576577 0 0 0 0 0 0 0 0 0 0 0 0 0 0 0 0 0 0 0.0588235 0.0588235 0 0.0588235 0.176471 0.176471 0.176471 0.176471 0.117647 0 0 0 0 0 0 

544 530 398 53 0 0.603774 0 0 0 0 0 0 0 0 0 0 0 0 0 0 0 0 0 0 0 0 0 0 0.125 0.3125 0.3125 0.1875 0.0625 0 0 0 0 0 0 

512 500 371 53 0 0.64 0 0 0 0 0 0 0 0 0 0 0 0 0 0 0 0 0 0 0 0 0 0 0.266667 0.333333 0.133333 0.266667 0 0 0 0 0 0 0 

544 531 395 53 0 0.602637 0 0 0 0 0 0 0 0 0 0 0 0 0 0 0 0 0 0 0 0 0 0.125 0.25 0.1875 0.125 0.1875 0.0625 0 0.0625 0 0 0 0 

544 521 392 53 0 0.614203 0 0 0 0 0 0 0 0 0 0 0 0 0 0 0 0 0 0 0 0 0 0.0625 0.125 0.1875 0.25 0.25 0.0625 0.0625 0 0 0 0 0 

608 588 430 53 0 0.544218 0 0 0 0 0 0 0 0 0 0 0 0 0 0 0 0 0 0 0.0555556 0 0.0555556 0 0.111111 0.388889 0.111111 0.222222 0 0.0555556 0 0 0 0 0 

576 558 420 53 0 0.573477 0 0 0 0 0 0 0 0 0 0 0 0 0 0 0 0 0 0 0 0 0 0 0.176471 0.235294 0.352941 0.117647 0 0.117647 0 0 0 0 0 

576 554 408 53 0 0.577617 0 0 0 0 0 0 0 0 0 0 0 0 0 0 0 0 0 0 0 0.0588235 0 0.117647 0.0588235 0.117647 0.411765 0.176471 0.0588235 0 0 0 0 0 0 

576 559 405 53 0 0.572451 0 0 0 0 0 0 0 0 0 0 0 0 0 0 0 0 0 0 0 0 0.117647 0.0588235 0.294118 0.176471 0.235294 0 0.0588235 0 0.0588235 0 0 0 0 

480 464 352 53 0 0.689655 0 0 0 0 0 0 0 0 0 0 0 0 0 0 0 0 0 0 0 0 0 0 0.142857 0.214286 0.357143 0.142857 0.0714286 0.0714286 0 0 0 0 0 

544 519 379 53 0 0.61657 0 0 0 0 0 0 0 0 0 0 0 0 0 0 0 0 0 0 0 0.0625 0.0625 0 0.125 0.25 0.25 0.1875 0.0625 0 0 0 0 0 0 

608 590 433 53 0 0.542373 0 0 0 0 0 0 0 0 0 0 0 0 0 0 0 0 0 0 0 0 0.111111 0 0.111111 0.277778 0.388889 0.0555556 0 0.0555556 0 0 0 0 0 

544 517 368 53 0 0.618955 0 0 0 0 0 0 0 0 0 0 0 0 0 0 0 0 0 0 0 0.125 0.0625 0.125 0.0625 0.25 0.25 0 0.0625 0.0625 0 0 0 0 0 

448 427 321 46 0 0.749415 0 0 0 0 0 0 0 0 0 0 0 0 0 0 0 0 0 0 0 0 0 0.0769231 0.0769231 0.230769 0.153846 0.461538 0 0 0 0 0 0 0 

608 593 432 53 0 0.539629 0 0 0 0 0 0 0 0 0 0 0 0 0 0 0 0 0 0 0 0 0 0.111111 0.333333 0.222222 0.166667 0.0555556 0.111111 0 0 0 0 0 0 

512 486 348 53 0 0.658436 0 0 0 0 0 0 0 0 0 0 0 0 0 0 0 0 0 0 0 0 0.133333 0.0666667 0.266667 0.2 0.2 0 0.133333 0 0 0 0 0 0 

640 617 439 53 0 0.518639 0 0 0 0 0 0 0 0 0 0 0 0 0 0 0 0 0 0 0 0 0 0.210526 0.315789 0.210526 0.157895 0.105263 0 0 0 0 0 0 0 

512 493 364 53 0 0.649087 0 0 0 0 0 0 0 0 0 0 0 0 0 0 0 0 0 0 0 0 0 0.133333 0.2 0.0666667 0.4 0.133333 0.0666667 0 0 0 0 0 0 

544 523 379 53 0 0.611855 0 0 0 0 0 0 0 0 0 0 0 0 0 0 0 0 0 0 0.0625 0 0.0625 0.125 0.0625 0.25 0.25 0.0625 0.0625 0.0625 0 0 0 0 0 

576 563 418 53 0 0.568384 0 0 0 0 0 0 0 0 0 0 0 0 0 0 0 0 0 0 0 0 0 0.0588235 0.352941 0 0.352941 0.117647 0.117647 0 0 0 0 0 0 

480 471 355 53 0 0.679406 0 0 0 0 0 0 0 0 0 0 0 0 0 0 0 0 0 0 0 0 0.0714286 0.0714286 0.0714286 0.214286 0.285714 0 0.285714 0 0 0 0 0 0 

576 566 413 53 0 0.565371 0 0 0 0 0 0 0 0 0 0 0 0 0 0 0 0 0 0 0 0.0588235 0.0588235 0.117647 0.176471 0.176471 0.117647 0.235294 0 0.0588235 0 0 0 0 0 

608 581 426 53 0 0.550775 0 0 0 0 0 0 0 0 0 0 0 0 0 0 0 0 0 0 0 0 0.0555556 0.0555556 0.111111 0.444444 0.111111 0.0555556 0.111111 0.0555556 0 0 0 0 0 

576 557 420 53 0 0.574506 0 0 0 0 0 0 0 0 0 0 0 0 0 0 0 0 0 0 0 0 0 0.0588235 0.117647 0.117647 0.352941 0.235294 0.117647 0 0 0 0 0 0 

544 518 369 53 0 0.617761 0 0 0 0 0 0 0 0 0 0 0 0 0 0 0 0 0 0 0 0.0625 0.0625 0.0625 0.25 0.1875 0.25 0.125 0 0 0 0 0 0 0 

576 548 385 53 0 0.583942 0 0 0 0 0 0 0 0 0 0 0 0 0 0 0 0 0 0 0 0.117647 0.117647 0.0588235 0.176471 0.235294 0.117647 0.117647 0.0588235 0 0 0 0 0 0 

544 520 387 53 0 0.615385 0 0 0 0 0 0 0 0 0 0 0 0 0 0 0 0 0 0 0 0 0 0.125 0.125 0.3125 0.0625 0.1875 0.125 0.0625 0 0 0 0 0 

512 503 367 53 0 0.636183 0 0 0 0 0 0 0 0 0 0 0 0 0 0 0 0 0 0 0 0 0 0.333333 0.0666667 0.2 0.133333 0.266667 0 0 0 0 0 0 0 

448 430 321 52 0 0.744186 0 0 0 0 0 0 0 0 0 0 0 0 0 0 0 0 0 0 0 0 0 0.153846 0.153846 0.230769 0.0769231 0.153846 0.230769 0 0 0 0 0 0 

544 531 393 53 0 0.602637 0 0 0 0 0 0 0 0 0 0 0 0 0 0 0 0 0 0 0 0 0 0 0.375 0.125 0.25 0.25 0 0 0 0 0 0 0 

512 488 357 53 0 0.655738 0 0 0 0 0 0 0 0 0 0 0 0 0 0 0 0 0 0 0.0666667 0 0.0666667 0 0.0666667 0.2 0.4 0.133333 0.0666667 0 0 0 0 0 0 

608 587 437 53 0 0.545145 0 0 0 0 0 0 0 0 0 0 0 0 0 0 0 0 0 0 0 0 0.111111 0 0.166667 0.166667 0.222222 0.111111 0.166667 0.0555556 0 0 0 0 0 

544 515 373 53 0 0.621359 0 0 0 0 0 0 0 0 0 0 0 0 0 0 0 0 0 0 0 0.0625 0 0.125 0.125 0.25 0.25 0.0625 0.125 0 0 0 0 0 0 

608 593 425 53 0 0.539629 0 0 0 0 0 0 0 0 0 0 0 0 0 0 0 0 0 0 0 0.0555556 0.166667 0.166667 0 0.222222 0.111111 0.222222 0.0555556 0 0 0 0 0 0 

544 518 374 53 0 0.617761 0 0 0 0 0 0 0 0 0 0 0 0 0 0 0 0 0 0 0 0 0.0625 0 0.375 0.125 0.3125 0.125 0 0 0 0 0 0 0 

512 486 361 53 0 0.658436 0 0 0 0 0 0 0 0 0 0 0 0 0 0 0 0 0 0 0 0 0 0.0666667 0.266667 0.0666667 0.133333 0.466667 0 0 0 0 0 0 0 

512 495 371 53 0 0.646465 0 0 0 0 0 0 0 0 0 0 0 0 0 0 0 0 0 0 0 0 0.0666667 0.0666667 0.0666667 0.133333 0.266667 0.333333 0.0666667 0 0 0 0 0 0 

640 616 443 53 0 0.519481 0 0 0 0 0 0 0 0 0 0 0 0 0 0 0 0 0 0 0 0.0526316 0.0526316 0.0526316 0.210526 0.210526 0.263158 0.157895 0 0 0 0 0 0 0 

576 558 396 53 0 0.573477 0 0 0 0 0 0 0 0 0 0 0 0 0 0 0 0 0 0 0.0588235 0.0588235 0.0588235 0.0588235 0.117647 0.294118 0.294118 0.0588235 0 0 0 0 0 0 0 

544 525 393 53 0 0.609524 0 0 0 0 0 0 0 0 0 0 0 0 0 0 0 0 0 0 0 0 0 0.125 0 0.3125 0.1875 0.3125 0.0625 0 0 0 0 0 0 

544 520 381 53 0 0.615385 0 0 0 0 0 0 0 0 0 0 0 0 0 0 0 0 0 0 0 0 0 0.1875 0.125 0.25 0.1875 0.1875 0 0.0625 0 0 0 0 0 

