1024 999 733 75 0 0.640641 0 0 0 0 0 0 0 0 0 0 0 0 0 0 0 0 0 0 0 0.0645161 0.0645161 0 0.129032 0.129032 0.354839 0.16129 0.0645161 0.0322581 0 0 0 0 0 

1056 1041 736 75 0 0.614793 0 0 0 0 0 0 0 0 0 0 0 0 0 0 0 0 0 0 0 0.0625 0.125 0.15625 0.125 0.1875 0.15625 0.1875 0 0 0 0 0 0 0 

1056 1035 752 75 0 0.618357 0 0 0 0 0 0 0 0 0 0 0 0 0 0 0 0 0 0 0 0.03125 0.0625 0.0625 0.09375 0.25 0.34375 0.125 0.03125 0 0 0 0 0 0 

896 882 642 70 0 0.725624 0 0 0 0 0 0 0 0 0 0 0 0 0 0 0 0 0 0 0.037037 0 0.0740741 0.111111 0.0740741 0.185185 0.333333 0.148148 0 0 0.037037 0 0 0 0 

1024 1001 741 75 0 0.639361 0 0 0 0 0 0 0 0 0 0 0 0 0 0 0 0 0 0 0 0 0.0322581 0.0967742 0.129032 0.193548 0.225806 0.193548 0.0967742 0.0322581 0 0 0 0 0 

992 976 692 75 0 0.655738 0 0 0 0 0 0 0 0 0 0 0 0 0 0 0 0 0 0 0 0.0333333 0.0666667 0.166667 0.233333 0.233333 0.133333 0.1 0.0333333 0 0 0 0 0 0 

928 902 641 65 0 0.709534 0 0 0 0 0 0 0 0 0 0 0 0 0 0 0 0 0 0 0.0357143 0.0357143 0.0357143 0.0714286 0.214286 0.285714 0.178571 0.142857 0 0 0 0 0 0 0 

1024 995 712 75 0 0.643216 0 0 0 0 0 0 0 0 0 0 0 0 0 0 0 0 0 0 0.0322581 0.0322581 0.0322581 0.0645161 0.193548 0.258065 0.258065 0.0645161 0.0645161 0 0 0 0 0 0 

992 966 717 75 0 0.662526 0 0 0 0 0 0 0 0 0 0 0 0 0 0 0 0 0 0 0 0 0.0666667 0.0666667 0.0666667 0.2 0.3 0.166667 0.0666667 0.0666667 0 0 0 0 0 

992 968 713 75 0 0.661157 0 0 0 0 0 0 0 0 0 0 0 0 0 0 0 0 0 0 0 0 0.1 0.133333 0.0666667 0.133333 0.2 0.2 0.133333 0.0333333 0 0 0 0 0 

992 963 698 75 0 0.66459 0 0 0 0 0 0 0 0 0 0 0 0 0 0 0 0 0 0 0 0.0333333 0 0.133333 0.233333 0.166667 0.2 0.1 0.133333 0 0 0 0 0 0 

1024 1000 727 75 0 0.64 0 0 0 0 0 0 0 0 0 0 0 0 0 0 0 0 0 0 0.0322581 0.0645161 0.0322581 0.0645161 0.0645161 0.225806 0.258065 0.16129 0.0645161 0.0322581 0 0 0 0 0 

896 878 642 75 0 0.728929 0 0 0 0 0 0 0 0 0 0 0 0 0 0 0 0 0 0 0 0 0.037037 0.037037 0.148148 0.444444 0.185185 0.111111 0 0 0.037037 0 0 0 0 

896 884 642 72 0 0.723982 0 0 0 0 0 0 0 0 0 0 0 0 0 0 0 0 0 0.037037 0 0.037037 0.037037 0.037037 0.259259 0.148148 0.222222 0.111111 0.037037 0.0740741 0 0 0 0 0 

896 876 655 75 0 0.730594 0 0 0 0 0 0 0 0 0 0 0 0 0 0 0 0 0 0 0 0 0.0740741 0 0.0740741 0.185185 0.37037 0.148148 0.148148 0 0 0 0 0 0 

1024 1008 727 75 0 0.634921 0 0 0 0 0 0 0 0 0 0 0 0 0 0 0 0 0 0 0 0 0.129032 0.129032 0.225806 0.16129 0.129032 0.0967742 0.0645161 0.0322581 0.0322581 0 0 0 0 

896 867 642 72 0 0.738178 0 0 0 0 0 0 0 0 0 0 0 0 0 0 0 0 0 0 0 0 0 0.0740741 0.222222 0.185185 0.185185 0.222222 0.037037 0.0740741 0 0 0 0 0 

864 854 642 66 0 0.749415 0 0 0 0 0 0 0 0 0 0 0 0 0 0 0 0 0 0 0 0 0 0.115385 0.115385 0.153846 0.192308 0.269231 0.153846 0 0 0 0 0 0 

928 907 642 74 0 0.705623 0 0 0 0 0 0 0 0 0 0 0 0 0 0 0 0 0 0 0 0.0714286 0 0.214286 0.178571 0.285714 0.142857 0.0714286 0 0.0357143 0 0 0 0 0 

1056 1032 740 75 0 0.620155 0 0 0 0 0 0 0 0 0 0 0 0 0 0 0 0 0 0 0 0 0.0625 0.1875 0.125 0.3125 0.15625 0.0625 0.09375 0 0 0 0 0 0 

928 902 642 69 0 0.709534 0 0 0 0 0 0 0 0 0 0 0 0 0 0 0 0 0 0 0 0.0357143 0.0357143 0.142857 0.178571 0.357143 0.0714286 0.178571 0 0 0 0 0 0 0 

864 847 642 74 0 0.755608 0 0 0 0 0 0 0 0 0 0 0 0 0 0 0 0 0 0 0 0.0384615 0 0 0.192308 0 0.269231 0.307692 0.192308 0 0 0 0 0 0 

992 962 683 75 0 0.665281 0 0 0 0 0 0 0 0 0 0 0 0 0 0 0 0 0 0 0.0333333 0.0333333 0.0333333 0.233333 0.2 0.0666667 0.2 0.0666667 0.1 0.0333333 0 0 0 0 0 

928 906 666 75 0 0.706402 0 0 0 0 0 0 0 0 0 0 0 0 0 0 0 0 0 0 0 0 0 0.0357143 0.25 0.321429 0.25 0 0.107143 0 0.0357143 0 0 0 0 

896 873 642 67 0 0.733104 0 0 0 0 0 0 0 0 0 0 0 0 0 0 0 0 0 0 0 0 0.0740741 0.0740741 0.222222 0.111111 0.185185 0.185185 0.111111 0.037037 0 0 0 0 0 

896 882 642 71 0 0.725624 0 0 0 0 0 0 0 0 0 0 0 0 0 0 0 0 0 0 0 0 0.037037 0.148148 0.111111 0.333333 0.222222 0.037037 0.111111 0 0 0 0 0 0 

928 916 673 75 0 0.69869 0 0 0 0 0 0 0 0 0 0 0 0 0 0 0 0 0 0 0 0 0 0.142857 0.107143 0.214286 0.392857 0.107143 0.0357143 0 0 0 0 0 0 

928 905 686 75 0 0.707182 0 0 0 0 0 0 0 0 0 0 0 0 0 0 0 0 0 0 0 0 0.0357143 0 0.142857 0.107143 0.285714 0.178571 0.214286 0.0357143 0 0 0 0 0 

928 907 642 73 0 0.705623 0 0 0 0 0 0 0 0 0 0 0 0 0 0 0 0 0 0 0 0.0714286 0.0714286 0.107143 0.214286 0.214286 0.214286 0.0714286 0.0357143 0 0 0 0 0 0 

928 910 654 75 0 0.703297 0 0 0 0 0 0 0 0 0 0 0 0 0 0 0 0 0 0 0 0.0357143 0.0714286 0.0714286 0.25 0.214286 0.142857 0.178571 0.0357143 0 0 0 0 0 0 

928 915 674 75 0 0.699454 0 0 0 0 0 0 0 0 0 0 0 0 0 0 0 0 0 0 0 0 0.0714286 0.0714286 0.0357143 0.321429 0.285714 0.142857 0.0714286 0 0 0 0 0 0 

896 878 642 73 0 0.728929 0 0 0 0 0 0 0 0 0 0 0 0 0 0 0 0 0 0 0 0 0.0740741 0.0740741 0.185185 0.222222 0.148148 0.259259 0 0.037037 0 0 0 0 0 

896 884 642 75 0 0.723982 0 0 0 0 0 0 0 0 0 0 0 0 0 0 0 0 0 0 0 0.0740741 0 0.0740741 0.111111 0.333333 0.259259 0.111111 0.037037 0 0 0 0 0 0 

960 934 685 75 0 0.685225 0 0 0 0 0 0 0 0 0 0 0 0 0 0 0 0 0 0 0 0.0344828 0.0344828 0.103448 0.137931 0.137931 0.241379 0.206897 0.0689655 0.0344828 0 0 0 0 0 

960 935 668 75 0 0.684492 0 0 0 0 0 0 0 0 0 0 0 0 0 0 0 0 0 0 0.0344828 0.0689655 0.0344828 0 0.172414 0.344828 0.206897 0.103448 0.0344828 0 0 0 0 0 0 

960 937 664 75 0 0.683031 0 0 0 0 0 0 0 0 0 0 0 0 0 0 0 0 0 0.0344828 0 0.0344828 0.0344828 0.137931 0.241379 0.206897 0.206897 0.0344828 0 0.0689655 0 0 0 0 0 

896 882 642 75 0 0.725624 0 0 0 0 0 0 0 0 0 0 0 0 0 0 0 0 0 0 0 0 0.0740741 0.0740741 0.148148 0.222222 0.333333 0.148148 0 0 0 0 0 0 0 

1024 1004 714 75 0 0.63745 0 0 0 0 0 0 0 0 0 0 0 0 0 0 0 0 0 0 0 0.0322581 0.0645161 0.129032 0.322581 0.16129 0.0967742 0.129032 0.0645161 0 0 0 0 0 0 

1024 1006 728 75 0 0.636183 0 0 0 0 0 0 0 0 0 0 0 0 0 0 0 0 0 0 0.0322581 0.0322581 0.0322581 0.0967742 0.225806 0.16129 0.129032 0.16129 0.129032 0 0 0 0 0 0 

896 867 641 56 0 0.738178 0 0 0 0 0 0 0 0 0 0 0 0 0 0 0 0 0 0 0 0 0.037037 0 0.259259 0.148148 0.222222 0.222222 0.111111 0 0 0 0 0 0 

896 881 643 75 0 0.726447 0 0 0 0 0 0 0 0 0 0 0 0 0 0 0 0 0 0 0 0.037037 0.037037 0.037037 0.148148 0.333333 0.185185 0.185185 0.037037 0 0 0 0 0 0 

896 879 644 75 0 0.7281 0 0 0 0 0 0 0 0 0 0 0 0 0 0 0 0 0 0 0 0 0.037037 0.111111 0.111111 0.296296 0.222222 0.148148 0.0740741 0 0 0 0 0 0 

928 910 661 75 0 0.703297 0 0 0 0 0 0 0 0 0 0 0 0 0 0 0 0 0 0 0 0 0.0714286 0.142857 0.0714286 0.214286 0.357143 0.107143 0.0357143 0 0 0 0 0 0 

896 870 642 71 0 0.735632 0 0 0 0 0 0 0 0 0 0 0 0 0 0 0 0 0 0 0.037037 0 0 0.148148 0.111111 0.111111 0.222222 0.259259 0.037037 0.0740741 0 0 0 0 0 

960 950 691 75 0 0.673684 0 0 0 0 0 0 0 0 0 0 0 0 0 0 0 0 0 0 0 0 0.0689655 0.0689655 0.241379 0.310345 0.0689655 0.137931 0.103448 0 0 0 0 0 0 

960 941 703 75 0 0.680128 0 0 0 0 0 0 0 0 0 0 0 0 0 0 0 0 0 0 0 0 0.0689655 0 0.103448 0.241379 0.310345 0.137931 0.0689655 0.0344828 0.0344828 0 0 0 0 

896 878 641 54 0 0.728929 0 0 0 0 0 0 0 0 0 0 0 0 0 0 0 0 0.037037 0 0 0 0 0 0.259259 0.333333 0.185185 0.0740741 0.0740741 0 0.037037 0 0 0 0 

960 940 686 75 0 0.680851 0 0 0 0 0 0 0 0 0 0 0 0 0 0 0 0 0 0 0 0 0 0.137931 0.241379 0.137931 0.241379 0.206897 0.0344828 0 0 0 0 0 0 

992 981 717 75 0 0.652395 0 0 0 0 0 0 0 0 0 0 0 0 0 0 0 0 0 0 0.0333333 0 0.0666667 0.1 0.1 0.133333 0.333333 0.166667 0.0666667 0 0 0 0 0 0 

1024 1006 724 75 0 0.636183 0 0 0 0 0 0 0 0 0 0 0 0 0 0 0 0 0 0 0 0.0322581 0.0322581 0.0967742 0.290323 0.193548 0.129032 0.193548 0.0322581 0 0 0 0 0 0 

1024 1002 729 75 0 0.638723 0 0 0 0 0 0 0 0 0 0 0 0 0 0 0 0 0 0 0.0322581 0 0.0322581 0 0.193548 0.290323 0.290323 0.129032 0.0322581 0 0 0 0 0 0 

896 885 641 63 0 0.723164 0 0 0 0 0 0 0 0 0 0 0 0 0 0 0 0 0 0 0 0 0.0740741 0.148148 0.185185 0.185185 0.148148 0.259259 0 0 0 0 0 0 0 

1024 996 709 75 0 0.64257 0 0 0 0 0 0 0 0 0 0 0 0 0 0 0 0 0 0 0 0.0322581 0.0645161 0.225806 0.0645161 0.225806 0.193548 0.193548 0 0 0 0 0 0 0 

1024 1005 732 75 0 0.636816 0 0 0 0 0 0 0 0 0 0 0 0 0 0 0 0 0 0 0.0645161 0 0.0322581 0.0645161 0.129032 0.129032 0.322581 0.225806 0.0322581 0 0 0 0 0 0 

896 879 641 65 0 0.7281 0 0 0 0 0 0 0 0 0 0 0 0 0 0 0 0 0 0 0 0 0.0740741 0.037037 0.222222 0.222222 0.259259 0.111111 0.0740741 0 0 0 0 0 0 

896 876 641 63 0 0.730594 0 0 0 0 0 0 0 0 0 0 0 0 0 0 0 0 0 0 0 0.037037 0 0.037037 0.185185 0.37037 0.185185 0.111111 0.037037 0 0.037037 0 0 0 0 

1056 1039 761 75 0 0.615977 0 0 0 0 0 0 0 0 0 0 0 0 0 0 0 0 0 0 0 0 0.03125 0.125 0.09375 0.25 0.28125 0.1875 0.03125 0 0 0 0 0 0 

1024 1000 726 75 0 0.64 0 0 0 0 0 0 0 0 0 0 0 0 0 0 0 0 0 0 0 0 0.0322581 0.0967742 0.322581 0.193548 0.16129 0.0322581 0.129032 0 0.0322581 0 0 0 0 

1088 1066 781 75 0 0.600375 0 0 0 0 0 0 0 0 0 0 0 0 0 0 0 0 0 0 0 0.030303 0.0606061 0.121212 0.0606061 0.151515 0.30303 0.181818 0.0606061 0.030303 0 0 0 0 0 

896 878 642 72 0 0.728929 0 0 0 0 0 0 0 0 0 0 0 0 0 0 0 0 0 0 0 0.0740741 0 0.185185 0.0740741 0.0740741 0.296296 0.222222 0.037037 0.037037 0 0 0 0 0 

960 934 681 75 0 0.685225 0 0 0 0 0 0 0 0 0 0 0 0 0 0 0 0 0 0 0 0 0.0689655 0.172414 0.137931 0.137931 0.206897 0.0689655 0.206897 0 0 0 0 0 0 

960 943 670 75 0 0.678685 0 0 0 0 0 0 0 0 0 0 0 0 0 0 0 0 0 0 0.0344828 0.0689655 0.103448 0.137931 0.0344828 0.206897 0.206897 0.172414 0.0344828 0 0 0 0 0 0 

864 854 642 67 0 0.749415 0 0 0 0 0 0 0 0 0 0 0 0 0 0 0 0 0 0 0 0.0384615 0 0.0384615 0 0.307692 0.346154 0.153846 0.0384615 0.0769231 0 0 0 0 0 

960 951 703 75 0 0.672976 0 0 0 0 0 0 0 0 0 0 0 0 0 0 0 0 0 0 0 0 0 0.172414 0.137931 0.137931 0.310345 0.137931 0.0689655 0.0344828 0 0 0 0 0 

992 972 707 75 0 0.658436 0 0 0 0 0 0 0 0 0 0 0 0 0 0 0 0 0 0 0 0 0.0333333 0.166667 0.233333 0.166667 0.2 0.0666667 0.0666667 0.0333333 0.0333333 0 0 0 0 

896 878 642 70 0 0.728929 0 0 0 0 0 0 0 0 0 0 0 0 0 0 0 0 0 0 0 0.037037 0.037037 0.111111 0.148148 0.148148 0.222222 0.259259 0 0.037037 0 0 0 0 0 

1056 1028 750 75 0 0.622568 0 0 0 0 0 0 0 0 0 0 0 0 0 0 0 0 0 0 0 0 0.0625 0.09375 0.15625 0.125 0.34375 0.15625 0.0625 0 0 0 0 0 0 

1056 1044 772 75 0 0.613027 0 0 0 0 0 0 0 0 0 0 0 0 0 0 0 0 0 0 0 0 0 0.125 0.15625 0.1875 0.25 0.1875 0.09375 0 0 0 0 0 0 

896 876 642 74 0 0.730594 0 0 0 0 0 0 0 0 0 0 0 0 0 0 0 0 0 0 0 0 0 0.148148 0.111111 0.296296 0.222222 0.148148 0.0740741 0 0 0 0 0 0 

960 947 686 75 0 0.675818 0 0 0 0 0 0 0 0 0 0 0 0 0 0 0 0 0 0 0.0344828 0.0344828 0 0.103448 0.172414 0.206897 0.275862 0.137931 0 0.0344828 0 0 0 0 0 

896 885 642 70 0 0.723164 0 0 0 0 0 0 0 0 0 0 0 0 0 0 0 0 0 0 0 0 0.111111 0.111111 0.0740741 0.333333 0.148148 0.185185 0.037037 0 0 0 0 0 0 

928 909 667 75 0 0.70407 0 0 0 0 0 0 0 0 0 0 0 0 0 0 0 0 0 0 0 0 0.0357143 0.142857 0 0.357143 0.25 0.142857 0.0714286 0 0 0 0 0 0 

1024 997 735 75 0 0.641926 0 0 0 0 0 0 0 0 0 0 0 0 0 0 0 0 0 0 0 0 0 0.225806 0.0645161 0.193548 0.290323 0.0645161 0.0645161 0.0322581 0.0645161 0 0 0 0 

960 931 690 75 0 0.687433 0 0 0 0 0 0 0 0 0 0 0 0 0 0 0 0 0 0 0 0 0.0689655 0 0.137931 0.206897 0.275862 0.206897 0.0689655 0.0344828 0 0 0 0 0 

1024 999 722 75 0 0.640641 0 0 0 0 0 0 0 0 0 0 0 0 0 0 0 0 0 0 0 0.0322581 0.129032 0.0645161 0.0967742 0.16129 0.290323 0.16129 0.0645161 0 0 0 0 0 0 

896 877 642 70 0 0.729761 0 0 0 0 0 0 0 0 0 0 0 0 0 0 0 0 0 0 0 0 0.037037 0.111111 0.222222 0.222222 0.148148 0.111111 0.111111 0.037037 0 0 0 0 0 

928 903 642 75 0 0.708749 0 0 0 0 0 0 0 0 0 0 0 0 0 0 0 0 0 0 0 0.0357143 0.178571 0.142857 0.0357143 0.214286 0.214286 0.107143 0.0357143 0.0357143 0 0 0 0 0 

896 885 665 75 0 0.723164 0 0 0 0 0 0 0 0 0 0 0 0 0 0 0 0 0 0 0 0 0.037037 0.0740741 0.148148 0.111111 0.185185 0.259259 0.185185 0 0 0 0 0 0 

896 878 641 63 0 0.728929 0 0 0 0 0 0 0 0 0 0 0 0 0 0 0 0 0 0 0.037037 0 0.037037 0.0740741 0.111111 0.259259 0.222222 0.222222 0.037037 0 0 0 0 0 0 

960 934 694 75 0 0.685225 0 0 0 0 0 0 0 0 0 0 0 0 0 0 0 0 0 0 0 0 0.103448 0.0344828 0.0344828 0.206897 0.241379 0.241379 0.137931 0 0 0 0 0 0 

928 906 642 69 0 0.706402 0 0 0 0 0 0 0 0 0 0 0 0 0 0 0 0 0 0.0357143 0.0357143 0.0714286 0.0357143 0.107143 0.107143 0.178571 0.25 0.107143 0.0714286 0 0 0 0 0 0 

992 968 711 75 0 0.661157 0 0 0 0 0 0 0 0 0 0 0 0 0 0 0 0 0 0 0.0333333 0 0 0.1 0.166667 0.1 0.333333 0.166667 0.1 0 0 0 0 0 0 

896 867 642 73 0 0.738178 0 0 0 0 0 0 0 0 0 0 0 0 0 0 0 0 0 0 0 0.037037 0 0.0740741 0.037037 0.148148 0.407407 0.296296 0 0 0 0 0 0 0 

992 983 719 75 0 0.651068 0 0 0 0 0 0 0 0 0 0 0 0 0 0 0 0 0 0 0 0 0 0.2 0.133333 0.266667 0.2 0.1 0.0666667 0.0333333 0 0 0 0 0 

896 879 642 71 0 0.7281 0 0 0 0 0 0 0 0 0 0 0 0 0 0 0 0 0 0 0.037037 0 0.037037 0.111111 0.111111 0.111111 0.333333 0.259259 0 0 0 0 0 0 0 

1056 1028 749 75 0 0.622568 0 0 0 0 0 0 0 0 0 0 0 0 0 0 0 0 0 0 0 0 0.03125 0.09375 0.25 0.15625 0.15625 0.28125 0.03125 0 0 0 0 0 0 

896 881 655 75 0 0.726447 0 0 0 0 0 0 0 0 0 0 0 0 0 0 0 0 0 0 0.037037 0 0.037037 0 0.0740741 0.296296 0.222222 0.222222 0.111111 0 0 0 0 0 0 

928 914 680 75 0 0.700219 0 0 0 0 0 0 0 0 0 0 0 0 0 0 0 0 0 0 0 0 0 0.0357143 0.178571 0.25 0.285714 0.178571 0.0357143 0.0357143 0 0 0 0 0 

1024 1001 721 75 0 0.639361 0 0 0 0 0 0 0 0 0 0 0 0 0 0 0 0 0 0 0.0322581 0 0.129032 0.0322581 0.16129 0.225806 0.16129 0.193548 0.0645161 0 0 0 0 0 0 

896 877 641 62 0 0.729761 0 0 0 0 0 0 0 0 0 0 0 0 0 0 0 0 0 0 0 0.037037 0.037037 0.185185 0.111111 0.185185 0.111111 0.185185 0.0740741 0.0740741 0 0 0 0 0 

896 889 642 66 0 0.71991 0 0 0 0 0 0 0 0 0 0 0 0 0 0 0 0 0 0 0 0 0.037037 0.0740741 0.37037 0.185185 0.185185 0.148148 0 0 0 0 0 0 0 

1024 1010 732 75 0 0.633663 0 0 0 0 0 0 0 0 0 0 0 0 0 0 0 0 0 0 0 0 0.0645161 0.0645161 0.225806 0.225806 0.258065 0.16129 0 0 0 0 0 0 0 

928 900 655 75 0 0.711111 0 0 0 0 0 0 0 0 0 0 0 0 0 0 0 0 0 0 0 0 0.0357143 0.107143 0.214286 0.107143 0.321429 0.178571 0.0357143 0 0 0 0 0 0 

960 937 674 75 0 0.683031 0 0 0 0 0 0 0 0 0 0 0 0 0 0 0 0 0 0 0 0 0.0344828 0.137931 0.206897 0.310345 0.103448 0.206897 0 0 0 0 0 0 0 

896 875 642 68 0 0.731429 0 0 0 0 0 0 0 0 0 0 0 0 0 0 0 0 0 0 0 0 0.037037 0.111111 0.148148 0.222222 0.259259 0.0740741 0.148148 0 0 0 0 0 0 

864 855 641 72 0 0.748538 0 0 0 0 0 0 0 0 0 0 0 0 0 0 0 0 0 0 0.0384615 0 0 0.0384615 0.0769231 0.115385 0.423077 0.192308 0.115385 0 0 0 0 0 0 

1056 1032 735 75 0 0.620155 0 0 0 0 0 0 0 0 0 0 0 0 0 0 0 0 0 0 0 0.09375 0.03125 0.09375 0.25 0.15625 0.1875 0.125 0.0625 0 0 0 0 0 0 

896 875 642 75 0 0.731429 0 0 0 0 0 0 0 0 0 0 0 0 0 0 0 0 0 0 0 0 0.0740741 0.037037 0.148148 0.296296 0.185185 0.148148 0.111111 0 0 0 0 0 0 

992 972 684 75 0 0.658436 0 0 0 0 0 0 0 0 0 0 0 0 0 0 0 0 0 0.0333333 0 0.0333333 0.1 0.2 0.133333 0.133333 0.2 0.133333 0.0333333 0 0 0 0 0 0 

960 931 687 75 0 0.687433 0 0 0 0 0 0 0 0 0 0 0 0 0 0 0 0 0 0 0 0 0 0.137931 0.137931 0.206897 0.241379 0.103448 0.137931 0.0344828 0 0 0 0 0 

