992 965 707 75 0 0.663212 0 0 0 0 0 0 0 0 0 0 0 0 0 0 0 0 0 0 0 0.0333333 0.0666667 0.0333333 0.133333 0.133333 0.333333 0.2 0.0666667 0 0 0 0 0 0 

992 964 710 75 0 0.6639 0 0 0 0 0 0 0 0 0 0 0 0 0 0 0 0 0 0 0 0.0666667 0 0.166667 0 0.133333 0.266667 0.266667 0.0666667 0.0333333 0 0 0 0 0 

992 963 702 75 0 0.66459 0 0 0 0 0 0 0 0 0 0 0 0 0 0 0 0 0 0 0 0 0.0333333 0.0666667 0.2 0.233333 0.233333 0.2 0.0333333 0 0 0 0 0 0 

992 964 704 75 0 0.6639 0 0 0 0 0 0 0 0 0 0 0 0 0 0 0 0 0 0 0 0 0.0333333 0.0666667 0.2 0.233333 0.2 0.233333 0.0333333 0 0 0 0 0 0 

1056 1027 763 75 0 0.623174 0 0 0 0 0 0 0 0 0 0 0 0 0 0 0 0 0 0 0 0 0.03125 0.03125 0.15625 0.25 0.1875 0.15625 0.1875 0 0 0 0 0 0 

928 908 642 75 0 0.704846 0 0 0 0 0 0 0 0 0 0 0 0 0 0 0 0 0 0 0.0357143 0.0714286 0.0357143 0 0.321429 0.285714 0.178571 0.0357143 0 0.0357143 0 0 0 0 0 

992 963 706 75 0 0.66459 0 0 0 0 0 0 0 0 0 0 0 0 0 0 0 0 0 0 0 0 0.0666667 0.1 0.166667 0.2 0.2 0.0666667 0.133333 0.0666667 0 0 0 0 0 

1120 1094 781 75 0 0.585009 0 0 0 0 0 0 0 0 0 0 0 0 0 0 0 0 0 0 0.0294118 0 0.0882353 0.0588235 0.205882 0.235294 0.264706 0.0882353 0.0294118 0 0 0 0 0 0 

1056 1027 757 75 0 0.623174 0 0 0 0 0 0 0 0 0 0 0 0 0 0 0 0 0 0 0 0 0 0.0625 0.1875 0.25 0.25 0.15625 0.0625 0.03125 0 0 0 0 0 

