640 617 441 56 0 0.583468 0 0 0 0 0 0 0 0 0 0 0 0 0 0 0 0 0 0 0.105263 0 0.0526316 0.105263 0.0526316 0.368421 0.105263 0.105263 0.0526316 0.0526316 0 0 0 0 0 

640 618 450 56 0 0.582524 0 0 0 0 0 0 0 0 0 0 0 0 0 0 0 0 0 0 0 0.0526316 0 0.0526316 0.105263 0.368421 0.263158 0.157895 0 0 0 0 0 0 0 

640 618 453 56 0 0.582524 0 0 0 0 0 0 0 0 0 0 0 0 0 0 0 0 0 0 0.0526316 0 0.0526316 0.0526316 0.0526316 0.315789 0.105263 0.315789 0.0526316 0 0 0 0 0 0 

640 618 446 56 0 0.582524 0 0 0 0 0 0 0 0 0 0 0 0 0 0 0 0 0 0 0 0 0 0.157895 0.315789 0.157895 0.210526 0.105263 0.0526316 0 0 0 0 0 0 

640 618 447 56 0 0.582524 0 0 0 0 0 0 0 0 0 0 0 0 0 0 0 0 0 0 0 0 0.0526316 0.105263 0.210526 0.315789 0.105263 0.157895 0.0526316 0 0 0 0 0 0 

640 618 446 56 0 0.582524 0 0 0 0 0 0 0 0 0 0 0 0 0 0 0 0 0 0 0 0 0 0.263158 0.105263 0.263158 0.210526 0.105263 0.0526316 0 0 0 0 0 0 

640 618 448 56 0 0.582524 0 0 0 0 0 0 0 0 0 0 0 0 0 0 0 0 0 0 0 0 0 0 0.263158 0.473684 0.210526 0.0526316 0 0 0 0 0 0 0 

640 617 455 56 0 0.583468 0 0 0 0 0 0 0 0 0 0 0 0 0 0 0 0 0 0 0 0 0 0.105263 0.157895 0.105263 0.421053 0.210526 0 0 0 0 0 0 0 

640 618 447 56 0 0.582524 0 0 0 0 0 0 0 0 0 0 0 0 0 0 0 0 0 0 0 0 0.0526316 0 0.210526 0.473684 0.157895 0.105263 0 0 0 0 0 0 0 

640 617 464 56 0 0.583468 0 0 0 0 0 0 0 0 0 0 0 0 0 0 0 0 0 0 0 0 0 0.105263 0.157895 0.105263 0.263158 0.105263 0.210526 0.0526316 0 0 0 0 0 

