672 650 469 53 0 0.492308 0 0 0 0 0 0 0 0 0 0 0 0 0 0 0 0 0 0 0 0.05 0.15 0 0.2 0.25 0 0.3 0 0.05 0 0 0 0 0 

672 647 465 53 0 0.49459 0 0 0 0 0 0 0 0 0 0 0 0 0 0 0 0 0 0 0 0.05 0.05 0.1 0.2 0.2 0.2 0.15 0.05 0 0 0 0 0 0 

544 533 406 53 0 0.600375 0 0 0 0 0 0 0 0 0 0 0 0 0 0 0 0 0 0 0 0.0625 0 0.0625 0 0.1875 0.25 0.1875 0.1875 0.0625 0 0 0 0 0 

544 534 399 53 0 0.599251 0 0 0 0 0 0 0 0 0 0 0 0 0 0 0 0 0 0 0 0 0 0.125 0.125 0.25 0.1875 0.1875 0.125 0 0 0 0 0 0 

544 533 395 53 0 0.600375 0 0 0 0 0 0 0 0 0 0 0 0 0 0 0 0 0 0 0 0 0.0625 0.0625 0.3125 0.0625 0.125 0.25 0.125 0 0 0 0 0 0 

544 533 403 53 0 0.600375 0 0 0 0 0 0 0 0 0 0 0 0 0 0 0 0 0 0 0 0 0.0625 0.0625 0.0625 0.25 0.1875 0.125 0.1875 0.0625 0 0 0 0 0 

544 528 388 53 0 0.606061 0 0 0 0 0 0 0 0 0 0 0 0 0 0 0 0 0 0 0 0 0 0.0625 0.3125 0.3125 0.125 0.125 0 0 0.0625 0 0 0 0 

608 593 435 53 0 0.539629 0 0 0 0 0 0 0 0 0 0 0 0 0 0 0 0 0 0 0 0.0555556 0.0555556 0.0555556 0.222222 0.111111 0.222222 0.111111 0.166667 0 0 0 0 0 0 

544 533 397 53 0 0.600375 0 0 0 0 0 0 0 0 0 0 0 0 0 0 0 0 0 0 0 0 0 0.0625 0.125 0.3125 0.3125 0.125 0.0625 0 0 0 0 0 0 

544 533 400 53 0 0.600375 0 0 0 0 0 0 0 0 0 0 0 0 0 0 0 0 0 0 0.0625 0 0 0.0625 0.125 0.125 0.25 0.125 0.25 0 0 0 0 0 0 

544 534 390 53 0 0.599251 0 0 0 0 0 0 0 0 0 0 0 0 0 0 0 0 0 0 0 0 0.0625 0.125 0.0625 0.3125 0.375 0.0625 0 0 0 0 0 0 0 

544 533 401 53 0 0.600375 0 0 0 0 0 0 0 0 0 0 0 0 0 0 0 0 0 0 0 0 0 0 0.25 0.1875 0.1875 0.3125 0.0625 0 0 0 0 0 0 

544 533 399 53 0 0.600375 0 0 0 0 0 0 0 0 0 0 0 0 0 0 0 0 0 0 0 0 0 0.0625 0.125 0.1875 0.375 0.25 0 0 0 0 0 0 0 

608 596 434 53 0 0.536913 0 0 0 0 0 0 0 0 0 0 0 0 0 0 0 0 0 0 0 0 0.111111 0.0555556 0.111111 0.277778 0.333333 0.111111 0 0 0 0 0 0 0 

544 528 391 53 0 0.606061 0 0 0 0 0 0 0 0 0 0 0 0 0 0 0 0 0 0 0.0625 0 0.0625 0 0.125 0.3125 0.125 0.125 0.0625 0.125 0 0 0 0 0 

544 533 387 53 0 0.600375 0 0 0 0 0 0 0 0 0 0 0 0 0 0 0 0 0 0.0625 0 0 0.0625 0.0625 0.3125 0.0625 0.125 0.1875 0.125 0 0 0 0 0 0 

672 649 458 53 0 0.493066 0 0 0 0 0 0 0 0 0 0 0 0 0 0 0 0 0 0 0 0 0.25 0.05 0.1 0.3 0.25 0 0.05 0 0 0 0 0 0 

608 596 447 53 0 0.536913 0 0 0 0 0 0 0 0 0 0 0 0 0 0 0 0 0 0 0 0 0 0.0555556 0.166667 0.222222 0.277778 0.166667 0.0555556 0.0555556 0 0 0 0 0 

480 456 341 53 0 0.701754 0 0 0 0 0 0 0 0 0 0 0 0 0 0 0 0 0 0 0 0 0 0.0714286 0.214286 0.142857 0.142857 0.285714 0.142857 0 0 0 0 0 0 

608 596 439 53 0 0.536913 0 0 0 0 0 0 0 0 0 0 0 0 0 0 0 0 0 0 0 0 0.0555556 0.111111 0.111111 0.333333 0.111111 0.166667 0.111111 0 0 0 0 0 0 

544 520 381 53 0 0.615385 0 0 0 0 0 0 0 0 0 0 0 0 0 0 0 0 0 0 0 0 0 0.125 0.25 0.3125 0 0.125 0.1875 0 0 0 0 0 0 

544 534 399 53 0 0.599251 0 0 0 0 0 0 0 0 0 0 0 0 0 0 0 0 0 0 0 0 0 0 0.3125 0.0625 0.4375 0.125 0.0625 0 0 0 0 0 0 

672 649 469 53 0 0.493066 0 0 0 0 0 0 0 0 0 0 0 0 0 0 0 0 0 0 0.05 0 0 0.1 0.1 0.45 0.15 0.05 0.1 0 0 0 0 0 0 

672 647 474 53 0 0.49459 0 0 0 0 0 0 0 0 0 0 0 0 0 0 0 0 0 0 0.05 0 0 0.1 0.15 0.15 0.3 0.1 0.15 0 0 0 0 0 0 

544 534 390 53 0 0.599251 0 0 0 0 0 0 0 0 0 0 0 0 0 0 0 0 0 0 0 0.0625 0.125 0.0625 0.1875 0.125 0.0625 0.25 0.125 0 0 0 0 0 0 

608 591 431 53 0 0.541455 0 0 0 0 0 0 0 0 0 0 0 0 0 0 0 0 0 0 0 0.0555556 0.111111 0.0555556 0.111111 0.0555556 0.333333 0.277778 0 0 0 0 0 0 0 

544 533 390 53 0 0.600375 0 0 0 0 0 0 0 0 0 0 0 0 0 0 0 0 0 0 0 0.0625 0 0.0625 0.125 0.25 0.4375 0.0625 0 0 0 0 0 0 0 

672 647 465 53 0 0.49459 0 0 0 0 0 0 0 0 0 0 0 0 0 0 0 0 0 0 0 0 0.05 0.25 0.1 0.15 0.25 0.2 0 0 0 0 0 0 0 

544 533 393 53 0 0.600375 0 0 0 0 0 0 0 0 0 0 0 0 0 0 0 0 0 0 0 0.0625 0.0625 0 0.125 0.25 0.1875 0.3125 0 0 0 0 0 0 0 

608 593 437 53 0 0.539629 0 0 0 0 0 0 0 0 0 0 0 0 0 0 0 0 0 0 0 0 0 0.111111 0.277778 0.222222 0.166667 0.0555556 0.111111 0.0555556 0 0 0 0 0 

608 596 435 53 0 0.536913 0 0 0 0 0 0 0 0 0 0 0 0 0 0 0 0 0 0 0 0 0.0555556 0.166667 0.0555556 0.388889 0.111111 0.166667 0.0555556 0 0 0 0 0 0 

544 533 400 53 0 0.600375 0 0 0 0 0 0 0 0 0 0 0 0 0 0 0 0 0 0 0 0 0 0.0625 0.1875 0.1875 0.1875 0.3125 0.0625 0 0 0 0 0 0 

544 533 402 53 0 0.600375 0 0 0 0 0 0 0 0 0 0 0 0 0 0 0 0 0 0 0 0 0 0.0625 0.25 0.125 0.1875 0.1875 0.125 0.0625 0 0 0 0 0 

544 533 398 53 0 0.600375 0 0 0 0 0 0 0 0 0 0 0 0 0 0 0 0 0 0 0 0 0 0.0625 0.25 0.0625 0.3125 0.3125 0 0 0 0 0 0 0 

608 597 427 53 0 0.536013 0 0 0 0 0 0 0 0 0 0 0 0 0 0 0 0 0 0.0555556 0.0555556 0.0555556 0.0555556 0 0.166667 0.222222 0.166667 0.111111 0.111111 0 0 0 0 0 0 

608 596 429 53 0 0.536913 0 0 0 0 0 0 0 0 0 0 0 0 0 0 0 0 0 0 0 0.0555556 0.0555556 0.111111 0.222222 0.333333 0 0.111111 0.111111 0 0 0 0 0 0 

544 533 396 53 0 0.600375 0 0 0 0 0 0 0 0 0 0 0 0 0 0 0 0 0 0 0 0 0 0.0625 0.3125 0.1875 0.1875 0.125 0.0625 0.0625 0 0 0 0 0 

544 534 398 53 0 0.599251 0 0 0 0 0 0 0 0 0 0 0 0 0 0 0 0 0 0 0 0 0 0 0.25 0.25 0.25 0.25 0 0 0 0 0 0 0 

608 596 433 53 0 0.536913 0 0 0 0 0 0 0 0 0 0 0 0 0 0 0 0 0 0 0 0.0555556 0 0.166667 0.0555556 0.277778 0.333333 0.111111 0 0 0 0 0 0 0 

672 649 466 53 0 0.493066 0 0 0 0 0 0 0 0 0 0 0 0 0 0 0 0 0 0 0 0.1 0 0.1 0.25 0.15 0.2 0.15 0 0.05 0 0 0 0 0 

608 596 445 53 0 0.536913 0 0 0 0 0 0 0 0 0 0 0 0 0 0 0 0 0 0 0 0 0.0555556 0.0555556 0.222222 0.111111 0.166667 0.277778 0.0555556 0.0555556 0 0 0 0 0 

544 533 396 53 0 0.600375 0 0 0 0 0 0 0 0 0 0 0 0 0 0 0 0 0 0 0 0 0 0.125 0.1875 0.1875 0.25 0.125 0.125 0 0 0 0 0 0 

672 648 459 53 0 0.493827 0 0 0 0 0 0 0 0 0 0 0 0 0 0 0 0 0 0.05 0 0 0.15 0.15 0.1 0.2 0.1 0.15 0.1 0 0 0 0 0 0 

544 533 401 53 0 0.600375 0 0 0 0 0 0 0 0 0 0 0 0 0 0 0 0 0 0 0 0 0.0625 0.125 0 0.25 0.25 0.125 0.125 0 0.0625 0 0 0 0 

544 533 392 53 0 0.600375 0 0 0 0 0 0 0 0 0 0 0 0 0 0 0 0 0 0 0 0 0 0.125 0.25 0.125 0.3125 0.1875 0 0 0 0 0 0 0 

608 597 430 53 0 0.536013 0 0 0 0 0 0 0 0 0 0 0 0 0 0 0 0 0 0 0 0 0.0555556 0.166667 0.444444 0 0.111111 0.111111 0.111111 0 0 0 0 0 0 

544 534 396 53 0 0.599251 0 0 0 0 0 0 0 0 0 0 0 0 0 0 0 0 0 0 0 0 0.0625 0.0625 0.25 0.125 0.125 0.3125 0.0625 0 0 0 0 0 0 

544 533 400 53 0 0.600375 0 0 0 0 0 0 0 0 0 0 0 0 0 0 0 0 0 0 0 0 0 0.0625 0.1875 0.1875 0.1875 0.3125 0.0625 0 0 0 0 0 0 

544 534 403 53 0 0.599251 0 0 0 0 0 0 0 0 0 0 0 0 0 0 0 0 0 0 0 0 0 0 0.25 0.125 0.25 0.3125 0.0625 0 0 0 0 0 0 

608 596 431 53 0 0.536913 0 0 0 0 0 0 0 0 0 0 0 0 0 0 0 0 0 0 0 0.0555556 0 0.277778 0.0555556 0.166667 0.277778 0.111111 0.0555556 0 0 0 0 0 0 

704 685 489 53 0 0.467153 0 0 0 0 0 0 0 0 0 0 0 0 0 0 0 0 0 0.047619 0 0 0.0952381 0.0952381 0.238095 0.142857 0.190476 0.0952381 0.0952381 0 0 0 0 0 0 

608 597 447 53 0 0.536013 0 0 0 0 0 0 0 0 0 0 0 0 0 0 0 0 0 0 0 0 0.0555556 0.111111 0.111111 0.166667 0.166667 0.166667 0.222222 0 0 0 0 0 0 

608 590 432 53 0 0.542373 0 0 0 0 0 0 0 0 0 0 0 0 0 0 0 0 0 0 0 0.111111 0.0555556 0.0555556 0.166667 0.111111 0.111111 0.222222 0.111111 0.0555556 0 0 0 0 0 

544 533 405 53 0 0.600375 0 0 0 0 0 0 0 0 0 0 0 0 0 0 0 0 0 0 0 0 0 0 0.1875 0.125 0.375 0.125 0.1875 0 0 0 0 0 0 

672 649 468 53 0 0.493066 0 0 0 0 0 0 0 0 0 0 0 0 0 0 0 0 0 0 0 0 0 0.1 0.25 0.35 0.2 0.1 0 0 0 0 0 0 0 

576 561 397 53 0 0.57041 0 0 0 0 0 0 0 0 0 0 0 0 0 0 0 0 0 0 0.117647 0 0 0.176471 0.176471 0.176471 0.294118 0 0.0588235 0 0 0 0 0 0 

544 533 390 53 0 0.600375 0 0 0 0 0 0 0 0 0 0 0 0 0 0 0 0 0 0.0625 0 0 0.0625 0 0.125 0.25 0.3125 0.125 0.0625 0 0 0 0 0 0 

608 596 436 53 0 0.536913 0 0 0 0 0 0 0 0 0 0 0 0 0 0 0 0 0 0 0 0 0.0555556 0.222222 0 0.222222 0.333333 0.111111 0.0555556 0 0 0 0 0 0 

544 535 387 53 0 0.598131 0 0 0 0 0 0 0 0 0 0 0 0 0 0 0 0 0 0 0 0 0.125 0.25 0.1875 0.125 0 0.125 0.1875 0 0 0 0 0 0 

544 533 390 53 0 0.600375 0 0 0 0 0 0 0 0 0 0 0 0 0 0 0 0 0 0 0 0.0625 0 0.0625 0.1875 0.3125 0.1875 0.125 0.0625 0 0 0 0 0 0 

608 596 441 53 0 0.536913 0 0 0 0 0 0 0 0 0 0 0 0 0 0 0 0 0 0 0.0555556 0 0 0.0555556 0.111111 0.222222 0.277778 0.222222 0.0555556 0 0 0 0 0 0 

544 532 400 53 0 0.601504 0 0 0 0 0 0 0 0 0 0 0 0 0 0 0 0 0 0 0 0 0.0625 0 0.125 0.25 0.1875 0.25 0.125 0 0 0 0 0 0 

544 534 401 53 0 0.599251 0 0 0 0 0 0 0 0 0 0 0 0 0 0 0 0 0 0 0 0 0 0.125 0.0625 0.1875 0.375 0.1875 0 0.0625 0 0 0 0 0 

544 534 392 53 0 0.599251 0 0 0 0 0 0 0 0 0 0 0 0 0 0 0 0 0 0 0 0 0.0625 0 0.1875 0.4375 0.125 0.1875 0 0 0 0 0 0 0 

544 534 402 53 0 0.599251 0 0 0 0 0 0 0 0 0 0 0 0 0 0 0 0 0 0 0 0 0 0.125 0.125 0.125 0.25 0.25 0.125 0 0 0 0 0 0 

544 534 392 53 0 0.599251 0 0 0 0 0 0 0 0 0 0 0 0 0 0 0 0 0 0 0 0 0.0625 0.125 0.125 0.3125 0.0625 0.3125 0 0 0 0 0 0 0 

608 594 431 53 0 0.538721 0 0 0 0 0 0 0 0 0 0 0 0 0 0 0 0 0 0 0.0555556 0 0.0555556 0 0.111111 0.5 0.0555556 0.222222 0 0 0 0 0 0 0 

544 533 392 53 0 0.600375 0 0 0 0 0 0 0 0 0 0 0 0 0 0 0 0 0 0 0 0 0.0625 0 0.25 0.1875 0.375 0.125 0 0 0 0 0 0 0 

608 596 427 53 0 0.536913 0 0 0 0 0 0 0 0 0 0 0 0 0 0 0 0 0 0 0 0.0555556 0 0.166667 0.277778 0.166667 0.222222 0.111111 0 0 0 0 0 0 0 

608 596 436 53 0 0.536913 0 0 0 0 0 0 0 0 0 0 0 0 0 0 0 0 0 0 0 0.0555556 0 0.166667 0.166667 0.0555556 0.333333 0.166667 0.0555556 0 0 0 0 0 0 

608 592 429 53 0 0.540541 0 0 0 0 0 0 0 0 0 0 0 0 0 0 0 0 0 0 0 0 0.0555556 0.166667 0.277778 0.222222 0.0555556 0.0555556 0.111111 0.0555556 0 0 0 0 0 

544 533 395 53 0 0.600375 0 0 0 0 0 0 0 0 0 0 0 0 0 0 0 0 0 0 0 0 0 0.125 0.0625 0.375 0.3125 0 0.125 0 0 0 0 0 0 

608 596 436 53 0 0.536913 0 0 0 0 0 0 0 0 0 0 0 0 0 0 0 0 0 0 0 0 0 0.166667 0.222222 0.222222 0.166667 0.166667 0.0555556 0 0 0 0 0 0 

544 533 394 53 0 0.600375 0 0 0 0 0 0 0 0 0 0 0 0 0 0 0 0 0 0 0 0 0 0.0625 0.25 0.3125 0.125 0.1875 0.0625 0 0 0 0 0 0 

608 596 436 53 0 0.536913 0 0 0 0 0 0 0 0 0 0 0 0 0 0 0 0 0 0 0 0 0.111111 0.0555556 0.222222 0.222222 0.166667 0.111111 0.0555556 0.0555556 0 0 0 0 0 

672 648 468 53 0 0.493827 0 0 0 0 0 0 0 0 0 0 0 0 0 0 0 0 0 0 0 0.05 0.05 0 0.2 0.3 0.25 0.15 0 0 0 0 0 0 0 

544 533 395 53 0 0.600375 0 0 0 0 0 0 0 0 0 0 0 0 0 0 0 0 0 0 0 0 0 0.0625 0.25 0.25 0.1875 0.1875 0.0625 0 0 0 0 0 0 

608 596 435 53 0 0.536913 0 0 0 0 0 0 0 0 0 0 0 0 0 0 0 0 0 0 0 0 0.111111 0.111111 0.166667 0.0555556 0.333333 0.222222 0 0 0 0 0 0 0 

608 596 433 53 0 0.536913 0 0 0 0 0 0 0 0 0 0 0 0 0 0 0 0 0 0 0 0.0555556 0.111111 0.0555556 0.222222 0.166667 0.111111 0.111111 0.166667 0 0 0 0 0 0 

608 596 439 53 0 0.536913 0 0 0 0 0 0 0 0 0 0 0 0 0 0 0 0 0 0 0 0 0.0555556 0.111111 0.222222 0.111111 0.277778 0.0555556 0.166667 0 0 0 0 0 0 

608 593 433 53 0 0.539629 0 0 0 0 0 0 0 0 0 0 0 0 0 0 0 0 0 0 0 0 0 0.222222 0.166667 0.166667 0.166667 0.277778 0 0 0 0 0 0 0 

608 591 431 53 0 0.541455 0 0 0 0 0 0 0 0 0 0 0 0 0 0 0 0 0 0 0 0 0.0555556 0.0555556 0.222222 0.222222 0.277778 0.166667 0 0 0 0 0 0 0 

544 533 392 53 0 0.600375 0 0 0 0 0 0 0 0 0 0 0 0 0 0 0 0 0 0 0 0.0625 0 0.0625 0.125 0.25 0.3125 0.1875 0 0 0 0 0 0 0 

608 597 439 53 0 0.536013 0 0 0 0 0 0 0 0 0 0 0 0 0 0 0 0 0 0 0 0.0555556 0.0555556 0 0.111111 0.333333 0.222222 0.166667 0.0555556 0 0 0 0 0 0 

544 533 394 53 0 0.600375 0 0 0 0 0 0 0 0 0 0 0 0 0 0 0 0 0 0 0 0 0 0.125 0.0625 0.375 0.25 0.1875 0 0 0 0 0 0 0 

608 596 434 53 0 0.536913 0 0 0 0 0 0 0 0 0 0 0 0 0 0 0 0 0 0 0 0.0555556 0 0.111111 0.222222 0.166667 0.333333 0 0.111111 0 0 0 0 0 0 

608 593 442 53 0 0.539629 0 0 0 0 0 0 0 0 0 0 0 0 0 0 0 0 0 0 0 0.0555556 0.0555556 0 0.0555556 0.277778 0.222222 0.222222 0.0555556 0.0555556 0 0 0 0 0 

608 596 428 53 0 0.536913 0 0 0 0 0 0 0 0 0 0 0 0 0 0 0 0 0 0 0 0.0555556 0.111111 0.0555556 0.166667 0.333333 0.111111 0.111111 0.0555556 0 0 0 0 0 0 

608 596 429 53 0 0.536913 0 0 0 0 0 0 0 0 0 0 0 0 0 0 0 0 0 0 0 0.166667 0.111111 0 0.111111 0.222222 0.111111 0.166667 0.0555556 0.0555556 0 0 0 0 0 

672 647 473 53 0 0.49459 0 0 0 0 0 0 0 0 0 0 0 0 0 0 0 0 0 0 0 0 0.05 0.05 0.05 0.4 0.3 0.15 0 0 0 0 0 0 0 

544 533 401 53 0 0.600375 0 0 0 0 0 0 0 0 0 0 0 0 0 0 0 0 0 0 0 0 0.0625 0.0625 0.125 0.1875 0.125 0.3125 0.0625 0.0625 0 0 0 0 0 

608 596 426 53 0 0.536913 0 0 0 0 0 0 0 0 0 0 0 0 0 0 0 0 0.0555556 0 0 0 0 0.0555556 0.388889 0.166667 0.222222 0.111111 0 0 0 0 0 0 0 

544 534 394 53 0 0.599251 0 0 0 0 0 0 0 0 0 0 0 0 0 0 0 0 0 0 0 0 0.125 0.125 0.125 0.0625 0.1875 0.3125 0.0625 0 0 0 0 0 0 

544 534 396 53 0 0.599251 0 0 0 0 0 0 0 0 0 0 0 0 0 0 0 0 0 0 0 0 0 0 0.125 0.4375 0.375 0.0625 0 0 0 0 0 0 0 

672 648 469 53 0 0.493827 0 0 0 0 0 0 0 0 0 0 0 0 0 0 0 0 0 0 0 0.1 0 0.05 0.1 0.35 0.15 0.25 0 0 0 0 0 0 0 

672 648 470 53 0 0.493827 0 0 0 0 0 0 0 0 0 0 0 0 0 0 0 0 0 0 0 0 0 0.15 0.15 0.3 0.25 0.15 0 0 0 0 0 0 0 

672 648 472 53 0 0.493827 0 0 0 0 0 0 0 0 0 0 0 0 0 0 0 0 0 0 0 0 0.1 0.1 0.15 0.25 0.1 0.15 0.15 0 0 0 0 0 0 

544 533 397 53 0 0.600375 0 0 0 0 0 0 0 0 0 0 0 0 0 0 0 0 0 0 0 0 0 0.0625 0.1875 0.1875 0.375 0.125 0.0625 0 0 0 0 0 0 

608 597 432 53 0 0.536013 0 0 0 0 0 0 0 0 0 0 0 0 0 0 0 0 0 0 0 0 0.111111 0.0555556 0.277778 0.277778 0.111111 0.0555556 0.111111 0 0 0 0 0 0 

608 597 432 53 0 0.536013 0 0 0 0 0 0 0 0 0 0 0 0 0 0 0 0 0 0 0 0.0555556 0.111111 0.111111 0.111111 0.166667 0.222222 0.166667 0.0555556 0 0 0 0 0 0 

