3072 3058 2261 120 0 0.523218 0 0 0 0 0 0 0 0 0 0 0 0 0 0 0 0 0 0 0 0 0.0210526 0.0421053 0.178947 0.231579 0.252632 0.168421 0.0736842 0.0315789 0 0 0 0 0 

3104 3089 2246 120 0 0.517967 0 0 0 0 0 0 0 0 0 0 0 0 0 0 0 0 0 0 0.0104167 0.0208333 0.0520833 0.145833 0.125 0.135417 0.229167 0.15625 0.114583 0.0104167 0 0 0 0 0 

3296 3280 2401 120 0 0.487805 0 0 0 0 0 0 0 0 0 0 0 0 0 0 0 0 0 0 0 0.00980392 0.0392157 0.117647 0.127451 0.22549 0.205882 0.166667 0.0784314 0.0196078 0.00980392 0 0 0 0 

3264 3252 2372 120 0 0.492005 0 0 0 0 0 0 0 0 0 0 0 0 0 0 0 0 0 0 0 0.00990099 0.039604 0.128713 0.178218 0.128713 0.237624 0.19802 0.0693069 0.00990099 0 0 0 0 0 

3232 3205 2330 120 0 0.49922 0 0 0 0 0 0 0 0 0 0 0 0 0 0 0 0 0 0 0 0.02 0.05 0.09 0.16 0.19 0.26 0.15 0.06 0.02 0 0 0 0 0 

3264 3252 2387 120 0 0.492005 0 0 0 0 0 0 0 0 0 0 0 0 0 0 0 0 0 0.00990099 0 0.00990099 0.019802 0.049505 0.168317 0.237624 0.247525 0.19802 0.029703 0.019802 0.00990099 0 0 0 0 

3104 3094 2256 120 0 0.51713 0 0 0 0 0 0 0 0 0 0 0 0 0 0 0 0 0 0 0 0.0104167 0.0625 0.0416667 0.208333 0.208333 0.229167 0.166667 0.0625 0.0104167 0 0 0 0 0 

3424 3412 2436 120 0 0.468933 0 0 0 0 0 0 0 0 0 0 0 0 0 0 0 0 0.00943396 0.00943396 0.00943396 0.0283019 0.0754717 0.122642 0.113208 0.207547 0.264151 0.103774 0.0377358 0.0188679 0 0 0 0 0 

3264 3252 2343 120 0 0.492005 0 0 0 0 0 0 0 0 0 0 0 0 0 0 0 0 0 0 0 0.019802 0.019802 0.0990099 0.227723 0.287129 0.188119 0.0990099 0.0594059 0 0 0 0 0 0 

3104 3094 2244 120 0 0.51713 0 0 0 0 0 0 0 0 0 0 0 0 0 0 0 0 0 0 0.0104167 0 0.0520833 0.09375 0.208333 0.166667 0.25 0.166667 0.0416667 0.0104167 0 0 0 0 0 

