800 788 585 65 0 0.609137 0 0 0 0 0 0 0 0 0 0 0 0 0 0 0 0 0 0 0 0 0 0.166667 0.0416667 0.333333 0.0833333 0.291667 0.0833333 0 0 0 0 0 0 

864 845 623 65 0 0.568047 0 0 0 0 0 0 0 0 0 0 0 0 0 0 0 0 0 0 0 0.0384615 0.0384615 0.0769231 0.0769231 0.230769 0.230769 0.230769 0.0384615 0.0384615 0 0 0 0 0 

736 714 523 65 0 0.672269 0 0 0 0 0 0 0 0 0 0 0 0 0 0 0 0 0 0 0.0454545 0 0 0.0909091 0.136364 0.272727 0.181818 0.136364 0.136364 0 0 0 0 0 0 

768 742 550 65 0 0.6469 0 0 0 0 0 0 0 0 0 0 0 0 0 0 0 0 0 0 0 0 0.130435 0 0.0869565 0.0869565 0.391304 0.217391 0.0434783 0.0434783 0 0 0 0 0 

800 779 575 65 0 0.616175 0 0 0 0 0 0 0 0 0 0 0 0 0 0 0 0 0 0 0 0 0 0.166667 0.125 0.208333 0.166667 0.25 0.0416667 0.0416667 0 0 0 0 0 

768 747 544 65 0 0.64257 0 0 0 0 0 0 0 0 0 0 0 0 0 0 0 0 0 0 0 0 0.0434783 0.130435 0.0869565 0.26087 0.304348 0.173913 0 0 0 0 0 0 0 

768 744 545 65 0 0.645161 0 0 0 0 0 0 0 0 0 0 0 0 0 0 0 0 0 0 0 0 0.0434783 0.0869565 0.26087 0.217391 0.0869565 0.0869565 0.217391 0 0 0 0 0 0 

832 806 590 65 0 0.595533 0 0 0 0 0 0 0 0 0 0 0 0 0 0 0 0 0 0 0 0 0.04 0 0.32 0.16 0.24 0.16 0.08 0 0 0 0 0 0 

768 744 525 65 0 0.645161 0 0 0 0 0 0 0 0 0 0 0 0 0 0 0 0 0 0 0 0 0.0434783 0.391304 0.0434783 0.217391 0.173913 0.130435 0 0 0 0 0 0 0 

800 788 567 65 0 0.609137 0 0 0 0 0 0 0 0 0 0 0 0 0 0 0 0 0 0 0 0 0.0833333 0.166667 0.166667 0.291667 0.0833333 0.166667 0.0416667 0 0 0 0 0 0 

736 729 528 65 0 0.658436 0 0 0 0 0 0 0 0 0 0 0 0 0 0 0 0 0 0 0 0 0 0.136364 0.409091 0.0909091 0.272727 0 0.0909091 0 0 0 0 0 0 

736 727 542 65 0 0.660248 0 0 0 0 0 0 0 0 0 0 0 0 0 0 0 0 0 0 0 0 0.0454545 0.0454545 0.0909091 0.227273 0.318182 0.227273 0.0454545 0 0 0 0 0 0 

768 743 533 65 0 0.64603 0 0 0 0 0 0 0 0 0 0 0 0 0 0 0 0 0 0 0 0 0.0869565 0.0434783 0.304348 0.26087 0.130435 0.130435 0.0434783 0 0 0 0 0 0 

800 779 559 65 0 0.616175 0 0 0 0 0 0 0 0 0 0 0 0 0 0 0 0 0 0 0 0.0833333 0.0833333 0.0833333 0.125 0.166667 0.25 0.166667 0.0416667 0 0 0 0 0 0 

736 720 508 65 0 0.666667 0 0 0 0 0 0 0 0 0 0 0 0 0 0 0 0 0 0 0 0.0454545 0.0909091 0.272727 0.136364 0.0454545 0.318182 0.0909091 0 0 0 0 0 0 0 

800 786 585 65 0 0.610687 0 0 0 0 0 0 0 0 0 0 0 0 0 0 0 0 0 0 0 0 0.0416667 0 0.166667 0.166667 0.375 0.208333 0.0416667 0 0 0 0 0 0 

768 739 530 65 0 0.649526 0 0 0 0 0 0 0 0 0 0 0 0 0 0 0 0 0 0 0 0.0869565 0.0869565 0.0434783 0.130435 0.304348 0.0869565 0.173913 0.0434783 0.0434783 0 0 0 0 0 

864 840 601 65 0 0.571429 0 0 0 0 0 0 0 0 0 0 0 0 0 0 0 0 0 0 0.0769231 0 0.0384615 0.115385 0.153846 0.230769 0.153846 0.192308 0 0.0384615 0 0 0 0 0 

800 787 587 65 0 0.609911 0 0 0 0 0 0 0 0 0 0 0 0 0 0 0 0 0 0 0 0 0.0416667 0.0833333 0.125 0.0833333 0.25 0.416667 0 0 0 0 0 0 0 

800 785 583 65 0 0.611465 0 0 0 0 0 0 0 0 0 0 0 0 0 0 0 0 0 0 0 0 0 0.0416667 0.208333 0.25 0.166667 0.291667 0.0416667 0 0 0 0 0 0 

768 743 554 65 0 0.64603 0 0 0 0 0 0 0 0 0 0 0 0 0 0 0 0 0 0 0 0 0 0.0434783 0.130435 0.304348 0.217391 0.130435 0.173913 0 0 0 0 0 0 

800 788 579 65 0 0.609137 0 0 0 0 0 0 0 0 0 0 0 0 0 0 0 0 0 0 0 0 0.0416667 0.0416667 0.166667 0.208333 0.416667 0.125 0 0 0 0 0 0 0 

736 725 534 65 0 0.662069 0 0 0 0 0 0 0 0 0 0 0 0 0 0 0 0 0 0 0 0 0.0454545 0.0454545 0.181818 0.136364 0.454545 0.136364 0 0 0 0 0 0 0 

768 740 554 65 0 0.648649 0 0 0 0 0 0 0 0 0 0 0 0 0 0 0 0 0 0 0 0 0 0.130435 0.0869565 0.130435 0.347826 0.0869565 0.130435 0.0869565 0 0 0 0 0 

736 709 528 65 0 0.67701 0 0 0 0 0 0 0 0 0 0 0 0 0 0 0 0 0 0 0 0 0 0.0454545 0.0909091 0.363636 0.181818 0.181818 0.136364 0 0 0 0 0 0 

736 717 537 65 0 0.669456 0 0 0 0 0 0 0 0 0 0 0 0 0 0 0 0 0 0 0 0 0.0909091 0 0.0909091 0.181818 0.272727 0.181818 0.181818 0 0 0 0 0 0 

800 782 561 65 0 0.613811 0 0 0 0 0 0 0 0 0 0 0 0 0 0 0 0 0 0 0 0 0.0416667 0.208333 0.166667 0.291667 0.125 0.125 0.0416667 0 0 0 0 0 0 

736 711 522 65 0 0.675106 0 0 0 0 0 0 0 0 0 0 0 0 0 0 0 0 0 0 0 0 0 0.181818 0.0454545 0.318182 0.181818 0.181818 0.0909091 0 0 0 0 0 0 

800 777 550 65 0 0.617761 0 0 0 0 0 0 0 0 0 0 0 0 0 0 0 0 0 0 0 0 0.0833333 0.208333 0.166667 0.25 0.25 0 0.0416667 0 0 0 0 0 0 

768 739 537 65 0 0.649526 0 0 0 0 0 0 0 0 0 0 0 0 0 0 0 0 0 0 0 0 0.0869565 0.130435 0.0434783 0.26087 0.26087 0.130435 0.0869565 0 0 0 0 0 0 

736 716 536 65 0 0.670391 0 0 0 0 0 0 0 0 0 0 0 0 0 0 0 0 0 0 0 0 0 0.136364 0.136364 0.0909091 0.272727 0.181818 0.136364 0.0454545 0 0 0 0 0 

736 726 535 65 0 0.661157 0 0 0 0 0 0 0 0 0 0 0 0 0 0 0 0 0 0 0.0454545 0 0 0.181818 0.0454545 0.272727 0.181818 0.0454545 0.227273 0 0 0 0 0 0 

832 803 574 65 0 0.597758 0 0 0 0 0 0 0 0 0 0 0 0 0 0 0 0 0 0 0.04 0.04 0 0.04 0.32 0.24 0.16 0.08 0.04 0.04 0 0 0 0 0 

704 685 498 65 0 0.70073 0 0 0 0 0 0 0 0 0 0 0 0 0 0 0 0 0 0 0 0 0.047619 0.142857 0.142857 0.190476 0.285714 0.190476 0 0 0 0 0 0 0 

800 789 591 65 0 0.608365 0 0 0 0 0 0 0 0 0 0 0 0 0 0 0 0 0 0 0 0 0.0833333 0.0416667 0.0416667 0.208333 0.25 0.291667 0.0416667 0.0416667 0 0 0 0 0 

768 738 545 65 0 0.650406 0 0 0 0 0 0 0 0 0 0 0 0 0 0 0 0 0 0 0 0 0.0869565 0.0869565 0.130435 0.173913 0.130435 0.173913 0.173913 0.0434783 0 0 0 0 0 

736 710 522 65 0 0.676056 0 0 0 0 0 0 0 0 0 0 0 0 0 0 0 0 0 0 0 0 0 0.181818 0.0454545 0.227273 0.272727 0.227273 0.0454545 0 0 0 0 0 0 

800 779 556 65 0 0.616175 0 0 0 0 0 0 0 0 0 0 0 0 0 0 0 0 0 0 0 0.0416667 0.0416667 0.166667 0.208333 0.166667 0.25 0.0833333 0.0416667 0 0 0 0 0 0 

800 785 573 65 0 0.611465 0 0 0 0 0 0 0 0 0 0 0 0 0 0 0 0 0.0416667 0 0 0 0 0.0416667 0.208333 0.291667 0.25 0.0416667 0.0833333 0.0416667 0 0 0 0 0 

768 742 546 65 0 0.6469 0 0 0 0 0 0 0 0 0 0 0 0 0 0 0 0 0 0 0 0 0.0434783 0.0869565 0.130435 0.173913 0.26087 0.26087 0.0434783 0 0 0 0 0 0 

768 741 544 65 0 0.647773 0 0 0 0 0 0 0 0 0 0 0 0 0 0 0 0 0 0 0 0 0 0.173913 0.130435 0.173913 0.217391 0.217391 0.0869565 0 0 0 0 0 0 

768 752 549 65 0 0.638298 0 0 0 0 0 0 0 0 0 0 0 0 0 0 0 0 0 0.0434783 0 0 0.0869565 0 0.173913 0.217391 0.26087 0.0434783 0.173913 0 0 0 0 0 0 

832 803 592 65 0 0.597758 0 0 0 0 0 0 0 0 0 0 0 0 0 0 0 0 0 0 0 0 0 0.08 0.24 0.16 0.24 0.16 0.08 0.04 0 0 0 0 0 

800 787 579 65 0 0.609911 0 0 0 0 0 0 0 0 0 0 0 0 0 0 0 0 0 0 0 0 0.0416667 0.166667 0.166667 0.208333 0.125 0.0833333 0.166667 0.0416667 0 0 0 0 0 

768 743 546 65 0 0.64603 0 0 0 0 0 0 0 0 0 0 0 0 0 0 0 0 0 0 0 0 0.0434783 0.173913 0.0869565 0.130435 0.217391 0.26087 0.0869565 0 0 0 0 0 0 

800 787 563 65 0 0.609911 0 0 0 0 0 0 0 0 0 0 0 0 0 0 0 0 0 0 0 0.0416667 0 0.291667 0.166667 0.166667 0.125 0.166667 0.0416667 0 0 0 0 0 0 

800 783 576 65 0 0.613027 0 0 0 0 0 0 0 0 0 0 0 0 0 0 0 0 0 0 0 0 0 0.25 0.0416667 0.166667 0.333333 0.0416667 0.166667 0 0 0 0 0 0 

800 776 546 65 0 0.618557 0 0 0 0 0 0 0 0 0 0 0 0 0 0 0 0 0 0 0 0.0833333 0 0.166667 0.25 0.291667 0.166667 0 0 0.0416667 0 0 0 0 0 

800 781 569 65 0 0.614597 0 0 0 0 0 0 0 0 0 0 0 0 0 0 0 0 0 0 0 0.0416667 0.0416667 0 0.208333 0.333333 0.208333 0.0416667 0.125 0 0 0 0 0 0 

832 805 584 65 0 0.596273 0 0 0 0 0 0 0 0 0 0 0 0 0 0 0 0 0 0 0 0 0.04 0.08 0.2 0.2 0.36 0.08 0.04 0 0 0 0 0 0 

704 674 483 65 0 0.712166 0 0 0 0 0 0 0 0 0 0 0 0 0 0 0 0 0 0 0 0.047619 0.0952381 0.142857 0.0952381 0.190476 0.238095 0.0952381 0.047619 0.047619 0 0 0 0 0 

800 786 578 65 0 0.610687 0 0 0 0 0 0 0 0 0 0 0 0 0 0 0 0 0 0 0 0.0416667 0 0.166667 0.125 0.125 0.166667 0.333333 0.0416667 0 0 0 0 0 0 

768 740 535 65 0 0.648649 0 0 0 0 0 0 0 0 0 0 0 0 0 0 0 0 0 0 0 0.0434783 0.0869565 0.130435 0.0434783 0.304348 0.0869565 0.173913 0.130435 0 0 0 0 0 0 

736 714 513 65 0 0.672269 0 0 0 0 0 0 0 0 0 0 0 0 0 0 0 0 0 0 0 0 0.0909091 0.0909091 0.227273 0.272727 0.181818 0.0909091 0 0.0454545 0 0 0 0 0 

800 786 570 65 0 0.610687 0 0 0 0 0 0 0 0 0 0 0 0 0 0 0 0 0 0 0 0 0.0833333 0.0833333 0.208333 0.25 0.166667 0.166667 0.0416667 0 0 0 0 0 0 

704 681 500 65 0 0.704846 0 0 0 0 0 0 0 0 0 0 0 0 0 0 0 0 0 0 0 0 0.047619 0.0952381 0.142857 0.285714 0.142857 0.190476 0.047619 0.047619 0 0 0 0 0 

736 714 523 65 0 0.672269 0 0 0 0 0 0 0 0 0 0 0 0 0 0 0 0 0 0 0 0 0.0454545 0.0454545 0.136364 0.272727 0.318182 0.181818 0 0 0 0 0 0 0 

736 719 541 65 0 0.667594 0 0 0 0 0 0 0 0 0 0 0 0 0 0 0 0 0 0 0 0 0.0454545 0.136364 0.0454545 0.0909091 0.227273 0.318182 0.0909091 0 0.0454545 0 0 0 0 

768 746 544 65 0 0.643432 0 0 0 0 0 0 0 0 0 0 0 0 0 0 0 0 0 0 0 0 0 0.0434783 0.434783 0.0869565 0.217391 0.130435 0.0869565 0 0 0 0 0 0 

800 785 569 65 0 0.611465 0 0 0 0 0 0 0 0 0 0 0 0 0 0 0 0 0 0 0 0.0416667 0 0.166667 0.166667 0.333333 0.125 0 0.125 0.0416667 0 0 0 0 0 

768 741 529 65 0 0.647773 0 0 0 0 0 0 0 0 0 0 0 0 0 0 0 0 0 0 0 0.0434783 0.0434783 0.130435 0.217391 0.304348 0.0434783 0.130435 0.0869565 0 0 0 0 0 0 

832 805 584 65 0 0.596273 0 0 0 0 0 0 0 0 0 0 0 0 0 0 0 0 0 0 0 0.04 0.12 0.08 0.12 0.12 0.24 0.16 0.08 0.04 0 0 0 0 0 

768 742 540 65 0 0.6469 0 0 0 0 0 0 0 0 0 0 0 0 0 0 0 0 0 0 0 0 0.0869565 0.130435 0.0434783 0.217391 0.347826 0.0869565 0.0869565 0 0 0 0 0 0 

736 721 516 65 0 0.665742 0 0 0 0 0 0 0 0 0 0 0 0 0 0 0 0 0 0 0.0454545 0.0454545 0.0454545 0.136364 0.227273 0.136364 0.0909091 0.181818 0.0909091 0 0 0 0 0 0 

736 712 527 65 0 0.674157 0 0 0 0 0 0 0 0 0 0 0 0 0 0 0 0 0 0 0 0 0 0 0.272727 0.181818 0.272727 0.227273 0.0454545 0 0 0 0 0 0 

864 845 614 65 0 0.568047 0 0 0 0 0 0 0 0 0 0 0 0 0 0 0 0 0 0 0 0.0384615 0.0384615 0.115385 0.153846 0.0769231 0.384615 0.192308 0 0 0 0 0 0 0 

800 790 558 65 0 0.607595 0 0 0 0 0 0 0 0 0 0 0 0 0 0 0 0 0 0 0 0.0416667 0.0416667 0.125 0.416667 0.166667 0.125 0.0833333 0 0 0 0 0 0 0 

736 725 523 65 0 0.662069 0 0 0 0 0 0 0 0 0 0 0 0 0 0 0 0 0 0 0.0454545 0 0.0454545 0.0909091 0.181818 0.318182 0.136364 0.136364 0.0454545 0 0 0 0 0 0 

736 717 519 65 0 0.669456 0 0 0 0 0 0 0 0 0 0 0 0 0 0 0 0 0 0 0 0 0.136364 0.181818 0.0909091 0.136364 0.227273 0.136364 0 0.0909091 0 0 0 0 0 

864 847 627 65 0 0.566706 0 0 0 0 0 0 0 0 0 0 0 0 0 0 0 0 0 0 0 0.0384615 0 0.0384615 0.153846 0.153846 0.384615 0.153846 0.0769231 0 0 0 0 0 0 

736 714 521 65 0 0.672269 0 0 0 0 0 0 0 0 0 0 0 0 0 0 0 0 0 0 0 0 0.0909091 0.136364 0.0454545 0.227273 0.272727 0.136364 0.0909091 0 0 0 0 0 0 

768 743 550 65 0 0.64603 0 0 0 0 0 0 0 0 0 0 0 0 0 0 0 0 0 0 0 0 0 0.0869565 0.173913 0.217391 0.173913 0.26087 0.0869565 0 0 0 0 0 0 

736 717 523 65 0 0.669456 0 0 0 0 0 0 0 0 0 0 0 0 0 0 0 0 0 0 0 0.0454545 0.0454545 0.0454545 0.181818 0.181818 0.318182 0.0909091 0.0909091 0 0 0 0 0 0 

736 716 533 65 0 0.670391 0 0 0 0 0 0 0 0 0 0 0 0 0 0 0 0 0 0 0 0.0454545 0.0454545 0 0.0454545 0.227273 0.363636 0.136364 0.136364 0 0 0 0 0 0 

832 806 601 65 0 0.595533 0 0 0 0 0 0 0 0 0 0 0 0 0 0 0 0 0 0 0 0 0 0.08 0.16 0.16 0.2 0.28 0.12 0 0 0 0 0 0 

800 781 574 65 0 0.614597 0 0 0 0 0 0 0 0 0 0 0 0 0 0 0 0 0 0 0.0416667 0.0416667 0.0416667 0 0.0833333 0.25 0.25 0.208333 0.0416667 0.0416667 0 0 0 0 0 

864 845 609 65 0 0.568047 0 0 0 0 0 0 0 0 0 0 0 0 0 0 0 0 0 0 0 0.0384615 0.0384615 0.0769231 0.307692 0.153846 0.230769 0.0769231 0.0384615 0.0384615 0 0 0 0 0 

736 720 517 65 0 0.666667 0 0 0 0 0 0 0 0 0 0 0 0 0 0 0 0 0 0 0.0454545 0 0.0454545 0.0909091 0.181818 0.363636 0.136364 0.0909091 0 0.0454545 0 0 0 0 0 

