768 746 528 53 0 0.428954 0 0 0 0 0 0 0 0 0 0 0 0 0 0 0 0 0 0 0 0 0.130435 0.0869565 0.347826 0.173913 0.0869565 0.173913 0 0 0 0 0 0 0 

576 548 395 53 0 0.583942 0 0 0 0 0 0 0 0 0 0 0 0 0 0 0 0 0 0 0 0.0588235 0.117647 0.0588235 0.176471 0.176471 0.0588235 0.235294 0.117647 0 0 0 0 0 0 

576 550 410 53 0 0.581818 0 0 0 0 0 0 0 0 0 0 0 0 0 0 0 0 0 0 0 0 0.0588235 0.0588235 0.0588235 0.176471 0.411765 0.117647 0 0.117647 0 0 0 0 0 

544 525 392 53 0 0.609524 0 0 0 0 0 0 0 0 0 0 0 0 0 0 0 0 0 0 0 0 0 0 0.125 0.4375 0.1875 0.125 0.125 0 0 0 0 0 0 

608 595 434 53 0 0.537815 0 0 0 0 0 0 0 0 0 0 0 0 0 0 0 0 0 0 0 0.0555556 0 0.111111 0.277778 0.111111 0.166667 0.222222 0.0555556 0 0 0 0 0 0 

736 716 515 53 0 0.446927 0 0 0 0 0 0 0 0 0 0 0 0 0 0 0 0 0 0 0.0454545 0 0.0909091 0.181818 0 0.318182 0.136364 0.136364 0.0454545 0.0454545 0 0 0 0 0 

608 592 435 53 0 0.540541 0 0 0 0 0 0 0 0 0 0 0 0 0 0 0 0 0 0 0 0.0555556 0 0.111111 0.111111 0.166667 0.333333 0.166667 0.0555556 0 0 0 0 0 0 

576 550 401 53 0 0.581818 0 0 0 0 0 0 0 0 0 0 0 0 0 0 0 0 0 0 0 0 0.0588235 0.0588235 0.117647 0.235294 0.411765 0.117647 0 0 0 0 0 0 0 

576 550 397 53 0 0.581818 0 0 0 0 0 0 0 0 0 0 0 0 0 0 0 0 0 0 0 0 0.0588235 0.0588235 0.294118 0.294118 0.117647 0.0588235 0.117647 0 0 0 0 0 0 

576 550 397 53 0 0.581818 0 0 0 0 0 0 0 0 0 0 0 0 0 0 0 0 0 0 0 0.0588235 0.0588235 0.117647 0.0588235 0.294118 0.117647 0.294118 0 0 0 0 0 0 0 

768 746 527 53 0 0.428954 0 0 0 0 0 0 0 0 0 0 0 0 0 0 0 0 0 0 0.0434783 0.0434783 0.130435 0.130435 0.130435 0.130435 0.173913 0.173913 0.0434783 0 0 0 0 0 0 

736 717 509 53 0 0.446304 0 0 0 0 0 0 0 0 0 0 0 0 0 0 0 0 0 0 0 0 0.0454545 0.227273 0.318182 0.136364 0.136364 0.0909091 0.0454545 0 0 0 0 0 0 

544 525 396 53 0 0.609524 0 0 0 0 0 0 0 0 0 0 0 0 0 0 0 0 0 0 0 0 0 0.0625 0.0625 0.25 0.375 0.125 0 0.125 0 0 0 0 0 

608 592 435 53 0 0.540541 0 0 0 0 0 0 0 0 0 0 0 0 0 0 0 0 0 0 0 0.0555556 0 0.0555556 0.166667 0.166667 0.388889 0.111111 0.0555556 0 0 0 0 0 0 

608 592 422 53 0 0.540541 0 0 0 0 0 0 0 0 0 0 0 0 0 0 0 0 0 0 0 0.0555556 0 0.111111 0.333333 0.222222 0.222222 0.0555556 0 0 0 0 0 0 0 

608 592 434 53 0 0.540541 0 0 0 0 0 0 0 0 0 0 0 0 0 0 0 0 0 0 0 0 0 0.166667 0.222222 0.277778 0.0555556 0.166667 0.0555556 0.0555556 0 0 0 0 0 

544 525 392 53 0 0.609524 0 0 0 0 0 0 0 0 0 0 0 0 0 0 0 0 0 0 0 0 0 0.0625 0.0625 0.3125 0.3125 0.1875 0.0625 0 0 0 0 0 0 

576 550 410 53 0 0.581818 0 0 0 0 0 0 0 0 0 0 0 0 0 0 0 0 0 0 0 0 0.0588235 0.0588235 0 0.294118 0.294118 0.176471 0.0588235 0.0588235 0 0 0 0 0 

448 440 342 53 0 0.727273 0 0 0 0 0 0 0 0 0 0 0 0 0 0 0 0 0 0 0 0 0.0769231 0 0.0769231 0 0.384615 0.230769 0.0769231 0.0769231 0.0769231 0 0 0 0 

576 550 407 53 0 0.581818 0 0 0 0 0 0 0 0 0 0 0 0 0 0 0 0 0 0 0 0 0 0.0588235 0.117647 0.411765 0.117647 0.176471 0.117647 0 0 0 0 0 0 

544 524 401 53 0 0.610687 0 0 0 0 0 0 0 0 0 0 0 0 0 0 0 0 0 0 0 0 0 0 0.125 0.0625 0.3125 0.375 0.125 0 0 0 0 0 0 

544 534 394 53 0 0.599251 0 0 0 0 0 0 0 0 0 0 0 0 0 0 0 0 0 0.0625 0 0 0.0625 0 0.0625 0.1875 0.4375 0.125 0.0625 0 0 0 0 0 0 

544 527 396 53 0 0.607211 0 0 0 0 0 0 0 0 0 0 0 0 0 0 0 0 0 0 0 0 0 0.0625 0.125 0.1875 0.25 0.3125 0.0625 0 0 0 0 0 0 

544 534 395 53 0 0.599251 0 0 0 0 0 0 0 0 0 0 0 0 0 0 0 0 0 0 0 0 0 0.125 0.1875 0.1875 0.25 0.25 0 0 0 0 0 0 0 

544 534 392 53 0 0.599251 0 0 0 0 0 0 0 0 0 0 0 0 0 0 0 0 0 0 0 0 0.0625 0.0625 0.1875 0.25 0.3125 0.0625 0.0625 0 0 0 0 0 0 

576 550 400 53 0 0.581818 0 0 0 0 0 0 0 0 0 0 0 0 0 0 0 0 0 0 0 0.0588235 0 0.117647 0.117647 0.294118 0.117647 0.235294 0.0588235 0 0 0 0 0 0 

544 525 390 53 0 0.609524 0 0 0 0 0 0 0 0 0 0 0 0 0 0 0 0 0 0 0 0 0 0.125 0.125 0.0625 0.4375 0.25 0 0 0 0 0 0 0 

576 550 405 53 0 0.581818 0 0 0 0 0 0 0 0 0 0 0 0 0 0 0 0 0 0 0 0 0 0 0.176471 0.294118 0.411765 0.117647 0 0 0 0 0 0 0 

544 534 388 53 0 0.599251 0 0 0 0 0 0 0 0 0 0 0 0 0 0 0 0 0 0 0.125 0 0.0625 0.0625 0.0625 0.125 0.3125 0.1875 0.0625 0 0 0 0 0 0 

672 662 484 53 0 0.483384 0 0 0 0 0 0 0 0 0 0 0 0 0 0 0 0 0 0.05 0 0 0.05 0.05 0 0.4 0.3 0.1 0.05 0 0 0 0 0 0 

608 592 429 53 0 0.540541 0 0 0 0 0 0 0 0 0 0 0 0 0 0 0 0 0 0 0 0 0.0555556 0.0555556 0.222222 0.333333 0.277778 0 0.0555556 0 0 0 0 0 0 

544 524 382 53 0 0.610687 0 0 0 0 0 0 0 0 0 0 0 0 0 0 0 0 0 0 0 0 0.125 0.0625 0.125 0.375 0 0.1875 0.125 0 0 0 0 0 0 

576 550 413 53 0 0.581818 0 0 0 0 0 0 0 0 0 0 0 0 0 0 0 0 0 0 0 0.0588235 0 0.117647 0.0588235 0.176471 0.117647 0.117647 0.294118 0.0588235 0 0 0 0 0 

608 592 431 53 0 0.540541 0 0 0 0 0 0 0 0 0 0 0 0 0 0 0 0 0 0 0 0 0.111111 0.111111 0.166667 0.222222 0.166667 0.111111 0.0555556 0.0555556 0 0 0 0 0 

608 592 440 53 0 0.540541 0 0 0 0 0 0 0 0 0 0 0 0 0 0 0 0 0 0 0 0 0.0555556 0 0.166667 0.277778 0.222222 0.166667 0.111111 0 0 0 0 0 0 

544 525 388 53 0 0.609524 0 0 0 0 0 0 0 0 0 0 0 0 0 0 0 0 0 0 0 0 0 0.0625 0.125 0.375 0.25 0.125 0.0625 0 0 0 0 0 0 

608 592 434 53 0 0.540541 0 0 0 0 0 0 0 0 0 0 0 0 0 0 0 0 0 0 0 0 0.0555556 0.0555556 0.222222 0.222222 0.222222 0.166667 0.0555556 0 0 0 0 0 0 

576 550 396 53 0 0.581818 0 0 0 0 0 0 0 0 0 0 0 0 0 0 0 0 0 0 0 0.0588235 0.0588235 0.0588235 0.176471 0.176471 0.294118 0.176471 0 0 0 0 0 0 0 

608 592 435 53 0 0.540541 0 0 0 0 0 0 0 0 0 0 0 0 0 0 0 0 0 0 0 0 0.166667 0.0555556 0.0555556 0.166667 0.277778 0.222222 0 0.0555556 0 0 0 0 0 

480 455 341 53 0 0.703297 0 0 0 0 0 0 0 0 0 0 0 0 0 0 0 0 0 0 0 0.0714286 0 0.214286 0 0.0714286 0.142857 0.142857 0.285714 0.0714286 0 0 0 0 0 

576 548 398 53 0 0.583942 0 0 0 0 0 0 0 0 0 0 0 0 0 0 0 0 0 0 0 0 0.0588235 0.0588235 0.352941 0.117647 0.117647 0.176471 0.117647 0 0 0 0 0 0 

544 533 396 53 0 0.600375 0 0 0 0 0 0 0 0 0 0 0 0 0 0 0 0 0 0 0 0 0.0625 0.0625 0.0625 0.3125 0.25 0.1875 0.0625 0 0 0 0 0 0 

768 746 528 53 0 0.428954 0 0 0 0 0 0 0 0 0 0 0 0 0 0 0 0 0 0 0 0.0434783 0.0869565 0.0869565 0.26087 0.173913 0.304348 0.0434783 0 0 0 0 0 0 0 

608 585 431 53 0 0.547009 0 0 0 0 0 0 0 0 0 0 0 0 0 0 0 0 0 0 0.0555556 0 0.0555556 0 0.111111 0.333333 0.111111 0.166667 0.111111 0.0555556 0 0 0 0 0 

576 550 391 53 0 0.581818 0 0 0 0 0 0 0 0 0 0 0 0 0 0 0 0 0 0 0 0.0588235 0.117647 0.117647 0 0.235294 0.470588 0 0 0 0 0 0 0 0 

608 592 422 53 0 0.540541 0 0 0 0 0 0 0 0 0 0 0 0 0 0 0 0 0 0 0 0 0.166667 0.111111 0.166667 0.277778 0.166667 0.0555556 0.0555556 0 0 0 0 0 0 

576 550 396 53 0 0.581818 0 0 0 0 0 0 0 0 0 0 0 0 0 0 0 0 0 0 0 0.0588235 0.0588235 0.176471 0.235294 0.0588235 0.0588235 0.176471 0.176471 0 0 0 0 0 0 

576 550 397 53 0 0.581818 0 0 0 0 0 0 0 0 0 0 0 0 0 0 0 0 0 0 0 0.117647 0 0.0588235 0.235294 0.117647 0.235294 0.117647 0.117647 0 0 0 0 0 0 

608 592 435 53 0 0.540541 0 0 0 0 0 0 0 0 0 0 0 0 0 0 0 0 0 0 0 0.0555556 0.0555556 0.111111 0.166667 0.0555556 0.277778 0.166667 0.0555556 0 0.0555556 0 0 0 0 

608 592 433 53 0 0.540541 0 0 0 0 0 0 0 0 0 0 0 0 0 0 0 0 0 0 0 0 0.0555556 0.166667 0.0555556 0.277778 0.277778 0.0555556 0.111111 0 0 0 0 0 0 

576 550 403 53 0 0.581818 0 0 0 0 0 0 0 0 0 0 0 0 0 0 0 0 0 0 0 0 0.0588235 0.0588235 0.235294 0.235294 0.176471 0.117647 0 0.117647 0 0 0 0 0 

544 527 394 53 0 0.607211 0 0 0 0 0 0 0 0 0 0 0 0 0 0 0 0 0 0 0 0 0.0625 0 0.125 0.1875 0.25 0.375 0 0 0 0 0 0 0 

576 550 402 53 0 0.581818 0 0 0 0 0 0 0 0 0 0 0 0 0 0 0 0 0 0 0 0.176471 0 0 0.117647 0.235294 0.117647 0.117647 0.176471 0.0588235 0 0 0 0 0 

768 746 535 53 0 0.428954 0 0 0 0 0 0 0 0 0 0 0 0 0 0 0 0 0 0 0.0434783 0.0434783 0 0.217391 0.173913 0 0.304348 0.173913 0 0.0434783 0 0 0 0 0 

608 595 431 53 0 0.537815 0 0 0 0 0 0 0 0 0 0 0 0 0 0 0 0 0 0 0.111111 0 0 0.111111 0.0555556 0.222222 0.277778 0.222222 0 0 0 0 0 0 0 

576 550 395 53 0 0.581818 0 0 0 0 0 0 0 0 0 0 0 0 0 0 0 0 0 0 0 0 0.0588235 0.117647 0.235294 0.235294 0.235294 0.0588235 0.0588235 0 0 0 0 0 0 

608 592 425 53 0 0.540541 0 0 0 0 0 0 0 0 0 0 0 0 0 0 0 0 0 0 0 0 0 0.166667 0.222222 0.388889 0.166667 0.0555556 0 0 0 0 0 0 0 

576 551 402 53 0 0.580762 0 0 0 0 0 0 0 0 0 0 0 0 0 0 0 0 0 0 0 0 0.0588235 0.117647 0.117647 0.176471 0.294118 0.235294 0 0 0 0 0 0 0 

608 590 437 53 0 0.542373 0 0 0 0 0 0 0 0 0 0 0 0 0 0 0 0 0 0 0 0 0.0555556 0 0.277778 0.222222 0.166667 0.0555556 0.222222 0 0 0 0 0 0 

544 527 394 53 0 0.607211 0 0 0 0 0 0 0 0 0 0 0 0 0 0 0 0 0 0 0 0 0.0625 0.0625 0.0625 0.3125 0.25 0.125 0.0625 0 0 0.0625 0 0 0 

544 527 400 53 0 0.607211 0 0 0 0 0 0 0 0 0 0 0 0 0 0 0 0 0 0 0 0 0 0 0.25 0.25 0.1875 0.0625 0.0625 0.125 0.0625 0 0 0 0 

576 548 397 53 0 0.583942 0 0 0 0 0 0 0 0 0 0 0 0 0 0 0 0 0 0 0.0588235 0.0588235 0 0.117647 0.0588235 0.176471 0.235294 0.176471 0.117647 0 0 0 0 0 0 

608 592 438 53 0 0.540541 0 0 0 0 0 0 0 0 0 0 0 0 0 0 0 0 0 0 0 0 0.0555556 0.0555556 0.111111 0.222222 0.333333 0.166667 0.0555556 0 0 0 0 0 0 

576 550 399 53 0 0.581818 0 0 0 0 0 0 0 0 0 0 0 0 0 0 0 0 0 0 0 0.117647 0 0 0.235294 0.176471 0.117647 0.352941 0 0 0 0 0 0 0 

544 534 390 53 0 0.599251 0 0 0 0 0 0 0 0 0 0 0 0 0 0 0 0 0 0 0 0 0.0625 0.125 0.3125 0.1875 0.0625 0.125 0.0625 0.0625 0 0 0 0 0 

608 592 431 53 0 0.540541 0 0 0 0 0 0 0 0 0 0 0 0 0 0 0 0 0 0 0.0555556 0.0555556 0.0555556 0 0.0555556 0.277778 0.333333 0.0555556 0.111111 0 0 0 0 0 0 

576 550 409 53 0 0.581818 0 0 0 0 0 0 0 0 0 0 0 0 0 0 0 0 0 0 0 0 0 0.117647 0.117647 0.294118 0.117647 0.117647 0.235294 0 0 0 0 0 0 

608 592 431 53 0 0.540541 0 0 0 0 0 0 0 0 0 0 0 0 0 0 0 0 0 0 0 0 0.166667 0.111111 0 0.222222 0.222222 0.277778 0 0 0 0 0 0 0 

544 524 392 53 0 0.610687 0 0 0 0 0 0 0 0 0 0 0 0 0 0 0 0 0 0 0 0 0 0.0625 0.1875 0.1875 0.1875 0.25 0.125 0 0 0 0 0 0 

576 550 398 53 0 0.581818 0 0 0 0 0 0 0 0 0 0 0 0 0 0 0 0 0 0 0 0.0588235 0.0588235 0 0.176471 0.176471 0.411765 0.117647 0 0 0 0 0 0 0 

544 525 395 53 0 0.609524 0 0 0 0 0 0 0 0 0 0 0 0 0 0 0 0 0 0 0 0 0 0.125 0.0625 0.0625 0.375 0.3125 0.0625 0 0 0 0 0 0 

576 550 414 53 0 0.581818 0 0 0 0 0 0 0 0 0 0 0 0 0 0 0 0 0 0 0 0 0 0 0.0588235 0.235294 0.470588 0.117647 0.117647 0 0 0 0 0 0 

576 550 402 53 0 0.581818 0 0 0 0 0 0 0 0 0 0 0 0 0 0 0 0 0 0 0 0 0 0.117647 0.117647 0.411765 0.117647 0.176471 0.0588235 0 0 0 0 0 0 

608 592 438 53 0 0.540541 0 0 0 0 0 0 0 0 0 0 0 0 0 0 0 0 0 0 0 0 0.0555556 0 0.333333 0.0555556 0.277778 0.166667 0.111111 0 0 0 0 0 0 

608 592 436 53 0 0.540541 0 0 0 0 0 0 0 0 0 0 0 0 0 0 0 0 0 0 0 0 0 0.166667 0.222222 0.166667 0.166667 0.166667 0.0555556 0.0555556 0 0 0 0 0 

576 550 406 53 0 0.581818 0 0 0 0 0 0 0 0 0 0 0 0 0 0 0 0 0 0 0 0 0.0588235 0 0.294118 0.117647 0.176471 0.235294 0.117647 0 0 0 0 0 0 

576 550 405 53 0 0.581818 0 0 0 0 0 0 0 0 0 0 0 0 0 0 0 0 0 0 0 0 0.0588235 0.117647 0.0588235 0.176471 0.294118 0.235294 0.0588235 0 0 0 0 0 0 

576 550 404 53 0 0.581818 0 0 0 0 0 0 0 0 0 0 0 0 0 0 0 0 0 0 0 0 0 0.0588235 0.176471 0.352941 0.176471 0.176471 0.0588235 0 0 0 0 0 0 

544 534 400 53 0 0.599251 0 0 0 0 0 0 0 0 0 0 0 0 0 0 0 0 0 0 0 0 0.0625 0.0625 0.0625 0.1875 0.3125 0.25 0.0625 0 0 0 0 0 0 

576 550 408 53 0 0.581818 0 0 0 0 0 0 0 0 0 0 0 0 0 0 0 0 0 0 0 0 0.0588235 0.0588235 0.117647 0.176471 0.352941 0.117647 0 0.117647 0 0 0 0 0 

608 592 416 53 0 0.540541 0 0 0 0 0 0 0 0 0 0 0 0 0 0 0 0 0 0 0 0.111111 0 0.166667 0.277778 0.166667 0.277778 0 0 0 0 0 0 0 0 

544 527 390 53 0 0.607211 0 0 0 0 0 0 0 0 0 0 0 0 0 0 0 0 0 0 0 0.0625 0.0625 0.0625 0.125 0.0625 0.1875 0.375 0.0625 0 0 0 0 0 0 

544 534 391 53 0 0.599251 0 0 0 0 0 0 0 0 0 0 0 0 0 0 0 0 0 0 0 0.0625 0.0625 0.0625 0.125 0.0625 0.5 0.125 0 0 0 0 0 0 0 

608 592 422 53 0 0.540541 0 0 0 0 0 0 0 0 0 0 0 0 0 0 0 0 0 0 0 0.0555556 0.0555556 0.166667 0.222222 0.222222 0.166667 0.0555556 0 0.0555556 0 0 0 0 0 

576 550 403 53 0 0.581818 0 0 0 0 0 0 0 0 0 0 0 0 0 0 0 0 0 0 0 0 0 0.117647 0.0588235 0.352941 0.294118 0.176471 0 0 0 0 0 0 0 

544 527 384 53 0 0.607211 0 0 0 0 0 0 0 0 0 0 0 0 0 0 0 0 0 0 0.0625 0 0 0.125 0.1875 0.1875 0.25 0.125 0 0 0.0625 0 0 0 0 

576 550 387 53 0 0.581818 0 0 0 0 0 0 0 0 0 0 0 0 0 0 0 0 0 0 0.0588235 0 0.117647 0.0588235 0.235294 0.294118 0.0588235 0.176471 0 0 0 0 0 0 0 

608 592 430 53 0 0.540541 0 0 0 0 0 0 0 0 0 0 0 0 0 0 0 0 0 0 0.0555556 0 0 0.0555556 0.222222 0.222222 0.333333 0.0555556 0.0555556 0 0 0 0 0 0 

576 550 405 53 0 0.581818 0 0 0 0 0 0 0 0 0 0 0 0 0 0 0 0 0 0 0 0 0.0588235 0.117647 0.117647 0.117647 0.352941 0.117647 0.0588235 0.0588235 0 0 0 0 0 

576 550 401 53 0 0.581818 0 0 0 0 0 0 0 0 0 0 0 0 0 0 0 0 0 0 0.0588235 0 0 0.117647 0.117647 0.235294 0.176471 0.176471 0.117647 0 0 0 0 0 0 

608 592 430 53 0 0.540541 0 0 0 0 0 0 0 0 0 0 0 0 0 0 0 0 0 0 0 0.0555556 0 0.0555556 0.277778 0.277778 0.166667 0.111111 0 0.0555556 0 0 0 0 0 

576 550 402 53 0 0.581818 0 0 0 0 0 0 0 0 0 0 0 0 0 0 0 0 0 0 0 0 0.0588235 0 0.235294 0.294118 0.235294 0.0588235 0.117647 0 0 0 0 0 0 

576 550 397 53 0 0.581818 0 0 0 0 0 0 0 0 0 0 0 0 0 0 0 0 0 0 0 0.0588235 0 0.0588235 0.352941 0.117647 0.235294 0.117647 0 0.0588235 0 0 0 0 0 

608 592 427 53 0 0.540541 0 0 0 0 0 0 0 0 0 0 0 0 0 0 0 0 0 0 0 0.0555556 0 0.166667 0.222222 0.166667 0.277778 0 0.111111 0 0 0 0 0 0 

576 550 413 53 0 0.581818 0 0 0 0 0 0 0 0 0 0 0 0 0 0 0 0 0 0 0 0 0.0588235 0 0.117647 0.294118 0.117647 0.176471 0.176471 0.0588235 0 0 0 0 0 

576 550 402 53 0 0.581818 0 0 0 0 0 0 0 0 0 0 0 0 0 0 0 0 0 0 0 0 0.176471 0 0.0588235 0.235294 0.294118 0.117647 0.117647 0 0 0 0 0 0 

608 592 434 53 0 0.540541 0 0 0 0 0 0 0 0 0 0 0 0 0 0 0 0 0 0 0 0 0 0.0555556 0.222222 0.388889 0.111111 0.222222 0 0 0 0 0 0 0 

608 592 421 53 0 0.540541 0 0 0 0 0 0 0 0 0 0 0 0 0 0 0 0 0 0 0.0555556 0 0.0555556 0.222222 0.166667 0.166667 0.222222 0.0555556 0 0.0555556 0 0 0 0 0 

736 717 513 53 0 0.446304 0 0 0 0 0 0 0 0 0 0 0 0 0 0 0 0 0 0 0.0454545 0.0454545 0.0909091 0.136364 0.136364 0.136364 0.181818 0.0909091 0.0909091 0.0454545 0 0 0 0 0 

544 534 396 53 0 0.599251 0 0 0 0 0 0 0 0 0 0 0 0 0 0 0 0 0 0 0 0 0 0 0.3125 0.1875 0.3125 0.1875 0 0 0 0 0 0 0 

