704 679 488 56 0 0.530191 0 0 0 0 0 0 0 0 0 0 0 0 0 0 0 0 0 0 0 0.047619 0.142857 0 0.238095 0.190476 0.142857 0.142857 0.047619 0.047619 0 0 0 0 0 

640 618 450 56 0 0.582524 0 0 0 0 0 0 0 0 0 0 0 0 0 0 0 0 0 0 0 0 0 0.105263 0.315789 0.157895 0.210526 0.157895 0.0526316 0 0 0 0 0 0 

640 618 454 56 0 0.582524 0 0 0 0 0 0 0 0 0 0 0 0 0 0 0 0 0 0 0 0 0.0526316 0.0526316 0.105263 0.263158 0.315789 0.210526 0 0 0 0 0 0 0 

608 589 433 56 0 0.611205 0 0 0 0 0 0 0 0 0 0 0 0 0 0 0 0 0 0 0 0 0 0.111111 0.166667 0.277778 0.222222 0.166667 0.0555556 0 0 0 0 0 0 

640 617 452 56 0 0.583468 0 0 0 0 0 0 0 0 0 0 0 0 0 0 0 0 0 0 0 0 0.0526316 0.157895 0.105263 0.157895 0.263158 0.210526 0 0.0526316 0 0 0 0 0 

640 617 459 56 0 0.583468 0 0 0 0 0 0 0 0 0 0 0 0 0 0 0 0 0 0 0 0.0526316 0 0.0526316 0.157895 0.105263 0.263158 0.210526 0.157895 0 0 0 0 0 0 

640 618 449 56 0 0.582524 0 0 0 0 0 0 0 0 0 0 0 0 0 0 0 0 0 0 0 0 0.0526316 0.0526316 0.0526316 0.578947 0.105263 0.157895 0 0 0 0 0 0 0 

512 505 380 56 0 0.712871 0 0 0 0 0 0 0 0 0 0 0 0 0 0 0 0 0 0 0 0 0 0.0666667 0.266667 0.133333 0.2 0.133333 0.2 0 0 0 0 0 0 

640 618 450 56 0 0.582524 0 0 0 0 0 0 0 0 0 0 0 0 0 0 0 0 0 0 0 0.0526316 0.0526316 0.105263 0.105263 0.157895 0.315789 0.105263 0.105263 0 0 0 0 0 0 

640 618 457 56 0 0.582524 0 0 0 0 0 0 0 0 0 0 0 0 0 0 0 0 0 0 0.0526316 0.105263 0 0 0 0.105263 0.421053 0.210526 0.0526316 0.0526316 0 0 0 0 0 

