48000 48000 34735 120 1600 0 0 0 0 0 0 0 0 0 0 0 0 0 0 0 0 0 0.00133422 0 0.00733823 0.0193462 0.0446965 0.084056 0.172782 0.226151 0.226151 0.141428 0.0607071 0.0146765 0.00133422 0 0 0 0 

48000 48000 34756 120 1600 0 0 0 0 0 0 0 0 0 0 0 0 0 0 0 0 0.000667111 0.00133422 0.00133422 0.006004 0.0146765 0.0433622 0.0940627 0.146765 0.24483 0.230821 0.14543 0.0580387 0.012008 0.000667111 0 0 0 0 

48000 48000 34874 120 1600 0 0 0 0 0 0 0 0 0 0 0 0 0 0 0 0 0 0 0.00200133 0.00733823 0.0160107 0.0326885 0.0787191 0.164777 0.236157 0.239493 0.148766 0.0513676 0.0213476 0.00133422 0 0 0 0 

48000 48000 34781 120 1600 0 0 0 0 0 0 0 0 0 0 0 0 0 0 0 0 0 0 0.00133422 0.00466978 0.0193462 0.0400267 0.0867245 0.172782 0.245497 0.204803 0.140093 0.0667111 0.0146765 0.00266845 0.000667111 0 0 0 

48000 48000 34914 120 1600 0 0 0 0 0 0 0 0 0 0 0 0 0 0 0 0 0.000667111 0 0.00200133 0.00400267 0.018012 0.0393596 0.0873916 0.165444 0.209473 0.21014 0.177452 0.0667111 0.0173449 0.00200133 0 0 0 0 

