608 587 441 53 0 0.545145 0 0 0 0 0 0 0 0 0 0 0 0 0 0 0 0 0 0 0 0.0555556 0.0555556 0.0555556 0 0.111111 0.333333 0.111111 0.277778 0 0 0 0 0 0 

576 553 414 53 0 0.578662 0 0 0 0 0 0 0 0 0 0 0 0 0 0 0 0 0 0 0 0 0 0.0588235 0.117647 0.176471 0.352941 0.235294 0 0.0588235 0 0 0 0 0 

576 563 418 53 0 0.568384 0 0 0 0 0 0 0 0 0 0 0 0 0 0 0 0 0 0 0 0 0 0.176471 0.0588235 0.176471 0.294118 0.294118 0 0 0 0 0 0 0 

544 533 377 53 0 0.600375 0 0 0 0 0 0 0 0 0 0 0 0 0 0 0 0 0 0 0.0625 0 0.125 0.25 0.0625 0.25 0.125 0 0.125 0 0 0 0 0 0 

544 532 404 53 0 0.601504 0 0 0 0 0 0 0 0 0 0 0 0 0 0 0 0 0 0 0 0 0.0625 0 0.0625 0.1875 0.3125 0.1875 0.1875 0 0 0 0 0 0 

544 526 391 53 0 0.608365 0 0 0 0 0 0 0 0 0 0 0 0 0 0 0 0 0 0 0 0 0.0625 0.0625 0.1875 0.1875 0.1875 0.125 0.125 0.0625 0 0 0 0 0 

544 523 391 53 0 0.611855 0 0 0 0 0 0 0 0 0 0 0 0 0 0 0 0 0 0 0 0 0 0.0625 0.0625 0.25 0.375 0.1875 0.0625 0 0 0 0 0 0 

512 500 371 53 0 0.64 0 0 0 0 0 0 0 0 0 0 0 0 0 0 0 0 0 0 0 0 0.133333 0 0.133333 0.266667 0.133333 0.2 0.133333 0 0 0 0 0 0 

640 616 449 53 0 0.519481 0 0 0 0 0 0 0 0 0 0 0 0 0 0 0 0 0 0 0 0.105263 0 0.0526316 0.157895 0.210526 0.210526 0.157895 0.0526316 0.0526316 0 0 0 0 0 

544 523 387 53 0 0.611855 0 0 0 0 0 0 0 0 0 0 0 0 0 0 0 0 0 0 0 0 0.125 0 0.0625 0.375 0.125 0.125 0.1875 0 0 0 0 0 0 

640 621 458 53 0 0.515298 0 0 0 0 0 0 0 0 0 0 0 0 0 0 0 0 0 0 0.0526316 0 0 0.0526316 0.157895 0.157895 0.315789 0.157895 0.105263 0 0 0 0 0 0 

608 581 427 53 0 0.550775 0 0 0 0 0 0 0 0 0 0 0 0 0 0 0 0 0 0 0 0 0 0.111111 0.111111 0.166667 0.5 0.0555556 0.0555556 0 0 0 0 0 0 

512 487 361 53 0 0.657084 0 0 0 0 0 0 0 0 0 0 0 0 0 0 0 0 0 0 0 0 0 0 0.2 0.266667 0.266667 0.266667 0 0 0 0 0 0 0 

640 631 460 53 0 0.507132 0 0 0 0 0 0 0 0 0 0 0 0 0 0 0 0 0 0 0 0.0526316 0.0526316 0.105263 0.157895 0.210526 0.210526 0.105263 0.105263 0 0 0 0 0 0 

672 660 480 53 0 0.484848 0 0 0 0 0 0 0 0 0 0 0 0 0 0 0 0 0 0 0 0 0.05 0.2 0.1 0.3 0.2 0 0.15 0 0 0 0 0 0 

512 492 378 53 0 0.650406 0 0 0 0 0 0 0 0 0 0 0 0 0 0 0 0 0 0 0 0 0 0 0 0.333333 0.2 0.333333 0.0666667 0 0.0666667 0 0 0 0 

576 553 406 53 0 0.578662 0 0 0 0 0 0 0 0 0 0 0 0 0 0 0 0 0 0 0 0 0.0588235 0.0588235 0.176471 0.235294 0.235294 0.117647 0.117647 0 0 0 0 0 0 

608 578 422 53 0 0.553633 0 0 0 0 0 0 0 0 0 0 0 0 0 0 0 0 0 0.0555556 0 0.0555556 0 0.0555556 0.111111 0.111111 0.277778 0.222222 0.0555556 0.0555556 0 0 0 0 0 

544 534 399 53 0 0.599251 0 0 0 0 0 0 0 0 0 0 0 0 0 0 0 0 0 0 0 0 0.0625 0 0.1875 0.1875 0.3125 0.125 0.125 0 0 0 0 0 0 

512 496 366 53 0 0.645161 0 0 0 0 0 0 0 0 0 0 0 0 0 0 0 0 0 0 0 0 0.0666667 0 0.133333 0.4 0.133333 0.266667 0 0 0 0 0 0 0 

480 451 321 52 0 0.709534 0 0 0 0 0 0 0 0 0 0 0 0 0 0 0 0 0 0 0 0 0.0714286 0.214286 0.285714 0.0714286 0.142857 0.142857 0.0714286 0 0 0 0 0 0 

672 643 458 53 0 0.497667 0 0 0 0 0 0 0 0 0 0 0 0 0 0 0 0 0 0.05 0 0 0.1 0.05 0.05 0.35 0.35 0 0.05 0 0 0 0 0 0 

640 623 457 53 0 0.513644 0 0 0 0 0 0 0 0 0 0 0 0 0 0 0 0 0 0 0 0.0526316 0 0 0.263158 0.157895 0.421053 0 0.105263 0 0 0 0 0 0 

544 520 378 53 0 0.615385 0 0 0 0 0 0 0 0 0 0 0 0 0 0 0 0 0 0 0 0 0.125 0.1875 0 0.25 0.125 0.1875 0.125 0 0 0 0 0 0 

544 516 377 53 0 0.620155 0 0 0 0 0 0 0 0 0 0 0 0 0 0 0 0 0 0 0 0 0 0 0.25 0.375 0.1875 0.1875 0 0 0 0 0 0 0 

672 648 471 53 0 0.493827 0 0 0 0 0 0 0 0 0 0 0 0 0 0 0 0 0 0 0 0 0.05 0.1 0.15 0.25 0.3 0.1 0.05 0 0 0 0 0 0 

512 498 361 53 0 0.64257 0 0 0 0 0 0 0 0 0 0 0 0 0 0 0 0 0 0.0666667 0.0666667 0 0 0.2 0.0666667 0 0.266667 0.2 0.133333 0 0 0 0 0 0 

576 551 384 53 0 0.580762 0 0 0 0 0 0 0 0 0 0 0 0 0 0 0 0 0 0 0.0588235 0.0588235 0.0588235 0.235294 0 0.411765 0.0588235 0.0588235 0.0588235 0 0 0 0 0 0 

544 530 384 53 0 0.603774 0 0 0 0 0 0 0 0 0 0 0 0 0 0 0 0 0 0 0 0 0.0625 0.125 0.1875 0.1875 0.375 0.0625 0 0 0 0 0 0 0 

576 557 396 53 0 0.574506 0 0 0 0 0 0 0 0 0 0 0 0 0 0 0 0 0 0 0.0588235 0 0.117647 0.0588235 0.176471 0.235294 0.235294 0.117647 0 0 0 0 0 0 0 

576 554 407 53 0 0.577617 0 0 0 0 0 0 0 0 0 0 0 0 0 0 0 0 0 0 0 0.0588235 0.0588235 0.0588235 0.117647 0.176471 0.117647 0.352941 0.0588235 0 0 0 0 0 0 

512 495 364 53 0 0.646465 0 0 0 0 0 0 0 0 0 0 0 0 0 0 0 0 0 0 0 0.0666667 0 0.133333 0.0666667 0.266667 0.2 0.133333 0.133333 0 0 0 0 0 0 

576 555 411 53 0 0.576577 0 0 0 0 0 0 0 0 0 0 0 0 0 0 0 0 0 0 0 0 0.0588235 0.0588235 0.176471 0.294118 0.117647 0.117647 0.0588235 0.117647 0 0 0 0 0 

544 524 382 53 0 0.610687 0 0 0 0 0 0 0 0 0 0 0 0 0 0 0 0 0 0 0 0 0.0625 0.125 0.125 0.1875 0.375 0.0625 0.0625 0 0 0 0 0 0 

480 459 338 53 0 0.697168 0 0 0 0 0 0 0 0 0 0 0 0 0 0 0 0 0 0 0 0 0 0.142857 0.142857 0.214286 0.214286 0.285714 0 0 0 0 0 0 0 

576 549 409 53 0 0.582878 0 0 0 0 0 0 0 0 0 0 0 0 0 0 0 0 0 0 0 0 0 0 0.117647 0.294118 0.352941 0.176471 0.0588235 0 0 0 0 0 0 

448 431 323 53 0 0.742459 0 0 0 0 0 0 0 0 0 0 0 0 0 0 0 0 0 0 0 0 0 0.153846 0.230769 0 0.230769 0.230769 0.0769231 0.0769231 0 0 0 0 0 

544 529 378 53 0 0.604915 0 0 0 0 0 0 0 0 0 0 0 0 0 0 0 0 0 0 0.0625 0.0625 0.0625 0.125 0.125 0.1875 0.125 0.1875 0.0625 0 0 0 0 0 0 

576 549 403 53 0 0.582878 0 0 0 0 0 0 0 0 0 0 0 0 0 0 0 0 0 0 0 0 0.0588235 0.0588235 0.176471 0.176471 0.235294 0.235294 0.0588235 0 0 0 0 0 0 

576 561 414 53 0 0.57041 0 0 0 0 0 0 0 0 0 0 0 0 0 0 0 0 0 0 0 0 0 0.176471 0.117647 0.294118 0.117647 0.176471 0.117647 0 0 0 0 0 0 

640 613 456 53 0 0.522023 0 0 0 0 0 0 0 0 0 0 0 0 0 0 0 0 0 0 0.0526316 0 0 0 0.105263 0.210526 0.368421 0.105263 0.105263 0.0526316 0 0 0 0 0 

576 554 400 53 0 0.577617 0 0 0 0 0 0 0 0 0 0 0 0 0 0 0 0 0 0 0 0.0588235 0.117647 0.0588235 0.117647 0.0588235 0.470588 0.0588235 0.0588235 0 0 0 0 0 0 

576 562 412 53 0 0.569395 0 0 0 0 0 0 0 0 0 0 0 0 0 0 0 0 0 0 0 0 0.0588235 0.117647 0.117647 0.352941 0.117647 0.176471 0 0.0588235 0 0 0 0 0 

512 492 368 53 0 0.650406 0 0 0 0 0 0 0 0 0 0 0 0 0 0 0 0 0 0 0 0 0 0.0666667 0.0666667 0.333333 0.2 0.266667 0.0666667 0 0 0 0 0 0 

544 518 384 53 0 0.617761 0 0 0 0 0 0 0 0 0 0 0 0 0 0 0 0 0 0 0 0 0 0.1875 0 0.1875 0.3125 0.25 0.0625 0 0 0 0 0 0 

544 518 376 53 0 0.617761 0 0 0 0 0 0 0 0 0 0 0 0 0 0 0 0 0 0 0 0 0.0625 0.1875 0.125 0.1875 0.1875 0.1875 0 0.0625 0 0 0 0 0 

608 593 430 53 0 0.539629 0 0 0 0 0 0 0 0 0 0 0 0 0 0 0 0 0 0 0 0 0.166667 0.0555556 0.222222 0.111111 0.222222 0.111111 0.111111 0 0 0 0 0 0 

544 528 383 53 0 0.606061 0 0 0 0 0 0 0 0 0 0 0 0 0 0 0 0 0 0 0 0.0625 0 0.1875 0.0625 0.25 0.3125 0.0625 0.0625 0 0 0 0 0 0 

608 588 426 53 0 0.544218 0 0 0 0 0 0 0 0 0 0 0 0 0 0 0 0 0 0 0.0555556 0 0.111111 0 0.111111 0.277778 0.222222 0.166667 0.0555556 0 0 0 0 0 0 

544 521 396 53 0 0.614203 0 0 0 0 0 0 0 0 0 0 0 0 0 0 0 0 0 0 0 0 0 0.0625 0.0625 0.125 0.4375 0.0625 0.1875 0.0625 0 0 0 0 0 

608 584 419 53 0 0.547945 0 0 0 0 0 0 0 0 0 0 0 0 0 0 0 0 0 0 0 0 0.111111 0.166667 0.111111 0.166667 0.277778 0.166667 0 0 0 0 0 0 0 

576 565 421 53 0 0.566372 0 0 0 0 0 0 0 0 0 0 0 0 0 0 0 0 0 0 0 0 0 0.117647 0.117647 0.235294 0.176471 0.352941 0 0 0 0 0 0 0 

608 586 421 53 0 0.546075 0 0 0 0 0 0 0 0 0 0 0 0 0 0 0 0 0 0 0 0.0555556 0 0.166667 0.166667 0.277778 0.222222 0 0.111111 0 0 0 0 0 0 

608 597 436 53 0 0.536013 0 0 0 0 0 0 0 0 0 0 0 0 0 0 0 0 0 0 0 0 0.0555556 0.166667 0.222222 0.111111 0.166667 0.222222 0.0555556 0 0 0 0 0 0 

448 436 321 53 0 0.733945 0 0 0 0 0 0 0 0 0 0 0 0 0 0 0 0 0 0 0.0769231 0 0 0.153846 0.0769231 0.153846 0.153846 0.384615 0 0 0 0 0 0 0 

640 621 445 53 0 0.515298 0 0 0 0 0 0 0 0 0 0 0 0 0 0 0 0 0 0 0 0.0526316 0.105263 0.0526316 0.210526 0.210526 0.263158 0.0526316 0 0.0526316 0 0 0 0 0 

608 591 443 53 0 0.541455 0 0 0 0 0 0 0 0 0 0 0 0 0 0 0 0 0 0 0 0 0 0.0555556 0.0555556 0.444444 0.111111 0.166667 0.166667 0 0 0 0 0 0 

608 584 432 53 0 0.547945 0 0 0 0 0 0 0 0 0 0 0 0 0 0 0 0 0 0 0 0 0 0 0.222222 0.333333 0.166667 0.222222 0.0555556 0 0 0 0 0 0 

608 583 436 53 0 0.548885 0 0 0 0 0 0 0 0 0 0 0 0 0 0 0 0 0 0 0 0 0.0555556 0.111111 0.0555556 0.222222 0.111111 0.277778 0.0555556 0.111111 0 0 0 0 0 

576 568 420 53 0 0.56338 0 0 0 0 0 0 0 0 0 0 0 0 0 0 0 0 0 0 0 0.0588235 0.0588235 0.117647 0.0588235 0.117647 0.294118 0.176471 0.117647 0 0 0 0 0 0 

704 689 504 53 0 0.464441 0 0 0 0 0 0 0 0 0 0 0 0 0 0 0 0 0 0 0 0 0.0952381 0.047619 0.142857 0.333333 0.142857 0.142857 0.0952381 0 0 0 0 0 0 

448 441 331 53 0 0.725624 0 0 0 0 0 0 0 0 0 0 0 0 0 0 0 0 0 0 0 0 0 0 0.0769231 0.461538 0.307692 0.153846 0 0 0 0 0 0 0 

576 557 411 53 0 0.574506 0 0 0 0 0 0 0 0 0 0 0 0 0 0 0 0 0 0 0 0 0.0588235 0.117647 0.117647 0.352941 0.0588235 0.117647 0.117647 0 0.0588235 0 0 0 0 

576 557 418 53 0 0.574506 0 0 0 0 0 0 0 0 0 0 0 0 0 0 0 0 0 0 0.0588235 0 0 0.117647 0.0588235 0.0588235 0.235294 0.294118 0.117647 0.0588235 0 0 0 0 0 

608 595 446 53 0 0.537815 0 0 0 0 0 0 0 0 0 0 0 0 0 0 0 0 0 0 0 0 0.0555556 0.111111 0.166667 0.166667 0.0555556 0.166667 0.222222 0.0555556 0 0 0 0 0 

576 554 401 53 0 0.577617 0 0 0 0 0 0 0 0 0 0 0 0 0 0 0 0 0 0 0 0 0.117647 0 0.294118 0.176471 0.176471 0.235294 0 0 0 0 0 0 0 

576 559 413 53 0 0.572451 0 0 0 0 0 0 0 0 0 0 0 0 0 0 0 0 0 0 0 0 0 0.0588235 0.294118 0.0588235 0.411765 0.117647 0.0588235 0 0 0 0 0 0 

640 612 437 53 0 0.522876 0 0 0 0 0 0 0 0 0 0 0 0 0 0 0 0 0 0 0 0 0.105263 0.105263 0.210526 0.157895 0.315789 0.105263 0 0 0 0 0 0 0 

448 431 321 52 0 0.742459 0 0 0 0 0 0 0 0 0 0 0 0 0 0 0 0 0 0 0 0 0 0 0.307692 0.307692 0.153846 0.0769231 0.0769231 0.0769231 0 0 0 0 0 

544 523 391 53 0 0.611855 0 0 0 0 0 0 0 0 0 0 0 0 0 0 0 0 0 0 0 0 0 0 0.125 0.375 0.25 0.1875 0 0.0625 0 0 0 0 0 

544 517 366 53 0 0.618955 0 0 0 0 0 0 0 0 0 0 0 0 0 0 0 0 0 0 0 0 0.125 0.0625 0.3125 0.25 0.125 0.125 0 0 0 0 0 0 0 

480 465 340 53 0 0.688172 0 0 0 0 0 0 0 0 0 0 0 0 0 0 0 0 0 0 0 0.0714286 0 0.142857 0.142857 0.214286 0.285714 0 0.0714286 0.0714286 0 0 0 0 0 

640 621 451 53 0 0.515298 0 0 0 0 0 0 0 0 0 0 0 0 0 0 0 0 0 0 0 0 0 0.157895 0.157895 0.315789 0.263158 0.0526316 0.0526316 0 0 0 0 0 0 

544 524 392 53 0 0.610687 0 0 0 0 0 0 0 0 0 0 0 0 0 0 0 0 0 0 0 0 0 0.0625 0.125 0.1875 0.3125 0.25 0.0625 0 0 0 0 0 0 

576 554 399 53 0 0.577617 0 0 0 0 0 0 0 0 0 0 0 0 0 0 0 0 0 0 0 0.0588235 0.0588235 0.117647 0.117647 0.117647 0.411765 0.117647 0 0 0 0 0 0 0 

544 521 394 53 0 0.614203 0 0 0 0 0 0 0 0 0 0 0 0 0 0 0 0 0 0 0 0 0 0 0 0.375 0.3125 0.1875 0.125 0 0 0 0 0 0 

544 528 396 53 0 0.606061 0 0 0 0 0 0 0 0 0 0 0 0 0 0 0 0 0 0 0 0 0 0.0625 0.0625 0.3125 0.3125 0.1875 0 0.0625 0 0 0 0 0 

512 502 376 53 0 0.63745 0 0 0 0 0 0 0 0 0 0 0 0 0 0 0 0 0 0 0 0 0.0666667 0 0.133333 0.266667 0.2 0.266667 0.0666667 0 0 0 0 0 0 

544 521 385 53 0 0.614203 0 0 0 0 0 0 0 0 0 0 0 0 0 0 0 0 0 0 0 0 0 0.0625 0.1875 0.25 0.3125 0.0625 0.125 0 0 0 0 0 0 

512 501 374 53 0 0.638723 0 0 0 0 0 0 0 0 0 0 0 0 0 0 0 0 0 0 0 0 0.0666667 0 0.133333 0.266667 0.266667 0.2 0.0666667 0 0 0 0 0 0 

544 520 391 53 0 0.615385 0 0 0 0 0 0 0 0 0 0 0 0 0 0 0 0 0 0 0 0 0 0.125 0.125 0.0625 0.3125 0.1875 0.125 0.0625 0 0 0 0 0 

608 588 422 53 0 0.544218 0 0 0 0 0 0 0 0 0 0 0 0 0 0 0 0 0 0 0 0.111111 0.111111 0.111111 0 0.222222 0.222222 0.111111 0.111111 0 0 0 0 0 0 

608 583 421 53 0 0.548885 0 0 0 0 0 0 0 0 0 0 0 0 0 0 0 0 0 0 0 0 0.0555556 0.111111 0.222222 0.166667 0.277778 0.166667 0 0 0 0 0 0 0 

512 490 370 53 0 0.653061 0 0 0 0 0 0 0 0 0 0 0 0 0 0 0 0 0 0 0 0 0 0.0666667 0 0.2 0.4 0.266667 0.0666667 0 0 0 0 0 0 

576 554 410 53 0 0.577617 0 0 0 0 0 0 0 0 0 0 0 0 0 0 0 0 0 0 0 0.0588235 0 0.117647 0.117647 0.117647 0.235294 0.235294 0.0588235 0.0588235 0 0 0 0 0 

512 503 367 53 0 0.636183 0 0 0 0 0 0 0 0 0 0 0 0 0 0 0 0 0 0 0 0 0.0666667 0.266667 0.2 0 0.133333 0.266667 0.0666667 0 0 0 0 0 0 

480 456 331 53 0 0.701754 0 0 0 0 0 0 0 0 0 0 0 0 0 0 0 0 0 0 0 0.0714286 0.142857 0 0.214286 0 0.285714 0.214286 0 0.0714286 0 0 0 0 0 

576 548 401 53 0 0.583942 0 0 0 0 0 0 0 0 0 0 0 0 0 0 0 0 0 0 0 0 0 0.176471 0.176471 0.176471 0.176471 0.176471 0.117647 0 0 0 0 0 0 

512 485 362 53 0 0.659794 0 0 0 0 0 0 0 0 0 0 0 0 0 0 0 0 0 0 0 0 0 0 0.266667 0.2 0.266667 0.0666667 0.133333 0.0666667 0 0 0 0 0 

640 616 457 53 0 0.519481 0 0 0 0 0 0 0 0 0 0 0 0 0 0 0 0 0 0 0 0 0 0.105263 0.210526 0.157895 0.210526 0.105263 0.210526 0 0 0 0 0 0 

512 498 364 53 0 0.64257 0 0 0 0 0 0 0 0 0 0 0 0 0 0 0 0 0 0 0 0 0.0666667 0.0666667 0.2 0.266667 0.266667 0.0666667 0.0666667 0 0 0 0 0 0 

640 627 447 53 0 0.510367 0 0 0 0 0 0 0 0 0 0 0 0 0 0 0 0 0 0 0 0.0526316 0.157895 0.105263 0.0526316 0.263158 0.263158 0.105263 0 0 0 0 0 0 0 

512 489 360 53 0 0.654397 0 0 0 0 0 0 0 0 0 0 0 0 0 0 0 0 0 0 0.0666667 0 0.0666667 0 0.133333 0.133333 0.266667 0.2 0.133333 0 0 0 0 0 0 

608 594 435 53 0 0.538721 0 0 0 0 0 0 0 0 0 0 0 0 0 0 0 0 0 0 0 0 0.111111 0 0.222222 0.166667 0.333333 0.111111 0.0555556 0 0 0 0 0 0 

608 582 420 53 0 0.549828 0 0 0 0 0 0 0 0 0 0 0 0 0 0 0 0 0 0 0 0.0555556 0.111111 0.111111 0.0555556 0.222222 0.166667 0.166667 0.111111 0 0 0 0 0 0 

544 526 382 53 0 0.608365 0 0 0 0 0 0 0 0 0 0 0 0 0 0 0 0 0 0 0 0.0625 0.0625 0 0.125 0.4375 0.1875 0.0625 0 0.0625 0 0 0 0 0 

640 623 447 53 0 0.513644 0 0 0 0 0 0 0 0 0 0 0 0 0 0 0 0 0 0 0.0526316 0 0 0.210526 0.157895 0.157895 0.263158 0.157895 0 0 0 0 0 0 0 

576 548 405 53 0 0.583942 0 0 0 0 0 0 0 0 0 0 0 0 0 0 0 0 0 0 0 0 0.0588235 0.176471 0.0588235 0.117647 0.235294 0.176471 0.117647 0.0588235 0 0 0 0 0 

608 583 426 53 0 0.548885 0 0 0 0 0 0 0 0 0 0 0 0 0 0 0 0 0 0 0 0 0.0555556 0.111111 0.166667 0.166667 0.222222 0.222222 0.0555556 0 0 0 0 0 0 

608 587 420 53 0 0.545145 0 0 0 0 0 0 0 0 0 0 0 0 0 0 0 0 0 0 0.0555556 0.0555556 0 0.222222 0.0555556 0.111111 0.333333 0.111111 0.0555556 0 0 0 0 0 0 

