224 210 158 32 0 0.571429 0 0 0 0 0 0 0 0 0 0 0 0 0 0 0 0 0 0 0 0 0 0.166667 0 0.333333 0.333333 0.166667 0 0 0 0 0 0 0 

256 240 181 32 0 0.5 0 0 0 0 0 0 0 0 0 0 0 0 0 0 0 0 0 0 0 0 0 0.285714 0 0.142857 0.142857 0.285714 0.142857 0 0 0 0 0 0 

224 209 160 32 0 0.574163 0 0 0 0 0 0 0 0 0 0 0 0 0 0 0 0 0 0 0 0 0 0.166667 0 0.166667 0.333333 0.166667 0.166667 0 0 0 0 0 0 

224 210 161 32 0 0.571429 0 0 0 0 0 0 0 0 0 0 0 0 0 0 0 0 0 0 0 0 0 0 0 0.5 0.333333 0 0.166667 0 0 0 0 0 0 

224 209 160 32 0 0.574163 0 0 0 0 0 0 0 0 0 0 0 0 0 0 0 0 0 0 0 0 0 0 0.166667 0 0.666667 0.166667 0 0 0 0 0 0 0 

224 209 165 32 0 0.574163 0 0 0 0 0 0 0 0 0 0 0 0 0 0 0 0 0 0 0 0 0 0 0 0.166667 0.333333 0.333333 0 0.166667 0 0 0 0 0 

224 212 157 32 0 0.566038 0 0 0 0 0 0 0 0 0 0 0 0 0 0 0 0 0 0 0 0 0.166667 0.166667 0 0.333333 0.166667 0 0.166667 0 0 0 0 0 0 

224 207 154 32 0 0.57971 0 0 0 0 0 0 0 0 0 0 0 0 0 0 0 0 0 0.166667 0 0 0 0 0 0 0.5 0.333333 0 0 0 0 0 0 0 

256 240 172 32 0 0.5 0 0 0 0 0 0 0 0 0 0 0 0 0 0 0 0 0 0 0 0 0.142857 0.285714 0 0.285714 0.285714 0 0 0 0 0 0 0 0 

224 210 157 32 0 0.571429 0 0 0 0 0 0 0 0 0 0 0 0 0 0 0 0 0 0 0 0 0 0 0.333333 0.333333 0.166667 0.166667 0 0 0 0 0 0 0 

