9600 9600 7011 53 320 0 0 0 0 0 0 0 0 0 0 0 0 0 0 0 0 0 0 0 0.00668896 0.0133779 0.0301003 0.090301 0.12709 0.250836 0.234114 0.160535 0.0602007 0.0200669 0.00668896 0 0 0 0 

9600 9600 6922 53 320 0 0 0 0 0 0 0 0 0 0 0 0 0 0 0 0 0 0 0 0.00334448 0.0133779 0.0501672 0.117057 0.16388 0.240803 0.214047 0.12709 0.0568562 0.0133779 0 0 0 0 0 

9600 9600 6952 53 320 0 0 0 0 0 0 0 0 0 0 0 0 0 0 0 0 0 0 0 0.00668896 0.0200669 0.0468227 0.0802676 0.167224 0.22408 0.234114 0.167224 0.0367893 0.0133779 0.00334448 0 0 0 0 

9600 9600 6974 53 320 0 0 0 0 0 0 0 0 0 0 0 0 0 0 0 0 0.00334448 0 0 0.0100334 0.0200669 0.0434783 0.0936455 0.16388 0.187291 0.183946 0.197324 0.0802676 0.0167224 0 0 0 0 0 

9600 9600 6952 53 320 0 0 0 0 0 0 0 0 0 0 0 0 0 0 0 0 0 0 0.00334448 0.00334448 0.0200669 0.0568562 0.090301 0.157191 0.22408 0.190635 0.167224 0.0802676 0.00668896 0 0 0 0 0 

9600 9600 6918 53 320 0 0 0 0 0 0 0 0 0 0 0 0 0 0 0 0 0 0 0 0.00668896 0.0234114 0.0367893 0.12709 0.167224 0.22408 0.220736 0.113712 0.0535117 0.0267559 0 0 0 0 0 

9600 9600 7004 53 320 0 0 0 0 0 0 0 0 0 0 0 0 0 0 0 0 0 0 0 0.0100334 0.0167224 0.0401338 0.0468227 0.147157 0.254181 0.250836 0.16388 0.0434783 0.0234114 0.00334448 0 0 0 0 

9600 9600 6893 53 320 0 0 0 0 0 0 0 0 0 0 0 0 0 0 0 0 0 0.00334448 0.00334448 0.0167224 0.0301003 0.0468227 0.0802676 0.167224 0.244147 0.214047 0.113712 0.0668896 0.0133779 0 0 0 0 0 

9600 9600 6999 53 320 0 0 0 0 0 0 0 0 0 0 0 0 0 0 0 0 0 0 0.00334448 0.00334448 0.0167224 0.0468227 0.0936455 0.12709 0.210702 0.237458 0.143813 0.103679 0.0133779 0 0 0 0 0 

9600 9600 7003 53 320 0 0 0 0 0 0 0 0 0 0 0 0 0 0 0 0 0 0 0 0 0.0133779 0.0200669 0.0769231 0.160535 0.240803 0.280936 0.12709 0.0769231 0.00334448 0 0 0 0 0 

