3360 3342 2438 120 0 0.478755 0 0 0 0 0 0 0 0 0 0 0 0 0 0 0 0 0 0 0 0.0192308 0.0384615 0.105769 0.153846 0.201923 0.201923 0.173077 0.105769 0 0 0 0 0 0 

3488 3471 2520 120 0 0.460962 0 0 0 0 0 0 0 0 0 0 0 0 0 0 0 0 0 0.00925926 0.00925926 0.0185185 0.037037 0.0462963 0.175926 0.259259 0.25 0.101852 0.0740741 0.0185185 0 0 0 0 0 

3360 3341 2423 120 0 0.478899 0 0 0 0 0 0 0 0 0 0 0 0 0 0 0 0 0 0 0 0.0192308 0.0480769 0.105769 0.134615 0.230769 0.269231 0.115385 0.0673077 0.00961538 0 0 0 0 0 

3488 3469 2508 120 0 0.461228 0 0 0 0 0 0 0 0 0 0 0 0 0 0 0 0 0 0 0 0.00925926 0.0555556 0.12963 0.166667 0.25 0.148148 0.148148 0.0833333 0.00925926 0 0 0 0 0 

3488 3468 2508 120 0 0.461361 0 0 0 0 0 0 0 0 0 0 0 0 0 0 0 0 0 0.00925926 0.00925926 0.0185185 0.037037 0.0740741 0.185185 0.222222 0.231481 0.148148 0.0555556 0.00925926 0 0 0 0 0 

3488 3470 2521 120 0 0.461095 0 0 0 0 0 0 0 0 0 0 0 0 0 0 0 0 0 0 0.0185185 0.037037 0.0462963 0.0185185 0.175926 0.231481 0.259259 0.12963 0.0555556 0.0185185 0.00925926 0 0 0 0 

3424 3409 2495 120 0 0.469346 0 0 0 0 0 0 0 0 0 0 0 0 0 0 0 0 0 0 0 0.0377358 0.0283019 0.0471698 0.141509 0.254717 0.245283 0.169811 0.0377358 0.0377358 0 0 0 0 0 

3488 3469 2519 120 0 0.461228 0 0 0 0 0 0 0 0 0 0 0 0 0 0 0 0 0 0 0.00925926 0.037037 0.0277778 0.0555556 0.166667 0.296296 0.203704 0.0833333 0.0925926 0.0277778 0 0 0 0 0 

3488 3469 2540 120 0 0.461228 0 0 0 0 0 0 0 0 0 0 0 0 0 0 0 0 0 0 0 0.00925926 0.0185185 0.0648148 0.12037 0.314815 0.25 0.175926 0.0462963 0 0 0 0 0 0 

3328 3318 2425 120 0 0.482218 0 0 0 0 0 0 0 0 0 0 0 0 0 0 0 0 0 0 0.00970874 0.00970874 0.0485437 0.0679612 0.135922 0.242718 0.242718 0.145631 0.0873786 0.00970874 0 0 0 0 0 

