1248 1220 882 84 0 0.655738 0 0 0 0 0 0 0 0 0 0 0 0 0 0 0 0 0 0 0.0263158 0 0.0526316 0.0526316 0.131579 0.342105 0.263158 0.0526316 0.0526316 0.0263158 0 0 0 0 0 

1280 1251 912 84 0 0.639488 0 0 0 0 0 0 0 0 0 0 0 0 0 0 0 0 0 0 0 0.0512821 0.0512821 0.102564 0.0769231 0.153846 0.333333 0.0769231 0.153846 0 0 0 0 0 0 

1280 1252 895 84 0 0.638978 0 0 0 0 0 0 0 0 0 0 0 0 0 0 0 0 0 0 0.025641 0 0.0512821 0.102564 0.179487 0.25641 0.282051 0.0769231 0.025641 0 0 0 0 0 0 

1280 1252 895 84 0 0.638978 0 0 0 0 0 0 0 0 0 0 0 0 0 0 0 0 0 0 0 0.0512821 0.0769231 0.0769231 0.153846 0.25641 0.205128 0.153846 0.025641 0 0 0 0 0 0 

1280 1251 919 84 0 0.639488 0 0 0 0 0 0 0 0 0 0 0 0 0 0 0 0 0 0 0 0 0.0512821 0.0512821 0.153846 0.205128 0.25641 0.205128 0.0769231 0 0 0 0 0 0 

1216 1194 856 84 0 0.670017 0 0 0 0 0 0 0 0 0 0 0 0 0 0 0 0 0 0 0 0 0.027027 0.108108 0.297297 0.216216 0.243243 0.108108 0 0 0 0 0 0 0 

1216 1195 863 84 0 0.669456 0 0 0 0 0 0 0 0 0 0 0 0 0 0 0 0 0 0 0.0540541 0.027027 0.027027 0.108108 0.0540541 0.243243 0.324324 0.0540541 0.108108 0 0 0 0 0 0 

1248 1219 885 84 0 0.656276 0 0 0 0 0 0 0 0 0 0 0 0 0 0 0 0 0 0 0.0263158 0.0263158 0.0263158 0.0526316 0.131579 0.342105 0.157895 0.131579 0.0789474 0.0263158 0 0 0 0 0 

1248 1219 905 84 0 0.656276 0 0 0 0 0 0 0 0 0 0 0 0 0 0 0 0 0 0 0 0 0 0.0789474 0.157895 0.236842 0.184211 0.210526 0.0789474 0.0526316 0 0 0 0 0 

1216 1195 865 84 0 0.669456 0 0 0 0 0 0 0 0 0 0 0 0 0 0 0 0 0 0 0 0.027027 0 0.135135 0.162162 0.297297 0.243243 0.027027 0.108108 0 0 0 0 0 0 

1216 1194 859 84 0 0.670017 0 0 0 0 0 0 0 0 0 0 0 0 0 0 0 0 0.027027 0 0 0.027027 0.0540541 0.027027 0.297297 0.108108 0.27027 0.0810811 0.108108 0 0 0 0 0 0 

1248 1219 871 84 0 0.656276 0 0 0 0 0 0 0 0 0 0 0 0 0 0 0 0 0 0 0 0 0.0263158 0.157895 0.263158 0.236842 0.131579 0.184211 0 0 0 0 0 0 0 

1216 1194 882 84 0 0.670017 0 0 0 0 0 0 0 0 0 0 0 0 0 0 0 0 0 0 0 0.0540541 0.027027 0.108108 0.0540541 0.162162 0.27027 0.108108 0.216216 0 0 0 0 0 0 

1248 1219 889 84 0 0.656276 0 0 0 0 0 0 0 0 0 0 0 0 0 0 0 0 0 0 0 0.0263158 0 0.0789474 0.263158 0.184211 0.184211 0.131579 0.131579 0 0 0 0 0 0 

1280 1251 913 84 0 0.639488 0 0 0 0 0 0 0 0 0 0 0 0 0 0 0 0 0 0 0 0 0 0.0769231 0.230769 0.230769 0.282051 0.102564 0.0769231 0 0 0 0 0 0 

1280 1252 924 84 0 0.638978 0 0 0 0 0 0 0 0 0 0 0 0 0 0 0 0 0 0 0 0 0.025641 0 0.230769 0.230769 0.179487 0.282051 0.0512821 0 0 0 0 0 0 

1248 1219 902 84 0 0.656276 0 0 0 0 0 0 0 0 0 0 0 0 0 0 0 0 0 0 0 0 0.0263158 0.0789474 0.0526316 0.368421 0.131579 0.236842 0.0789474 0.0263158 0 0 0 0 0 

1248 1219 905 84 0 0.656276 0 0 0 0 0 0 0 0 0 0 0 0 0 0 0 0 0 0 0 0 0 0.0526316 0.184211 0.210526 0.236842 0.184211 0.105263 0.0263158 0 0 0 0 0 

1216 1194 861 84 0 0.670017 0 0 0 0 0 0 0 0 0 0 0 0 0 0 0 0 0 0 0 0.0540541 0.0540541 0.135135 0.162162 0.162162 0.162162 0.189189 0.0540541 0.027027 0 0 0 0 0 

1248 1219 902 84 0 0.656276 0 0 0 0 0 0 0 0 0 0 0 0 0 0 0 0 0 0 0 0 0.0263158 0.0263158 0.263158 0.105263 0.184211 0.342105 0.0263158 0.0263158 0 0 0 0 0 

1216 1194 864 84 0 0.670017 0 0 0 0 0 0 0 0 0 0 0 0 0 0 0 0 0 0 0 0 0.027027 0.108108 0.27027 0.189189 0.216216 0.162162 0 0.027027 0 0 0 0 0 

1248 1220 876 84 0 0.655738 0 0 0 0 0 0 0 0 0 0 0 0 0 0 0 0 0 0.0526316 0 0 0.0526316 0.131579 0.157895 0.131579 0.236842 0.131579 0.0789474 0.0263158 0 0 0 0 0 

1280 1252 919 84 0 0.638978 0 0 0 0 0 0 0 0 0 0 0 0 0 0 0 0 0 0 0 0 0 0.102564 0.230769 0.205128 0.153846 0.230769 0.025641 0.0512821 0 0 0 0 0 

1216 1194 867 84 0 0.670017 0 0 0 0 0 0 0 0 0 0 0 0 0 0 0 0 0 0 0.0540541 0.027027 0.0540541 0 0.135135 0.243243 0.216216 0.189189 0.0810811 0 0 0 0 0 0 

1216 1194 860 84 0 0.670017 0 0 0 0 0 0 0 0 0 0 0 0 0 0 0 0 0 0.0540541 0 0 0.0540541 0.027027 0.243243 0.243243 0.135135 0.135135 0.0810811 0.027027 0 0 0 0 0 

1248 1219 881 84 0 0.656276 0 0 0 0 0 0 0 0 0 0 0 0 0 0 0 0 0 0 0 0 0.0789474 0.0789474 0.184211 0.263158 0.210526 0.105263 0.0526316 0.0263158 0 0 0 0 0 

1312 1296 936 84 0 0.617284 0 0 0 0 0 0 0 0 0 0 0 0 0 0 0 0 0 0 0.025 0 0 0.1 0.2 0.275 0.3 0.075 0.025 0 0 0 0 0 0 

1216 1194 873 84 0 0.670017 0 0 0 0 0 0 0 0 0 0 0 0 0 0 0 0 0 0 0.027027 0 0 0.162162 0.108108 0.216216 0.216216 0.189189 0.0540541 0 0.027027 0 0 0 0 

