1440 1426 1017 84 0 0.56101 0 0 0 0 0 0 0 0 0 0 0 0 0 0 0 0 0 0.0227273 0 0.0227273 0.0454545 0.113636 0.204545 0.295455 0.136364 0.113636 0.0454545 0 0 0 0 0 0 

1344 1318 958 84 0 0.60698 0 0 0 0 0 0 0 0 0 0 0 0 0 0 0 0 0 0 0 0 0.0487805 0.170732 0.097561 0.195122 0.243902 0.170732 0.0731707 0 0 0 0 0 0 

1120 1102 802 75 0 0.725953 0 0 0 0 0 0 0 0 0 0 0 0 0 0 0 0 0 0 0 0 0.0588235 0.0588235 0.205882 0.294118 0.147059 0.205882 0 0.0294118 0 0 0 0 0 

1152 1142 851 84 0 0.700525 0 0 0 0 0 0 0 0 0 0 0 0 0 0 0 0 0 0 0 0 0.0285714 0.0571429 0.0857143 0.257143 0.257143 0.228571 0.0857143 0 0 0 0 0 0 

1504 1476 1075 84 0 0.542005 0 0 0 0 0 0 0 0 0 0 0 0 0 0 0 0 0 0 0 0.0217391 0.0434783 0.0217391 0.130435 0.369565 0.195652 0.173913 0.0434783 0 0 0 0 0 0 

1472 1447 1055 84 0 0.552868 0 0 0 0 0 0 0 0 0 0 0 0 0 0 0 0 0 0 0.0222222 0.0444444 0 0.133333 0.111111 0.177778 0.177778 0.244444 0.0666667 0.0222222 0 0 0 0 0 

1344 1332 970 84 0 0.600601 0 0 0 0 0 0 0 0 0 0 0 0 0 0 0 0 0 0 0 0.0243902 0.0487805 0.0731707 0.146341 0.292683 0.243902 0.097561 0.0243902 0.0487805 0 0 0 0 0 

1440 1414 1026 84 0 0.565771 0 0 0 0 0 0 0 0 0 0 0 0 0 0 0 0 0 0 0 0.0227273 0.0227273 0.0681818 0.181818 0.295455 0.25 0.0681818 0.0909091 0 0 0 0 0 0 

1120 1097 802 81 0 0.729262 0 0 0 0 0 0 0 0 0 0 0 0 0 0 0 0 0 0 0 0 0.0588235 0.147059 0.0294118 0.264706 0.294118 0.117647 0.0588235 0.0294118 0 0 0 0 0 

1568 1553 1135 84 0 0.515132 0 0 0 0 0 0 0 0 0 0 0 0 0 0 0 0 0 0 0.0208333 0 0.0625 0.104167 0.145833 0.229167 0.145833 0.104167 0.166667 0.0208333 0 0 0 0 0 

1248 1220 885 84 0 0.655738 0 0 0 0 0 0 0 0 0 0 0 0 0 0 0 0 0 0 0 0 0.105263 0.0263158 0.131579 0.315789 0.210526 0.157895 0.0526316 0 0 0 0 0 0 

1120 1099 801 67 0 0.727934 0 0 0 0 0 0 0 0 0 0 0 0 0 0 0 0 0 0 0 0 0.0882353 0.0294118 0.205882 0.205882 0.205882 0.235294 0.0294118 0 0 0 0 0 0 

1120 1098 801 62 0 0.728597 0 0 0 0 0 0 0 0 0 0 0 0 0 0 0 0 0 0 0 0.0588235 0.0294118 0.0882353 0.0588235 0.323529 0.205882 0.147059 0.0588235 0 0.0294118 0 0 0 0 

1760 1746 1269 84 0 0.45819 0 0 0 0 0 0 0 0 0 0 0 0 0 0 0 0 0 0 0 0.0185185 0.037037 0.12963 0.148148 0.259259 0.148148 0.185185 0.0555556 0.0185185 0 0 0 0 0 

1120 1097 801 60 0 0.729262 0 0 0 0 0 0 0 0 0 0 0 0 0 0 0 0 0 0 0 0.0294118 0 0.0882353 0.176471 0.205882 0.323529 0.117647 0.0294118 0.0294118 0 0 0 0 0 

1152 1131 835 84 0 0.707339 0 0 0 0 0 0 0 0 0 0 0 0 0 0 0 0 0 0 0 0 0.0285714 0.0285714 0.257143 0.171429 0.257143 0.0857143 0.171429 0 0 0 0 0 0 

1376 1361 1007 84 0 0.587803 0 0 0 0 0 0 0 0 0 0 0 0 0 0 0 0 0 0 0 0 0.047619 0.0952381 0.0714286 0.261905 0.238095 0.142857 0.119048 0.0238095 0 0 0 0 0 

1376 1353 997 84 0 0.591279 0 0 0 0 0 0 0 0 0 0 0 0 0 0 0 0 0 0 0 0.0238095 0.047619 0.166667 0.142857 0.0952381 0.0952381 0.190476 0.190476 0.047619 0 0 0 0 0 

1696 1668 1210 84 0 0.479616 0 0 0 0 0 0 0 0 0 0 0 0 0 0 0 0 0 0 0 0.0192308 0.0192308 0.134615 0.192308 0.230769 0.153846 0.115385 0.134615 0 0 0 0 0 0 

1120 1095 802 69 0 0.730594 0 0 0 0 0 0 0 0 0 0 0 0 0 0 0 0 0 0 0 0 0 0.0588235 0.235294 0.235294 0.264706 0.147059 0.0588235 0 0 0 0 0 0 

1376 1363 1005 84 0 0.586941 0 0 0 0 0 0 0 0 0 0 0 0 0 0 0 0 0 0 0 0 0.0238095 0.0952381 0.190476 0.166667 0.214286 0.238095 0.047619 0.0238095 0 0 0 0 0 

1216 1192 878 84 0 0.671141 0 0 0 0 0 0 0 0 0 0 0 0 0 0 0 0 0 0 0 0 0 0.0540541 0.189189 0.27027 0.27027 0.135135 0.0540541 0.027027 0 0 0 0 0 

1472 1456 1055 84 0 0.549451 0 0 0 0 0 0 0 0 0 0 0 0 0 0 0 0 0 0 0.0222222 0 0.0666667 0.0888889 0.155556 0.288889 0.133333 0.155556 0.0666667 0.0222222 0 0 0 0 0 

1312 1296 938 84 0 0.617284 0 0 0 0 0 0 0 0 0 0 0 0 0 0 0 0 0 0 0 0.025 0.05 0.1 0.2 0.2 0.2 0.175 0.05 0 0 0 0 0 0 

1248 1220 893 84 0 0.655738 0 0 0 0 0 0 0 0 0 0 0 0 0 0 0 0 0 0 0.0263158 0 0.0263158 0.0789474 0.131579 0.157895 0.315789 0.236842 0 0.0263158 0 0 0 0 0 

1088 1071 801 66 0 0.746965 0 0 0 0 0 0 0 0 0 0 0 0 0 0 0 0 0 0 0 0.030303 0 0.0606061 0.0909091 0.121212 0.393939 0.181818 0.0909091 0.030303 0 0 0 0 0 

1120 1110 802 69 0 0.720721 0 0 0 0 0 0 0 0 0 0 0 0 0 0 0 0 0 0 0.0294118 0 0.0294118 0.117647 0.147059 0.323529 0.147059 0.205882 0 0 0 0 0 0 0 

1344 1331 955 84 0 0.601052 0 0 0 0 0 0 0 0 0 0 0 0 0 0 0 0 0 0 0 0.0243902 0.0243902 0.146341 0.219512 0.268293 0.195122 0.0731707 0.0243902 0.0243902 0 0 0 0 0 

1280 1252 911 84 0 0.638978 0 0 0 0 0 0 0 0 0 0 0 0 0 0 0 0 0 0 0 0.025641 0.0512821 0.102564 0.102564 0.205128 0.25641 0.205128 0.0512821 0 0 0 0 0 0 

