704 679 498 53 0 0.471281 0 0 0 0 0 0 0 0 0 0 0 0 0 0 0 0 0 0 0 0.047619 0 0.142857 0.190476 0.142857 0.190476 0.0952381 0.142857 0 0.047619 0 0 0 0 

704 674 503 53 0 0.474777 0 0 0 0 0 0 0 0 0 0 0 0 0 0 0 0 0 0 0 0 0.047619 0.047619 0.190476 0.190476 0.142857 0.190476 0.047619 0.0952381 0.047619 0 0 0 0 

800 772 564 53 0 0.414508 0 0 0 0 0 0 0 0 0 0 0 0 0 0 0 0 0 0 0 0 0.0416667 0.0833333 0.166667 0.208333 0.25 0.208333 0.0416667 0 0 0 0 0 0 

768 739 528 53 0 0.433018 0 0 0 0 0 0 0 0 0 0 0 0 0 0 0 0 0 0 0 0 0.0434783 0.173913 0.130435 0.304348 0.304348 0 0.0434783 0 0 0 0 0 0 

704 679 486 53 0 0.471281 0 0 0 0 0 0 0 0 0 0 0 0 0 0 0 0 0 0 0 0.0952381 0.0952381 0.047619 0.142857 0.190476 0.285714 0.047619 0.047619 0.047619 0 0 0 0 0 

704 674 494 53 0 0.474777 0 0 0 0 0 0 0 0 0 0 0 0 0 0 0 0 0 0 0 0.047619 0 0.047619 0.142857 0.285714 0.190476 0.190476 0.0952381 0 0 0 0 0 0 

768 739 531 53 0 0.433018 0 0 0 0 0 0 0 0 0 0 0 0 0 0.0434783 0 0 0 0 0 0 0.0434783 0.0434783 0.217391 0.217391 0.130435 0.217391 0.0869565 0 0 0 0 0 0 

800 771 552 53 0 0.415045 0 0 0 0 0 0 0 0 0 0 0 0 0 0 0 0 0 0 0 0 0.0833333 0.166667 0.166667 0.25 0.166667 0.0416667 0.125 0 0 0 0 0 0 

768 739 538 53 0 0.433018 0 0 0 0 0 0 0 0 0 0 0 0 0 0 0 0 0 0 0 0.0434783 0.0434783 0.0434783 0.0869565 0.217391 0.434783 0.0869565 0.0434783 0 0 0 0 0 0 

704 674 479 53 0 0.474777 0 0 0 0 0 0 0 0 0 0 0 0 0 0 0 0 0 0 0 0.047619 0.0952381 0.0952381 0.142857 0.333333 0.142857 0.0952381 0 0.047619 0 0 0 0 0 

