1248 1232 905 75 0 0.519481 0 0 0 0 0 0 0 0 0 0 0 0 0 0 0 0 0 0 0 0.0789474 0 0.105263 0.0789474 0.157895 0.289474 0.184211 0.0789474 0.0263158 0 0 0 0 0 

992 976 717 75 0 0.655738 0 0 0 0 0 0 0 0 0 0 0 0 0 0 0 0 0 0 0 0 0.1 0.0333333 0.1 0.233333 0.333333 0.1 0.1 0 0 0 0 0 0 

1088 1068 773 75 0 0.599251 0 0 0 0 0 0 0 0 0 0 0 0 0 0 0 0 0 0 0 0.030303 0 0.181818 0.181818 0.181818 0.212121 0.151515 0.030303 0.030303 0 0 0 0 0 

1024 1003 736 75 0 0.638086 0 0 0 0 0 0 0 0 0 0 0 0 0 0 0 0 0 0 0 0.0322581 0.0322581 0.0645161 0.193548 0.193548 0.193548 0.193548 0.0645161 0 0.0322581 0 0 0 0 

1024 995 730 75 0 0.643216 0 0 0 0 0 0 0 0 0 0 0 0 0 0 0 0 0 0 0.0322581 0 0.0967742 0.0322581 0.0645161 0.258065 0.225806 0.129032 0.0967742 0.0645161 0 0 0 0 0 

928 902 642 73 0 0.709534 0 0 0 0 0 0 0 0 0 0 0 0 0 0 0 0 0 0 0 0.0714286 0.0357143 0.142857 0.142857 0.285714 0.142857 0.142857 0.0357143 0 0 0 0 0 0 

896 886 648 75 0 0.722348 0 0 0 0 0 0 0 0 0 0 0 0 0 0 0 0 0 0.037037 0 0.037037 0.037037 0.0740741 0.185185 0.148148 0.185185 0.185185 0.037037 0.037037 0.037037 0 0 0 0 

1056 1029 756 75 0 0.621963 0 0 0 0 0 0 0 0 0 0 0 0 0 0 0 0 0 0 0 0.03125 0.03125 0.09375 0.09375 0.25 0.1875 0.1875 0.09375 0.03125 0 0 0 0 0 

992 967 702 75 0 0.661841 0 0 0 0 0 0 0 0 0 0 0 0 0 0 0 0 0 0 0 0 0.1 0.0666667 0.133333 0.3 0.133333 0.2 0.0666667 0 0 0 0 0 0 

896 891 640 70 0 0.718294 0 0 0 0 0 0 0 0 0 0 0 0 0 0 0 0 0 0.037037 0 0.037037 0.0740741 0.111111 0.0740741 0.259259 0.185185 0.185185 0.037037 0 0 0 0 0 0 

928 902 658 75 0 0.709534 0 0 0 0 0 0 0 0 0 0 0 0 0 0 0 0 0 0 0 0.0357143 0.0357143 0.142857 0.178571 0.142857 0.142857 0.142857 0.142857 0.0357143 0 0 0 0 0 

1056 1031 744 75 0 0.620757 0 0 0 0 0 0 0 0 0 0 0 0 0 0 0 0 0 0 0 0 0.03125 0.125 0.15625 0.3125 0.25 0.09375 0.03125 0 0 0 0 0 0 

960 940 689 75 0 0.680851 0 0 0 0 0 0 0 0 0 0 0 0 0 0 0 0 0 0 0 0.0344828 0 0.0344828 0.172414 0.310345 0.206897 0.206897 0.0344828 0 0 0 0 0 0 

1056 1036 755 75 0 0.617761 0 0 0 0 0 0 0 0 0 0 0 0 0 0 0 0 0 0 0 0 0.03125 0.125 0.09375 0.3125 0.28125 0.09375 0.0625 0 0 0 0 0 0 

960 936 701 75 0 0.683761 0 0 0 0 0 0 0 0 0 0 0 0 0 0 0 0 0 0 0 0 0.0344828 0.0344828 0.103448 0.241379 0.206897 0.206897 0.137931 0.0344828 0 0 0 0 0 

928 906 661 75 0 0.706402 0 0 0 0 0 0 0 0 0 0 0 0 0 0 0 0 0 0 0 0.0714286 0.0357143 0.0714286 0.107143 0.178571 0.25 0.214286 0.0714286 0 0 0 0 0 0 

928 916 674 75 0 0.69869 0 0 0 0 0 0 0 0 0 0 0 0 0 0 0 0 0 0 0 0 0.0357143 0.107143 0.178571 0.285714 0.142857 0.0714286 0.142857 0.0357143 0 0 0 0 0 

928 916 671 75 0 0.69869 0 0 0 0 0 0 0 0 0 0 0 0 0 0 0 0 0 0 0 0.0357143 0 0.0357143 0.214286 0.25 0.25 0.214286 0 0 0 0 0 0 0 

1120 1108 805 75 0 0.577617 0 0 0 0 0 0 0 0 0 0 0 0 0 0 0 0 0 0 0 0.0294118 0.0294118 0.0882353 0.205882 0.323529 0.0882353 0.147059 0.0588235 0.0294118 0 0 0 0 0 

896 877 642 73 0 0.729761 0 0 0 0 0 0 0 0 0 0 0 0 0 0 0 0 0 0 0.037037 0 0 0.037037 0.222222 0.222222 0.222222 0.222222 0.037037 0 0 0 0 0 0 

992 964 686 75 0 0.6639 0 0 0 0 0 0 0 0 0 0 0 0 0 0 0 0 0 0.0333333 0 0 0 0.133333 0.266667 0.266667 0.133333 0.166667 0 0 0 0 0 0 0 

928 901 664 75 0 0.710322 0 0 0 0 0 0 0 0 0 0 0 0 0 0 0 0 0 0 0 0.0357143 0 0.0714286 0.142857 0.214286 0.214286 0.214286 0.107143 0 0 0 0 0 0 

1088 1073 781 75 0 0.596459 0 0 0 0 0 0 0 0 0 0 0 0 0 0 0 0 0 0 0 0.030303 0.0606061 0.0606061 0.151515 0.30303 0.151515 0.151515 0.0909091 0 0 0 0 0 0 

960 936 676 75 0 0.683761 0 0 0 0 0 0 0 0 0 0 0 0 0 0 0 0 0 0 0 0.0344828 0.0689655 0.0689655 0.206897 0.241379 0.103448 0.206897 0.0689655 0 0 0 0 0 0 

960 942 673 75 0 0.679406 0 0 0 0 0 0 0 0 0 0 0 0 0 0 0 0 0 0 0 0 0.0689655 0.137931 0.241379 0.206897 0.275862 0.0344828 0.0344828 0 0 0 0 0 0 

1120 1108 827 75 0 0.577617 0 0 0 0 0 0 0 0 0 0 0 0 0 0 0 0 0 0 0.0294118 0 0.0294118 0.0588235 0.0588235 0.176471 0.264706 0.264706 0.117647 0 0 0 0 0 0 

960 930 685 75 0 0.688172 0 0 0 0 0 0 0 0 0 0 0 0 0 0 0 0 0 0 0 0 0 0.137931 0.137931 0.206897 0.241379 0.137931 0.103448 0.0344828 0 0 0 0 0 

896 875 646 75 0 0.731429 0 0 0 0 0 0 0 0 0 0 0 0 0 0 0 0 0 0 0 0 0 0.111111 0.148148 0.222222 0.296296 0.0740741 0.148148 0 0 0 0 0 0 

928 919 672 75 0 0.696409 0 0 0 0 0 0 0 0 0 0 0 0 0 0 0 0 0 0 0 0.0357143 0.0357143 0.142857 0.178571 0.178571 0.142857 0.142857 0.107143 0.0357143 0 0 0 0 0 

896 885 642 75 0 0.723164 0 0 0 0 0 0 0 0 0 0 0 0 0 0 0 0 0 0 0.037037 0 0.037037 0.185185 0.111111 0.111111 0.333333 0.111111 0.0740741 0 0 0 0 0 0 

896 879 642 66 0 0.7281 0 0 0 0 0 0 0 0 0 0 0 0 0 0 0 0 0 0 0 0.037037 0.037037 0.111111 0.111111 0.296296 0.148148 0.148148 0.0740741 0.037037 0 0 0 0 0 

960 946 682 75 0 0.676533 0 0 0 0 0 0 0 0 0 0 0 0 0 0 0 0 0 0 0.0344828 0 0.0689655 0.0689655 0.206897 0.206897 0.275862 0.0689655 0.0689655 0 0 0 0 0 0 

1024 1001 732 75 0 0.639361 0 0 0 0 0 0 0 0 0 0 0 0 0 0 0 0 0 0 0 0 0 0.0967742 0.0967742 0.419355 0.225806 0.129032 0 0.0322581 0 0 0 0 0 

992 978 714 75 0 0.654397 0 0 0 0 0 0 0 0 0 0 0 0 0 0 0 0 0 0.0333333 0 0.0333333 0.0333333 0 0.1 0.3 0.333333 0.1 0.0666667 0 0 0 0 0 0 

896 879 642 68 0 0.7281 0 0 0 0 0 0 0 0 0 0 0 0 0 0 0 0 0 0 0 0 0.037037 0.0740741 0.222222 0.185185 0.37037 0.037037 0.037037 0.037037 0 0 0 0 0 

992 964 713 75 0 0.6639 0 0 0 0 0 0 0 0 0 0 0 0 0 0 0 0 0 0 0 0 0 0.133333 0.1 0.2 0.233333 0.233333 0.1 0 0 0 0 0 0 

1024 1012 757 75 0 0.632411 0 0 0 0 0 0 0 0 0 0 0 0 0 0 0 0 0 0 0 0 0.0322581 0.0322581 0.193548 0.129032 0.258065 0.225806 0.0967742 0.0322581 0 0 0 0 0 

896 872 643 75 0 0.733945 0 0 0 0 0 0 0 0 0 0 0 0 0 0 0 0 0 0 0 0 0 0.037037 0.185185 0.259259 0.333333 0.111111 0.0740741 0 0 0 0 0 0 

1088 1064 777 75 0 0.601504 0 0 0 0 0 0 0 0 0 0 0 0 0 0 0 0 0 0 0.030303 0 0 0.0606061 0.181818 0.30303 0.151515 0.212121 0.0606061 0 0 0 0 0 0 

960 929 673 75 0 0.688913 0 0 0 0 0 0 0 0 0 0 0 0 0 0 0 0 0 0 0 0 0.0689655 0.0689655 0.241379 0.206897 0.172414 0.137931 0.103448 0 0 0 0 0 0 

960 946 678 75 0 0.676533 0 0 0 0 0 0 0 0 0 0 0 0 0 0 0 0 0 0 0 0.0344828 0.103448 0.137931 0.137931 0.137931 0.275862 0.172414 0 0 0 0 0 0 0 

896 879 642 69 0 0.7281 0 0 0 0 0 0 0 0 0 0 0 0 0 0 0 0 0 0 0 0.037037 0 0.037037 0.148148 0.444444 0.185185 0.0740741 0.037037 0.037037 0 0 0 0 0 

1024 1004 739 75 0 0.63745 0 0 0 0 0 0 0 0 0 0 0 0 0 0 0 0 0 0 0 0 0.0322581 0 0.16129 0.387097 0.193548 0.16129 0.0645161 0 0 0 0 0 0 

960 936 694 75 0 0.683761 0 0 0 0 0 0 0 0 0 0 0 0 0 0 0 0 0 0 0 0 0 0.0344828 0.137931 0.241379 0.310345 0.275862 0 0 0 0 0 0 0 

928 918 673 75 0 0.697168 0 0 0 0 0 0 0 0 0 0 0 0 0 0 0 0 0 0 0.0357143 0.0357143 0 0.0357143 0.25 0.25 0.107143 0.178571 0 0.107143 0 0 0 0 0 

896 871 642 75 0 0.734788 0 0 0 0 0 0 0 0 0 0 0 0 0 0 0 0 0 0 0.037037 0 0.037037 0.111111 0.0740741 0.148148 0.185185 0.296296 0.111111 0 0 0 0 0 0 

928 915 667 75 0 0.699454 0 0 0 0 0 0 0 0 0 0 0 0 0 0 0 0 0 0 0 0 0.0714286 0.142857 0.0357143 0.321429 0.321429 0.0357143 0 0.0714286 0 0 0 0 0 

992 977 719 75 0 0.655067 0 0 0 0 0 0 0 0 0 0 0 0 0 0 0 0 0 0 0 0 0 0.0666667 0.0666667 0.4 0.333333 0.133333 0 0 0 0 0 0 0 

928 909 660 75 0 0.70407 0 0 0 0 0 0 0 0 0 0 0 0 0 0 0 0 0 0 0 0 0.107143 0.0357143 0.25 0.178571 0.142857 0.25 0.0357143 0 0 0 0 0 0 

896 878 642 74 0 0.728929 0 0 0 0 0 0 0 0 0 0 0 0 0 0 0 0 0 0 0 0.037037 0.0740741 0.037037 0.148148 0.222222 0.148148 0.296296 0.037037 0 0 0 0 0 0 

1216 1194 878 75 0 0.536013 0 0 0 0 0 0 0 0 0 0 0 0 0 0 0 0 0 0 0 0.027027 0 0.135135 0.108108 0.27027 0.162162 0.135135 0.135135 0.027027 0 0 0 0 0 

896 886 642 70 0 0.722348 0 0 0 0 0 0 0 0 0 0 0 0 0 0 0 0 0 0 0 0.037037 0.111111 0.0740741 0.148148 0.222222 0.185185 0.148148 0.037037 0.037037 0 0 0 0 0 

928 907 654 75 0 0.705623 0 0 0 0 0 0 0 0 0 0 0 0 0 0 0 0 0 0 0 0.0714286 0.0357143 0.178571 0.0714286 0.214286 0.178571 0.142857 0.107143 0 0 0 0 0 0 

896 876 641 60 0 0.730594 0 0 0 0 0 0 0 0 0 0 0 0 0 0 0 0 0 0 0 0 0 0.111111 0.185185 0.259259 0.296296 0.0740741 0.037037 0.037037 0 0 0 0 0 

992 971 707 75 0 0.659114 0 0 0 0 0 0 0 0 0 0 0 0 0 0 0 0 0 0 0 0 0.1 0.166667 0.0333333 0.2 0.266667 0.133333 0.0666667 0.0333333 0 0 0 0 0 

1024 1013 761 75 0 0.631787 0 0 0 0 0 0 0 0 0 0 0 0 0 0 0 0 0 0 0 0 0.0322581 0.0322581 0.16129 0.0967742 0.354839 0.16129 0.129032 0.0322581 0 0 0 0 0 

928 909 658 75 0 0.70407 0 0 0 0 0 0 0 0 0 0 0 0 0 0 0 0 0 0.0357143 0 0 0.0714286 0.107143 0.214286 0.142857 0.178571 0.142857 0.0357143 0.0357143 0.0357143 0 0 0 0 

1024 1004 728 75 0 0.63745 0 0 0 0 0 0 0 0 0 0 0 0 0 0 0 0 0 0 0 0 0.0967742 0.0322581 0.193548 0.290323 0.225806 0.0645161 0.0967742 0 0 0 0 0 0 

864 854 640 48 0 0.749415 0 0 0 0 0 0 0 0 0 0 0 0 0 0 0 0 0 0 0 0 0 0.0769231 0.153846 0.192308 0.230769 0.192308 0.153846 0 0 0 0 0 0 

1056 1036 754 75 0 0.617761 0 0 0 0 0 0 0 0 0 0 0 0 0 0 0 0 0 0 0 0.125 0 0.0625 0.125 0.15625 0.25 0.1875 0.0625 0.03125 0 0 0 0 0 

896 879 642 71 0 0.7281 0 0 0 0 0 0 0 0 0 0 0 0 0 0 0 0 0 0 0 0 0.148148 0.037037 0.222222 0.111111 0.222222 0.111111 0.0740741 0.0740741 0 0 0 0 0 

992 974 709 75 0 0.657084 0 0 0 0 0 0 0 0 0 0 0 0 0 0 0 0 0 0 0.0333333 0.0333333 0 0.0333333 0.233333 0.266667 0.2 0.0666667 0.1 0.0333333 0 0 0 0 0 

896 880 642 71 0 0.727273 0 0 0 0 0 0 0 0 0 0 0 0 0 0 0 0 0 0 0 0 0.037037 0.0740741 0.333333 0.111111 0.222222 0.148148 0.037037 0.037037 0 0 0 0 0 

928 898 655 75 0 0.712695 0 0 0 0 0 0 0 0 0 0 0 0 0 0 0 0 0 0 0 0 0.0357143 0.0714286 0.178571 0.285714 0.142857 0.25 0.0357143 0 0 0 0 0 0 

928 902 663 75 0 0.709534 0 0 0 0 0 0 0 0 0 0 0 0 0 0 0 0 0 0 0 0 0.0357143 0.142857 0.0357143 0.178571 0.428571 0.107143 0.0357143 0.0357143 0 0 0 0 0 

992 981 729 75 0 0.652395 0 0 0 0 0 0 0 0 0 0 0 0 0 0 0 0 0 0 0 0.0333333 0.0333333 0.0333333 0.133333 0.2 0.2 0.3 0.0333333 0.0333333 0 0 0 0 0 

896 876 641 59 0 0.730594 0 0 0 0 0 0 0 0 0 0 0 0 0 0 0 0 0.037037 0 0 0 0.037037 0.0740741 0.111111 0.185185 0.259259 0.222222 0.0740741 0 0 0 0 0 0 

992 973 726 75 0 0.657759 0 0 0 0 0 0 0 0 0 0 0 0 0 0 0 0 0 0 0 0 0 0.1 0.2 0.133333 0.133333 0.333333 0.0666667 0 0.0333333 0 0 0 0 

960 940 697 75 0 0.680851 0 0 0 0 0 0 0 0 0 0 0 0 0 0 0 0 0 0 0 0 0 0.137931 0.137931 0.206897 0.137931 0.275862 0.0689655 0.0344828 0 0 0 0 0 

1056 1036 743 75 0 0.617761 0 0 0 0 0 0 0 0 0 0 0 0 0 0 0 0 0 0 0 0 0.03125 0.3125 0.09375 0.1875 0.1875 0.09375 0.09375 0 0 0 0 0 0 

960 936 684 75 0 0.683761 0 0 0 0 0 0 0 0 0 0 0 0 0 0 0 0 0 0 0 0 0.0689655 0.0344828 0.275862 0.137931 0.241379 0.172414 0 0.0689655 0 0 0 0 0 

896 870 641 55 0 0.735632 0 0 0 0 0 0 0 0 0 0 0 0 0 0 0 0 0 0 0 0 0 0.0740741 0.222222 0.185185 0.259259 0.185185 0.037037 0.037037 0 0 0 0 0 

1248 1229 885 75 0 0.520749 0 0 0 0 0 0 0 0 0 0 0 0 0 0 0 0 0.0263158 0 0 0.0263158 0.0789474 0.0526316 0.131579 0.236842 0.289474 0.0789474 0.0526316 0.0263158 0 0 0 0 0 

896 886 641 58 0 0.722348 0 0 0 0 0 0 0 0 0 0 0 0 0 0 0 0 0 0 0.037037 0.037037 0.0740741 0.0740741 0.148148 0.111111 0.296296 0.185185 0.037037 0 0 0 0 0 0 

928 911 663 75 0 0.702525 0 0 0 0 0 0 0 0 0 0 0 0 0 0 0 0 0 0 0 0 0.0357143 0.107143 0.142857 0.25 0.357143 0.0714286 0.0357143 0 0 0 0 0 0 

896 877 642 75 0 0.729761 0 0 0 0 0 0 0 0 0 0 0 0 0 0 0 0 0 0 0 0.037037 0.037037 0.037037 0.148148 0.333333 0.148148 0.148148 0.111111 0 0 0 0 0 0 

896 882 642 73 0 0.725624 0 0 0 0 0 0 0 0 0 0 0 0 0 0 0 0 0 0 0 0 0.0740741 0.0740741 0.111111 0.37037 0.222222 0.0740741 0.0740741 0 0 0 0 0 0 

928 902 660 75 0 0.709534 0 0 0 0 0 0 0 0 0 0 0 0 0 0 0 0 0 0 0 0 0 0.0714286 0.214286 0.214286 0.357143 0.0714286 0.0714286 0 0 0 0 0 0 

960 952 705 75 0 0.672269 0 0 0 0 0 0 0 0 0 0 0 0 0 0 0 0 0 0 0 0.0344828 0.0344828 0.0689655 0.172414 0.206897 0.137931 0.172414 0.137931 0.0344828 0 0 0 0 0 

960 951 690 75 0 0.672976 0 0 0 0 0 0 0 0 0 0 0 0 0 0 0 0 0 0 0.0344828 0 0.0689655 0.0689655 0.241379 0.137931 0.206897 0.172414 0.0689655 0 0 0 0 0 0 

928 906 663 75 0 0.706402 0 0 0 0 0 0 0 0 0 0 0 0 0 0 0 0 0 0 0 0.0714286 0.0714286 0.0714286 0.0357143 0.25 0.178571 0.178571 0.107143 0.0357143 0 0 0 0 0 

1024 994 700 75 0 0.643863 0 0 0 0 0 0 0 0 0 0 0 0 0 0 0 0 0 0 0.0645161 0 0.0322581 0.16129 0.129032 0.322581 0.193548 0.0967742 0 0 0 0 0 0 0 

928 914 642 74 0 0.700219 0 0 0 0 0 0 0 0 0 0 0 0 0 0 0 0 0 0.0357143 0 0.0357143 0.107143 0.107143 0.25 0.142857 0.214286 0.107143 0 0 0 0 0 0 0 

1056 1044 766 75 0 0.613027 0 0 0 0 0 0 0 0 0 0 0 0 0 0 0 0 0 0 0 0.0625 0 0.15625 0.09375 0.15625 0.28125 0.125 0.0625 0.0625 0 0 0 0 0 

992 966 710 75 0 0.662526 0 0 0 0 0 0 0 0 0 0 0 0 0 0 0 0 0 0 0 0 0 0.1 0.1 0.366667 0.266667 0.0666667 0.0333333 0.0666667 0 0 0 0 0 

896 867 642 68 0 0.738178 0 0 0 0 0 0 0 0 0 0 0 0 0 0 0 0 0 0 0 0 0 0.037037 0.296296 0.148148 0.111111 0.296296 0.111111 0 0 0 0 0 0 

1120 1097 798 75 0 0.583409 0 0 0 0 0 0 0 0 0 0 0 0 0 0 0 0 0 0 0 0.0294118 0 0.0882353 0.294118 0.0588235 0.323529 0.147059 0.0588235 0 0 0 0 0 0 

928 901 668 75 0 0.710322 0 0 0 0 0 0 0 0 0 0 0 0 0 0 0 0 0 0 0 0 0.0357143 0.0714286 0.142857 0.214286 0.142857 0.25 0.142857 0 0 0 0 0 0 

960 937 692 75 0 0.683031 0 0 0 0 0 0 0 0 0 0 0 0 0 0 0 0 0 0 0 0.0344828 0 0.0344828 0.241379 0.137931 0.241379 0.172414 0.137931 0 0 0 0 0 0 

1024 1002 724 75 0 0.638723 0 0 0 0 0 0 0 0 0 0 0 0 0 0 0 0 0 0.0322581 0 0.0322581 0 0.16129 0.0967742 0.16129 0.322581 0.16129 0 0.0322581 0 0 0 0 0 

928 912 677 75 0 0.701754 0 0 0 0 0 0 0 0 0 0 0 0 0 0 0 0 0 0 0 0 0 0.0714286 0.214286 0.285714 0.107143 0.142857 0.142857 0.0357143 0 0 0 0 0 

896 888 642 75 0 0.720721 0 0 0 0 0 0 0 0 0 0 0 0 0 0 0 0 0 0.037037 0 0.037037 0 0.111111 0.185185 0.222222 0.222222 0.111111 0.0740741 0 0 0 0 0 0 

896 869 642 73 0 0.736479 0 0 0 0 0 0 0 0 0 0 0 0 0 0 0 0 0 0.037037 0 0 0 0.0740741 0.111111 0.111111 0.37037 0.185185 0.111111 0 0 0 0 0 0 

1120 1099 801 75 0 0.582348 0 0 0 0 0 0 0 0 0 0 0 0 0 0 0 0 0 0 0 0 0.0882353 0.0294118 0.264706 0.0588235 0.352941 0.147059 0.0588235 0 0 0 0 0 0 

896 879 642 68 0 0.7281 0 0 0 0 0 0 0 0 0 0 0 0 0 0 0 0 0 0 0 0.037037 0.037037 0.0740741 0.259259 0.111111 0.185185 0.222222 0.037037 0.037037 0 0 0 0 0 

896 877 657 75 0 0.729761 0 0 0 0 0 0 0 0 0 0 0 0 0 0 0 0 0 0 0 0 0.0740741 0 0.111111 0.222222 0.296296 0.111111 0.111111 0.037037 0.037037 0 0 0 0 

960 946 684 75 0 0.676533 0 0 0 0 0 0 0 0 0 0 0 0 0 0 0 0 0 0 0.0344828 0.0344828 0 0.0344828 0.137931 0.37931 0.310345 0.0344828 0.0344828 0 0 0 0 0 0 

1024 1000 723 75 0 0.64 0 0 0 0 0 0 0 0 0 0 0 0 0 0 0 0 0 0 0 0.0322581 0.0645161 0.0967742 0.16129 0.225806 0.225806 0.129032 0.0322581 0 0.0322581 0 0 0 0 

992 975 701 75 0 0.65641 0 0 0 0 0 0 0 0 0 0 0 0 0 0 0 0 0 0 0 0.0333333 0.0333333 0.1 0.2 0.266667 0.233333 0.133333 0 0 0 0 0 0 0 

896 871 641 57 0 0.734788 0 0 0 0 0 0 0 0 0 0 0 0 0 0 0 0 0 0 0 0 0 0.0740741 0.185185 0.296296 0.222222 0.0740741 0.148148 0 0 0 0 0 0 

