640 627 451 53 0 0.510367 0 0 0 0 0 0 0 0 0 0 0 0 0 0 0 0 0 0 0.0526316 0.0526316 0.0526316 0.105263 0.157895 0.105263 0.210526 0.263158 0 0 0 0 0 0 0 

640 627 455 53 0 0.510367 0 0 0 0 0 0 0 0 0 0 0 0 0 0 0 0 0 0 0 0 0 0.157895 0.210526 0.263158 0.263158 0.105263 0 0 0 0 0 0 0 

544 525 376 53 0 0.609524 0 0 0 0 0 0 0 0 0 0 0 0 0 0 0 0 0 0 0.0625 0 0.0625 0.1875 0.125 0.3125 0.0625 0.0625 0.0625 0 0.0625 0 0 0 0 

544 519 387 53 0 0.61657 0 0 0 0 0 0 0 0 0 0 0 0 0 0 0 0 0 0 0 0 0 0 0.25 0.1875 0.25 0.1875 0.125 0 0 0 0 0 0 

544 522 378 53 0 0.613027 0 0 0 0 0 0 0 0 0 0 0 0 0 0 0 0 0 0 0 0 0.0625 0.0625 0.3125 0.125 0.3125 0.0625 0.0625 0 0 0 0 0 0 

480 472 344 53 0 0.677966 0 0 0 0 0 0 0 0 0 0 0 0 0 0 0 0 0 0 0 0.0714286 0 0.0714286 0.214286 0.357143 0.0714286 0.214286 0 0 0 0 0 0 0 

640 630 456 53 0 0.507937 0 0 0 0 0 0 0 0 0 0 0 0 0 0 0 0 0 0 0 0 0.0526316 0.105263 0.315789 0.157895 0.263158 0.0526316 0.0526316 0 0 0 0 0 0 

544 519 385 53 0 0.61657 0 0 0 0 0 0 0 0 0 0 0 0 0 0 0 0 0 0 0 0 0 0.125 0.125 0.125 0.4375 0.0625 0.0625 0.0625 0 0 0 0 0 

704 685 498 53 0 0.467153 0 0 0 0 0 0 0 0 0 0 0 0 0 0 0 0 0 0 0.047619 0.047619 0 0 0.142857 0.428571 0.142857 0.0952381 0.047619 0.047619 0 0 0 0 0 

480 472 355 53 0 0.677966 0 0 0 0 0 0 0 0 0 0 0 0 0 0 0 0 0 0 0 0 0 0.0714286 0.142857 0.285714 0.214286 0.142857 0.142857 0 0 0 0 0 0 

640 630 467 53 0 0.507937 0 0 0 0 0 0 0 0 0 0 0 0 0 0 0 0 0 0 0 0 0.105263 0.0526316 0.263158 0.105263 0.105263 0.157895 0.157895 0.0526316 0 0 0 0 0 

480 473 354 53 0 0.676533 0 0 0 0 0 0 0 0 0 0 0 0 0 0 0 0 0 0 0 0 0.0714286 0.0714286 0.0714286 0.357143 0.0714286 0.214286 0.142857 0 0 0 0 0 0 

544 519 376 53 0 0.61657 0 0 0 0 0 0 0 0 0 0 0 0 0 0 0 0 0 0 0 0.0625 0 0.0625 0.25 0.1875 0.25 0.125 0.0625 0 0 0 0 0 0 

640 627 447 53 0 0.510367 0 0 0 0 0 0 0 0 0 0 0 0 0 0 0 0 0 0 0 0.0526316 0 0.210526 0.210526 0.315789 0.105263 0.0526316 0.0526316 0 0 0 0 0 0 

544 522 377 53 0 0.613027 0 0 0 0 0 0 0 0 0 0 0 0 0 0 0 0 0 0 0.0625 0 0.0625 0.0625 0.1875 0.25 0.1875 0.125 0 0 0.0625 0 0 0 0 

640 621 442 53 0 0.515298 0 0 0 0 0 0 0 0 0 0 0 0 0 0 0 0 0 0 0 0 0.105263 0.263158 0.105263 0.315789 0.0526316 0.0526316 0.0526316 0.0526316 0 0 0 0 0 

480 471 351 53 0 0.679406 0 0 0 0 0 0 0 0 0 0 0 0 0 0 0 0 0 0 0 0 0 0.0714286 0.142857 0.285714 0.357143 0.0714286 0.0714286 0 0 0 0 0 0 

544 519 384 53 0 0.61657 0 0 0 0 0 0 0 0 0 0 0 0 0 0 0 0 0 0 0 0 0 0.125 0.125 0.1875 0.25 0.25 0.0625 0 0 0 0 0 0 

544 522 378 53 0 0.613027 0 0 0 0 0 0 0 0 0 0 0 0 0 0 0 0 0 0 0 0 0 0.1875 0.3125 0.125 0.125 0.1875 0.0625 0 0 0 0 0 0 

544 522 378 53 0 0.613027 0 0 0 0 0 0 0 0 0 0 0 0 0 0 0 0 0 0 0.0625 0 0.125 0 0.125 0.0625 0.4375 0.1875 0 0 0 0 0 0 0 

544 525 387 53 0 0.609524 0 0 0 0 0 0 0 0 0 0 0 0 0 0 0 0 0 0 0 0 0 0.0625 0.125 0.3125 0.375 0.125 0 0 0 0 0 0 0 

640 629 473 53 0 0.508744 0 0 0 0 0 0 0 0 0 0 0 0 0 0 0 0 0 0 0 0 0 0.105263 0.0526316 0.263158 0.210526 0.263158 0.105263 0 0 0 0 0 0 

544 524 387 53 0 0.610687 0 0 0 0 0 0 0 0 0 0 0 0 0 0 0 0 0 0 0 0 0.0625 0 0.1875 0.25 0.25 0.1875 0.0625 0 0 0 0 0 0 

544 525 396 53 0 0.609524 0 0 0 0 0 0 0 0 0 0 0 0 0 0 0 0 0 0 0 0 0 0.0625 0.1875 0.125 0.25 0.25 0 0.125 0 0 0 0 0 

544 522 381 53 0 0.613027 0 0 0 0 0 0 0 0 0 0 0 0 0 0 0 0 0 0 0.0625 0 0 0.125 0.0625 0.25 0.25 0.1875 0.0625 0 0 0 0 0 0 

480 471 353 53 0 0.679406 0 0 0 0 0 0 0 0 0 0 0 0 0 0 0 0 0 0 0 0 0 0.0714286 0.142857 0.285714 0.214286 0.214286 0.0714286 0 0 0 0 0 0 

640 627 453 53 0 0.510367 0 0 0 0 0 0 0 0 0 0 0 0 0 0 0 0 0 0 0 0 0.0526316 0.105263 0.263158 0.368421 0 0.157895 0.0526316 0 0 0 0 0 0 

640 627 461 53 0 0.510367 0 0 0 0 0 0 0 0 0 0 0 0 0 0 0 0 0 0 0 0 0 0.157895 0.157895 0.210526 0.263158 0.157895 0.0526316 0 0 0 0 0 0 

640 630 454 53 0 0.507937 0 0 0 0 0 0 0 0 0 0 0 0 0 0 0 0 0 0 0 0 0.105263 0.263158 0.0526316 0.210526 0.157895 0.157895 0.0526316 0 0 0 0 0 0 

480 471 349 53 0 0.679406 0 0 0 0 0 0 0 0 0 0 0 0 0 0 0 0 0 0 0 0 0.214286 0 0.0714286 0.214286 0.0714286 0.357143 0.0714286 0 0 0 0 0 0 

544 525 389 53 0 0.609524 0 0 0 0 0 0 0 0 0 0 0 0 0 0 0 0 0 0 0 0 0 0.0625 0.125 0.3125 0.3125 0.125 0.0625 0 0 0 0 0 0 

544 519 380 53 0 0.61657 0 0 0 0 0 0 0 0 0 0 0 0 0 0 0 0 0 0 0 0 0.0625 0.0625 0.25 0.1875 0.25 0 0.125 0.0625 0 0 0 0 0 

480 471 356 53 0 0.679406 0 0 0 0 0 0 0 0 0 0 0 0 0 0 0 0 0 0 0 0 0.0714286 0 0.214286 0.142857 0.357143 0 0.0714286 0.0714286 0.0714286 0 0 0 0 

544 525 388 53 0 0.609524 0 0 0 0 0 0 0 0 0 0 0 0 0 0 0 0 0 0 0 0 0.0625 0.0625 0.1875 0.1875 0.25 0.125 0.0625 0.0625 0 0 0 0 0 

544 519 376 53 0 0.61657 0 0 0 0 0 0 0 0 0 0 0 0 0 0 0 0 0 0 0 0 0.0625 0.0625 0.25 0.1875 0.25 0.1875 0 0 0 0 0 0 0 

640 629 466 53 0 0.508744 0 0 0 0 0 0 0 0 0 0 0 0 0 0 0 0 0 0 0.0526316 0 0 0.210526 0.0526316 0.157895 0.0526316 0.368421 0.0526316 0.0526316 0 0 0 0 0 

704 681 478 53 0 0.469897 0 0 0 0 0 0 0 0 0 0 0 0 0 0 0 0 0 0 0.047619 0 0.142857 0.0952381 0.238095 0.190476 0.142857 0.142857 0 0 0 0 0 0 0 

544 525 383 53 0 0.609524 0 0 0 0 0 0 0 0 0 0 0 0 0 0 0 0 0 0 0 0 0 0.1875 0.1875 0.125 0.3125 0.1875 0 0 0 0 0 0 0 

640 630 458 53 0 0.507937 0 0 0 0 0 0 0 0 0 0 0 0 0 0 0 0 0 0 0 0.0526316 0.105263 0.105263 0.0526316 0.210526 0.210526 0.263158 0 0 0 0 0 0 0 

544 519 383 53 0 0.61657 0 0 0 0 0 0 0 0 0 0 0 0 0 0 0 0 0 0 0 0 0 0.125 0.0625 0.25 0.375 0.125 0.0625 0 0 0 0 0 0 

544 522 391 53 0 0.613027 0 0 0 0 0 0 0 0 0 0 0 0 0 0 0 0 0 0 0 0 0 0 0.25 0.125 0.375 0.125 0.0625 0.0625 0 0 0 0 0 

640 627 464 53 0 0.510367 0 0 0 0 0 0 0 0 0 0 0 0 0 0 0 0 0 0 0 0.0526316 0 0.157895 0.210526 0.105263 0.105263 0.157895 0.105263 0.105263 0 0 0 0 0 

640 630 462 53 0 0.507937 0 0 0 0 0 0 0 0 0 0 0 0 0 0 0 0 0 0 0 0 0.0526316 0 0.315789 0.210526 0.210526 0.210526 0 0 0 0 0 0 0 

672 651 485 53 0 0.491551 0 0 0 0 0 0 0 0 0 0 0 0 0 0 0 0 0 0 0 0.05 0 0.05 0.1 0.1 0.4 0.25 0 0.05 0 0 0 0 0 

640 626 463 53 0 0.511182 0 0 0 0 0 0 0 0 0 0 0 0 0 0 0 0 0 0 0 0.0526316 0.0526316 0 0.0526316 0.315789 0.263158 0.210526 0.0526316 0 0 0 0 0 0 

640 629 461 53 0 0.508744 0 0 0 0 0 0 0 0 0 0 0 0 0 0 0 0 0 0.0526316 0 0 0.0526316 0.0526316 0.0526316 0.368421 0.157895 0.157895 0.105263 0 0 0 0 0 0 

544 522 386 53 0 0.613027 0 0 0 0 0 0 0 0 0 0 0 0 0 0 0 0 0 0 0 0 0 0.125 0.0625 0.3125 0.25 0.1875 0.0625 0 0 0 0 0 0 

544 522 379 53 0 0.613027 0 0 0 0 0 0 0 0 0 0 0 0 0 0 0 0 0 0 0 0 0 0.1875 0.375 0.0625 0.0625 0.25 0 0.0625 0 0 0 0 0 

544 522 388 53 0 0.613027 0 0 0 0 0 0 0 0 0 0 0 0 0 0 0 0 0 0 0 0 0 0.0625 0.0625 0.4375 0.125 0.25 0.0625 0 0 0 0 0 0 

544 522 381 53 0 0.613027 0 0 0 0 0 0 0 0 0 0 0 0 0 0 0 0 0 0 0 0 0.0625 0.125 0.125 0.25 0.1875 0.1875 0.0625 0 0 0 0 0 0 

544 523 386 53 0 0.611855 0 0 0 0 0 0 0 0 0 0 0 0 0 0 0 0 0 0 0 0.0625 0 0.0625 0.0625 0.3125 0.1875 0.25 0.0625 0 0 0 0 0 0 

544 525 387 53 0 0.609524 0 0 0 0 0 0 0 0 0 0 0 0 0 0 0 0 0 0 0 0.0625 0 0.125 0.1875 0 0.3125 0.1875 0.125 0 0 0 0 0 0 

672 648 470 53 0 0.493827 0 0 0 0 0 0 0 0 0 0 0 0 0 0 0 0 0 0 0 0.05 0 0.15 0.2 0.15 0.1 0.35 0 0 0 0 0 0 0 

544 525 382 53 0 0.609524 0 0 0 0 0 0 0 0 0 0 0 0 0 0 0 0 0 0 0 0 0.0625 0.125 0.1875 0.25 0.125 0.1875 0.0625 0 0 0 0 0 0 

640 630 461 53 0 0.507937 0 0 0 0 0 0 0 0 0 0 0 0 0 0 0 0 0 0 0 0 0.0526316 0.157895 0.105263 0.210526 0.263158 0.210526 0 0 0 0 0 0 0 

544 522 386 53 0 0.613027 0 0 0 0 0 0 0 0 0 0 0 0 0 0 0 0 0 0 0 0 0.0625 0 0.125 0.3125 0.3125 0.0625 0.125 0 0 0 0 0 0 

640 630 465 53 0 0.507937 0 0 0 0 0 0 0 0 0 0 0 0 0 0 0 0 0 0 0 0 0.105263 0.157895 0.0526316 0.210526 0.263158 0.0526316 0 0.157895 0 0 0 0 0 

480 471 351 53 0 0.679406 0 0 0 0 0 0 0 0 0 0 0 0 0 0 0 0 0 0 0 0 0 0.0714286 0.142857 0.285714 0.428571 0 0 0.0714286 0 0 0 0 0 

544 519 385 53 0 0.61657 0 0 0 0 0 0 0 0 0 0 0 0 0 0 0 0 0 0 0 0 0.125 0.0625 0.125 0.125 0.0625 0.3125 0.1875 0 0 0 0 0 0 

640 629 439 53 0 0.508744 0 0 0 0 0 0 0 0 0 0 0 0 0 0 0 0 0.0526316 0 0 0.105263 0.0526316 0.105263 0.157895 0.368421 0.105263 0 0 0.0526316 0 0 0 0 0 

544 522 383 53 0 0.613027 0 0 0 0 0 0 0 0 0 0 0 0 0 0 0 0 0 0 0 0 0.125 0 0.1875 0.1875 0.25 0.125 0.125 0 0 0 0 0 0 

480 471 350 53 0 0.679406 0 0 0 0 0 0 0 0 0 0 0 0 0 0 0 0 0 0 0 0 0.0714286 0.0714286 0.142857 0.214286 0.214286 0.214286 0.0714286 0 0 0 0 0 0 

480 472 350 53 0 0.677966 0 0 0 0 0 0 0 0 0 0 0 0 0 0 0 0 0 0 0.0714286 0 0 0 0.214286 0.214286 0.142857 0.357143 0 0 0 0 0 0 0 

672 648 469 53 0 0.493827 0 0 0 0 0 0 0 0 0 0 0 0 0 0 0 0 0 0 0 0.05 0 0.2 0.15 0.1 0.25 0.2 0.05 0 0 0 0 0 0 

544 525 394 53 0 0.609524 0 0 0 0 0 0 0 0 0 0 0 0 0 0 0 0 0 0 0 0 0 0.1875 0.0625 0.125 0.3125 0.0625 0.1875 0.0625 0 0 0 0 0 

672 648 463 53 0 0.493827 0 0 0 0 0 0 0 0 0 0 0 0 0 0 0 0 0 0 0 0 0 0.25 0.15 0.25 0.3 0.05 0 0 0 0 0 0 0 

544 525 395 53 0 0.609524 0 0 0 0 0 0 0 0 0 0 0 0 0 0 0 0 0 0 0 0 0 0 0.1875 0.25 0.1875 0.25 0.125 0 0 0 0 0 0 

480 472 352 53 0 0.677966 0 0 0 0 0 0 0 0 0 0 0 0 0 0 0 0 0 0 0 0 0 0 0.214286 0.285714 0.357143 0.142857 0 0 0 0 0 0 0 

640 630 458 53 0 0.507937 0 0 0 0 0 0 0 0 0 0 0 0 0 0 0 0 0 0 0 0.0526316 0 0.105263 0.0526316 0.421053 0.315789 0.0526316 0 0 0 0 0 0 0 

640 630 458 53 0 0.507937 0 0 0 0 0 0 0 0 0 0 0 0 0 0 0 0 0 0 0 0 0 0.105263 0.263158 0.421053 0.105263 0.0526316 0 0.0526316 0 0 0 0 0 

640 630 461 53 0 0.507937 0 0 0 0 0 0 0 0 0 0 0 0 0 0 0 0 0 0 0 0 0.0526316 0.0526316 0.315789 0.263158 0.105263 0.105263 0.0526316 0.0526316 0 0 0 0 0 

640 629 465 53 0 0.508744 0 0 0 0 0 0 0 0 0 0 0 0 0 0 0 0 0 0 0 0 0.0526316 0 0.263158 0.263158 0.157895 0.157895 0.105263 0 0 0 0 0 0 

544 522 388 53 0 0.613027 0 0 0 0 0 0 0 0 0 0 0 0 0 0 0 0 0 0 0 0 0.0625 0 0.125 0.25 0.3125 0.1875 0 0.0625 0 0 0 0 0 

544 522 386 53 0 0.613027 0 0 0 0 0 0 0 0 0 0 0 0 0 0 0 0 0 0 0 0 0.0625 0 0.125 0.1875 0.4375 0.1875 0 0 0 0 0 0 0 

480 472 351 53 0 0.677966 0 0 0 0 0 0 0 0 0 0 0 0 0 0 0 0 0 0 0 0 0.0714286 0 0.214286 0.214286 0.285714 0.142857 0.0714286 0 0 0 0 0 0 

640 630 461 53 0 0.507937 0 0 0 0 0 0 0 0 0 0 0 0 0 0 0 0 0 0 0 0 0.0526316 0.0526316 0.368421 0.105263 0.157895 0.210526 0.0526316 0 0 0 0 0 0 

640 630 465 53 0 0.507937 0 0 0 0 0 0 0 0 0 0 0 0 0 0 0 0 0 0 0 0.0526316 0 0.105263 0.157895 0.263158 0.105263 0.210526 0.0526316 0.0526316 0 0 0 0 0 

736 715 511 53 0 0.447552 0 0 0 0 0 0 0 0 0 0 0 0 0 0 0 0 0 0 0 0 0.0909091 0.136364 0.227273 0.181818 0.227273 0.136364 0 0 0 0 0 0 0 

544 522 384 53 0 0.613027 0 0 0 0 0 0 0 0 0 0 0 0 0 0 0 0 0 0 0 0 0 0.0625 0.25 0.25 0.125 0.3125 0 0 0 0 0 0 0 

544 522 381 53 0 0.613027 0 0 0 0 0 0 0 0 0 0 0 0 0 0 0 0 0 0 0 0 0.0625 0 0.0625 0.6875 0 0.125 0.0625 0 0 0 0 0 0 

640 629 459 53 0 0.508744 0 0 0 0 0 0 0 0 0 0 0 0 0 0 0 0 0 0 0 0.0526316 0.105263 0 0.157895 0.210526 0.210526 0.263158 0 0 0 0 0 0 0 

704 685 488 53 0 0.467153 0 0 0 0 0 0 0 0 0 0 0 0 0 0 0 0 0.047619 0 0 0 0.047619 0.238095 0.0952381 0.142857 0.238095 0.142857 0.047619 0 0 0 0 0 0 

640 630 455 53 0 0.507937 0 0 0 0 0 0 0 0 0 0 0 0 0 0 0 0 0 0 0 0.0526316 0.0526316 0.210526 0.105263 0.105263 0.263158 0.210526 0 0 0 0 0 0 0 

544 525 379 53 0 0.609524 0 0 0 0 0 0 0 0 0 0 0 0 0 0 0 0 0 0 0.0625 0 0.0625 0 0.4375 0.125 0 0.1875 0.0625 0.0625 0 0 0 0 0 

640 630 451 53 0 0.507937 0 0 0 0 0 0 0 0 0 0 0 0 0 0 0 0 0 0 0 0.0526316 0 0.157895 0.263158 0.210526 0.263158 0.0526316 0 0 0 0 0 0 0 

576 567 405 53 0 0.564374 0 0 0 0 0 0 0 0 0 0 0 0 0 0 0 0 0 0 0.0588235 0.0588235 0.117647 0 0.235294 0.176471 0.176471 0.117647 0.0588235 0 0 0 0 0 0 

672 648 468 53 0 0.493827 0 0 0 0 0 0 0 0 0 0 0 0 0 0 0 0 0 0 0 0 0.05 0.15 0.2 0.15 0.25 0.2 0 0 0 0 0 0 0 

544 525 386 53 0 0.609524 0 0 0 0 0 0 0 0 0 0 0 0 0 0 0 0 0 0 0 0 0 0.0625 0.25 0.25 0.25 0.125 0.0625 0 0 0 0 0 0 

640 627 456 53 0 0.510367 0 0 0 0 0 0 0 0 0 0 0 0 0 0 0 0 0 0 0 0 0.105263 0.157895 0.0526316 0.315789 0.105263 0.210526 0.0526316 0 0 0 0 0 0 

640 630 457 53 0 0.507937 0 0 0 0 0 0 0 0 0 0 0 0 0 0 0 0 0 0 0 0 0 0.0526316 0.315789 0.368421 0.210526 0.0526316 0 0 0 0 0 0 0 

640 630 452 53 0 0.507937 0 0 0 0 0 0 0 0 0 0 0 0 0 0 0 0 0 0 0.0526316 0.0526316 0.0526316 0.105263 0.157895 0.263158 0.105263 0.105263 0.105263 0 0 0 0 0 0 

544 522 384 53 0 0.613027 0 0 0 0 0 0 0 0 0 0 0 0 0 0 0 0 0 0 0 0 0.0625 0.0625 0.25 0.1875 0.0625 0.25 0.125 0 0 0 0 0 0 

640 630 472 53 0 0.507937 0 0 0 0 0 0 0 0 0 0 0 0 0 0 0 0 0 0 0 0 0.0526316 0.0526316 0.105263 0.263158 0.105263 0.315789 0.105263 0 0 0 0 0 0 

544 522 379 53 0 0.613027 0 0 0 0 0 0 0 0 0 0 0 0 0 0 0 0 0 0 0 0 0.0625 0.125 0.25 0.1875 0.0625 0.25 0.0625 0 0 0 0 0 0 

704 681 485 53 0 0.469897 0 0 0 0 0 0 0 0 0 0 0 0 0 0 0 0 0 0 0 0 0.190476 0.238095 0.047619 0.047619 0.333333 0.047619 0.047619 0.047619 0 0 0 0 0 

544 519 383 53 0 0.61657 0 0 0 0 0 0 0 0 0 0 0 0 0 0 0 0 0 0 0 0 0.0625 0 0.125 0.3125 0.25 0.1875 0.0625 0 0 0 0 0 0 

544 522 382 53 0 0.613027 0 0 0 0 0 0 0 0 0 0 0 0 0 0 0 0 0 0 0 0 0 0.0625 0.25 0.3125 0.1875 0.125 0.0625 0 0 0 0 0 0 

640 629 472 53 0 0.508744 0 0 0 0 0 0 0 0 0 0 0 0 0 0 0 0 0 0 0 0 0.0526316 0.0526316 0.157895 0.105263 0.315789 0.157895 0.105263 0.0526316 0 0 0 0 0 

544 522 387 53 0 0.613027 0 0 0 0 0 0 0 0 0 0 0 0 0 0 0 0 0 0 0 0 0 0.125 0.0625 0.3125 0.3125 0.0625 0.0625 0.0625 0 0 0 0 0 

544 521 382 53 0 0.614203 0 0 0 0 0 0 0 0 0 0 0 0 0 0 0 0 0 0 0 0 0.0625 0.125 0.0625 0.4375 0.0625 0.0625 0.125 0.0625 0 0 0 0 0 

