1248 1219 879 84 0 0.656276 0 0 0 0 0 0 0 0 0 0 0 0 0 0 0 0 0 0 0.0263158 0 0.0526316 0.0789474 0.0789474 0.368421 0.289474 0.0263158 0.0789474 0 0 0 0 0 0 

1248 1219 890 84 0 0.656276 0 0 0 0 0 0 0 0 0 0 0 0 0 0 0 0 0 0 0.0263158 0.0263158 0 0.0789474 0.157895 0.184211 0.236842 0.210526 0.0789474 0 0 0 0 0 0 

1216 1193 864 84 0 0.670578 0 0 0 0 0 0 0 0 0 0 0 0 0 0 0 0 0 0 0 0.027027 0.0540541 0.0540541 0.189189 0.27027 0.162162 0.216216 0.027027 0 0 0 0 0 0 

1248 1219 892 84 0 0.656276 0 0 0 0 0 0 0 0 0 0 0 0 0 0 0 0 0 0 0 0 0.0526316 0.105263 0.0263158 0.236842 0.368421 0.210526 0 0 0 0 0 0 0 

1216 1194 866 84 0 0.670017 0 0 0 0 0 0 0 0 0 0 0 0 0 0 0 0 0 0 0 0 0.027027 0.162162 0.0810811 0.324324 0.243243 0.108108 0.0540541 0 0 0 0 0 0 

1312 1296 940 84 0 0.617284 0 0 0 0 0 0 0 0 0 0 0 0 0 0 0 0 0 0 0.05 0.025 0.05 0.05 0.15 0.175 0.3 0.075 0.1 0.025 0 0 0 0 0 

1216 1194 890 84 0 0.670017 0 0 0 0 0 0 0 0 0 0 0 0 0 0 0 0 0 0 0.027027 0 0 0.0810811 0.027027 0.27027 0.216216 0.243243 0.135135 0 0 0 0 0 0 

1248 1219 890 84 0 0.656276 0 0 0 0 0 0 0 0 0 0 0 0 0 0 0 0 0 0 0 0 0.0263158 0.0789474 0.0789474 0.342105 0.315789 0.131579 0.0263158 0 0 0 0 0 0 

1216 1194 869 84 0 0.670017 0 0 0 0 0 0 0 0 0 0 0 0 0 0 0 0 0 0 0 0 0.0810811 0.0810811 0.216216 0.162162 0.162162 0.216216 0.0810811 0 0 0 0 0 0 

1248 1220 881 84 0 0.655738 0 0 0 0 0 0 0 0 0 0 0 0 0 0 0 0 0 0.0526316 0 0 0.0263158 0.157895 0.131579 0.105263 0.263158 0.131579 0.131579 0 0 0 0 0 0 

1280 1252 914 84 0 0.638978 0 0 0 0 0 0 0 0 0 0 0 0 0 0 0 0 0 0 0.025641 0 0.025641 0.102564 0.102564 0.282051 0.179487 0.205128 0.0512821 0.025641 0 0 0 0 0 

1216 1194 847 84 0 0.670017 0 0 0 0 0 0 0 0 0 0 0 0 0 0 0 0 0 0 0 0.108108 0.108108 0.0540541 0.108108 0.216216 0.297297 0.027027 0.0810811 0 0 0 0 0 0 

1248 1219 881 84 0 0.656276 0 0 0 0 0 0 0 0 0 0 0 0 0 0 0 0 0 0 0 0.0263158 0.0526316 0.0526316 0.184211 0.263158 0.236842 0.131579 0.0526316 0 0 0 0 0 0 

1248 1220 889 84 0 0.655738 0 0 0 0 0 0 0 0 0 0 0 0 0 0 0 0 0 0 0 0 0.0789474 0.0526316 0.157895 0.236842 0.263158 0.131579 0.0526316 0.0263158 0 0 0 0 0 

1312 1296 930 84 0 0.617284 0 0 0 0 0 0 0 0 0 0 0 0 0 0 0 0.025 0 0 0 0.025 0.05 0.125 0.1 0.25 0.225 0.175 0.025 0 0 0 0 0 0 

1216 1194 868 84 0 0.670017 0 0 0 0 0 0 0 0 0 0 0 0 0 0 0 0 0 0 0.027027 0 0 0.108108 0.162162 0.297297 0.216216 0.0810811 0.108108 0 0 0 0 0 0 

1248 1219 883 84 0 0.656276 0 0 0 0 0 0 0 0 0 0 0 0 0 0 0 0 0 0 0 0.0263158 0.0263158 0.157895 0.184211 0.105263 0.236842 0.184211 0.0789474 0 0 0 0 0 0 

