608 590 427 53 0 0.542373 0 0 0 0 0 0 0 0 0 0 0 0 0 0 0 0 0 0 0 0 0.0555556 0.166667 0.277778 0.222222 0 0.166667 0.0555556 0.0555556 0 0 0 0 0 

576 551 419 53 0 0.580762 0 0 0 0 0 0 0 0 0 0 0 0 0 0 0 0 0 0 0 0 0 0 0.176471 0.0588235 0.352941 0.176471 0.235294 0 0 0 0 0 0 

576 563 413 53 0 0.568384 0 0 0 0 0 0 0 0 0 0 0 0 0 0 0 0 0 0 0 0 0.0588235 0.0588235 0.117647 0.470588 0.117647 0.0588235 0.117647 0 0 0 0 0 0 

544 531 391 53 0 0.602637 0 0 0 0 0 0 0 0 0 0 0 0 0 0 0 0 0 0 0 0 0.0625 0 0.1875 0.4375 0.125 0.0625 0.125 0 0 0 0 0 0 

576 554 403 53 0 0.577617 0 0 0 0 0 0 0 0 0 0 0 0 0 0 0 0 0 0 0 0.0588235 0.0588235 0 0.176471 0.294118 0.176471 0.176471 0.0588235 0 0 0 0 0 0 

576 553 390 53 0 0.578662 0 0 0 0 0 0 0 0 0 0 0 0 0 0 0 0 0 0 0 0.117647 0.0588235 0 0.352941 0.117647 0.294118 0.0588235 0 0 0 0 0 0 0 

608 585 431 53 0 0.547009 0 0 0 0 0 0 0 0 0 0 0 0 0 0 0 0 0 0 0 0 0.0555556 0.111111 0.0555556 0.277778 0.333333 0 0.111111 0.0555556 0 0 0 0 0 

512 498 362 53 0 0.64257 0 0 0 0 0 0 0 0 0 0 0 0 0 0 0 0 0 0 0.0666667 0.0666667 0.0666667 0 0.133333 0.266667 0.133333 0.133333 0.0666667 0.0666667 0 0 0 0 0 

544 535 388 53 0 0.598131 0 0 0 0 0 0 0 0 0 0 0 0 0 0 0 0 0 0 0 0.0625 0 0.125 0.1875 0.3125 0.125 0.1875 0 0 0 0 0 0 0 

512 487 355 53 0 0.657084 0 0 0 0 0 0 0 0 0 0 0 0 0 0 0 0 0 0 0 0 0 0.2 0.133333 0.266667 0.133333 0.2 0.0666667 0 0 0 0 0 0 

640 621 454 53 0 0.515298 0 0 0 0 0 0 0 0 0 0 0 0 0 0 0 0 0 0 0 0 0.0526316 0.0526316 0.0526316 0.473684 0.210526 0.157895 0 0 0 0 0 0 0 

544 516 380 53 0 0.620155 0 0 0 0 0 0 0 0 0 0 0 0 0 0 0 0 0 0 0 0 0 0 0.3125 0.25 0.25 0.0625 0.0625 0.0625 0 0 0 0 0 

576 554 406 53 0 0.577617 0 0 0 0 0 0 0 0 0 0 0 0 0 0 0 0 0 0 0 0 0.0588235 0.117647 0.117647 0.235294 0.235294 0.117647 0.117647 0 0 0 0 0 0 

608 596 435 53 0 0.536913 0 0 0 0 0 0 0 0 0 0 0 0 0 0 0 0 0 0 0 0.0555556 0 0 0.277778 0.222222 0.333333 0.111111 0 0 0 0 0 0 0 

576 551 399 53 0 0.580762 0 0 0 0 0 0 0 0 0 0 0 0 0 0 0 0 0 0 0 0 0 0.117647 0.176471 0.352941 0.294118 0 0.0588235 0 0 0 0 0 0 

608 589 424 53 0 0.543294 0 0 0 0 0 0 0 0 0 0 0 0 0 0 0 0 0 0 0 0.0555556 0.166667 0 0.222222 0.111111 0.166667 0.222222 0.0555556 0 0 0 0 0 0 

544 518 377 53 0 0.617761 0 0 0 0 0 0 0 0 0 0 0 0 0 0 0 0 0 0 0 0.0625 0.0625 0.125 0.125 0.1875 0.1875 0.0625 0.0625 0.125 0 0 0 0 0 

544 533 389 53 0 0.600375 0 0 0 0 0 0 0 0 0 0 0 0 0 0 0 0 0 0 0 0.0625 0.0625 0 0.1875 0.25 0.25 0.1875 0 0 0 0 0 0 0 

480 459 341 53 0 0.697168 0 0 0 0 0 0 0 0 0 0 0 0 0 0 0 0 0 0 0 0 0 0.285714 0.0714286 0.142857 0.142857 0.142857 0.0714286 0.142857 0 0 0 0 0 

704 692 497 53 0 0.462428 0 0 0 0 0 0 0 0 0 0 0 0 0 0 0 0 0 0 0 0.047619 0.0952381 0.047619 0.238095 0.190476 0.238095 0.142857 0 0 0 0 0 0 0 

448 430 321 52 0 0.744186 0 0 0 0 0 0 0 0 0 0 0 0 0 0 0 0 0 0 0 0 0 0.0769231 0.0769231 0.307692 0.307692 0.153846 0.0769231 0 0 0 0 0 0 

576 552 409 53 0 0.57971 0 0 0 0 0 0 0 0 0 0 0 0 0 0 0 0 0 0 0 0 0.0588235 0.117647 0.117647 0.176471 0.176471 0.176471 0.117647 0.0588235 0 0 0 0 0 

544 526 385 53 0 0.608365 0 0 0 0 0 0 0 0 0 0 0 0 0 0 0 0 0 0 0 0 0.1875 0.0625 0.125 0.125 0.125 0.25 0.125 0 0 0 0 0 0 

576 553 408 53 0 0.578662 0 0 0 0 0 0 0 0 0 0 0 0 0 0 0 0 0 0 0 0 0.117647 0 0.235294 0.235294 0.117647 0.117647 0.0588235 0.0588235 0.0588235 0 0 0 0 

480 458 335 53 0 0.69869 0 0 0 0 0 0 0 0 0 0 0 0 0 0 0 0 0 0 0 0 0.0714286 0 0.142857 0.428571 0.142857 0.214286 0 0 0 0 0 0 0 

704 690 495 53 0 0.463768 0 0 0 0 0 0 0 0 0 0 0 0 0 0 0 0 0 0 0.047619 0.047619 0.047619 0.190476 0.0952381 0.190476 0.0952381 0.190476 0.0952381 0 0 0 0 0 0 

480 456 343 53 0 0.701754 0 0 0 0 0 0 0 0 0 0 0 0 0 0 0 0 0 0 0 0 0 0.0714286 0.0714286 0.214286 0.285714 0.285714 0 0.0714286 0 0 0 0 0 

640 615 442 53 0 0.520325 0 0 0 0 0 0 0 0 0 0 0 0 0 0 0 0 0 0.0526316 0 0 0 0.157895 0.0526316 0.315789 0.315789 0.0526316 0.0526316 0 0 0 0 0 0 

640 624 451 53 0 0.512821 0 0 0 0 0 0 0 0 0 0 0 0 0 0 0 0 0 0 0.0526316 0.0526316 0 0.157895 0.105263 0.157895 0.263158 0.105263 0.105263 0 0 0 0 0 0 

576 562 415 53 0 0.569395 0 0 0 0 0 0 0 0 0 0 0 0 0 0 0 0 0 0 0 0 0 0.176471 0.0588235 0.294118 0.176471 0.294118 0 0 0 0 0 0 0 

576 561 398 53 0 0.57041 0 0 0 0 0 0 0 0 0 0 0 0 0 0 0 0 0 0.0588235 0 0 0.176471 0.0588235 0.235294 0.0588235 0.235294 0.117647 0.0588235 0 0 0 0 0 0 

608 588 431 53 0 0.544218 0 0 0 0 0 0 0 0 0 0 0 0 0 0 0 0 0 0 0 0.0555556 0 0.0555556 0.166667 0.222222 0.333333 0.0555556 0.111111 0 0 0 0 0 0 

576 562 412 53 0 0.569395 0 0 0 0 0 0 0 0 0 0 0 0 0 0 0 0 0 0 0 0.0588235 0 0 0.117647 0.411765 0.294118 0.117647 0 0 0 0 0 0 0 

640 615 442 53 0 0.520325 0 0 0 0 0 0 0 0 0 0 0 0 0 0 0 0 0 0.0526316 0 0 0 0.105263 0.157895 0.315789 0.210526 0.105263 0.0526316 0 0 0 0 0 0 

608 588 436 53 0 0.544218 0 0 0 0 0 0 0 0 0 0 0 0 0 0 0 0 0 0 0 0.0555556 0 0.111111 0.111111 0.222222 0.166667 0.111111 0.166667 0.0555556 0 0 0 0 0 

608 586 438 53 0 0.546075 0 0 0 0 0 0 0 0 0 0 0 0 0 0 0 0 0 0 0 0 0 0.0555556 0.222222 0.0555556 0.333333 0.222222 0.111111 0 0 0 0 0 0 

576 554 402 53 0 0.577617 0 0 0 0 0 0 0 0 0 0 0 0 0 0 0 0 0 0 0 0.117647 0 0.117647 0.0588235 0.294118 0.235294 0.117647 0 0 0 0.0588235 0 0 0 

576 557 409 53 0 0.574506 0 0 0 0 0 0 0 0 0 0 0 0 0 0 0 0 0 0 0 0 0 0.0588235 0.352941 0.117647 0.294118 0.117647 0 0.0588235 0 0 0 0 0 

544 526 378 53 0 0.608365 0 0 0 0 0 0 0 0 0 0 0 0 0 0 0 0 0 0 0.0625 0 0.0625 0.0625 0.25 0.1875 0.125 0.25 0 0 0 0 0 0 0 

608 595 428 53 0 0.537815 0 0 0 0 0 0 0 0 0 0 0 0 0 0 0 0 0 0 0 0.111111 0.0555556 0.0555556 0.222222 0.166667 0.166667 0.166667 0.0555556 0 0 0 0 0 0 

608 584 425 53 0 0.547945 0 0 0 0 0 0 0 0 0 0 0 0 0 0 0 0 0 0.0555556 0 0 0.111111 0 0.111111 0.222222 0.222222 0.166667 0.0555556 0.0555556 0 0 0 0 0 

672 661 488 53 0 0.484115 0 0 0 0 0 0 0 0 0 0 0 0 0 0 0 0 0 0 0 0.05 0 0.05 0.25 0.15 0.2 0.2 0.1 0 0 0 0 0 0 

544 528 384 53 0 0.606061 0 0 0 0 0 0 0 0 0 0 0 0 0 0 0 0 0 0 0 0 0.0625 0.125 0.125 0.25 0.3125 0.125 0 0 0 0 0 0 0 

480 473 352 53 0 0.676533 0 0 0 0 0 0 0 0 0 0 0 0 0 0 0 0 0 0 0 0 0.0714286 0.0714286 0.142857 0.357143 0.0714286 0.0714286 0.214286 0 0 0 0 0 0 

608 588 430 53 0 0.544218 0 0 0 0 0 0 0 0 0 0 0 0 0 0 0 0 0 0 0 0 0.0555556 0.111111 0.111111 0.222222 0.277778 0.222222 0 0 0 0 0 0 0 

448 437 323 53 0 0.732265 0 0 0 0 0 0 0 0 0 0 0 0 0 0 0 0 0 0 0 0 0 0 0.307692 0.230769 0.384615 0.0769231 0 0 0 0 0 0 0 

544 519 380 53 0 0.61657 0 0 0 0 0 0 0 0 0 0 0 0 0 0 0 0 0 0 0 0 0.0625 0.0625 0.1875 0.25 0.1875 0.125 0.125 0 0 0 0 0 0 

544 524 387 53 0 0.610687 0 0 0 0 0 0 0 0 0 0 0 0 0 0 0 0 0 0 0 0 0 0.0625 0.1875 0.25 0.25 0.25 0 0 0 0 0 0 0 

544 520 395 53 0 0.615385 0 0 0 0 0 0 0 0 0 0 0 0 0 0 0 0 0 0 0 0 0 0 0.125 0.1875 0.25 0.3125 0.0625 0.0625 0 0 0 0 0 

544 522 384 53 0 0.613027 0 0 0 0 0 0 0 0 0 0 0 0 0 0 0 0 0 0 0 0 0 0.125 0.25 0.125 0.3125 0.0625 0.0625 0.0625 0 0 0 0 0 

544 526 392 53 0 0.608365 0 0 0 0 0 0 0 0 0 0 0 0 0 0 0 0 0 0 0 0.0625 0 0.0625 0.0625 0.3125 0.0625 0.3125 0.125 0 0 0 0 0 0 

544 527 388 53 0 0.607211 0 0 0 0 0 0 0 0 0 0 0 0 0 0 0 0 0 0 0.0625 0 0 0 0.1875 0.25 0.25 0.1875 0.0625 0 0 0 0 0 0 

576 561 409 53 0 0.57041 0 0 0 0 0 0 0 0 0 0 0 0 0 0 0 0 0 0 0.0588235 0 0.0588235 0.117647 0.176471 0.117647 0.235294 0.117647 0 0.117647 0 0 0 0 0 

640 622 437 53 0 0.514469 0 0 0 0 0 0 0 0 0 0 0 0 0 0 0 0 0 0 0 0.0526316 0.157895 0.105263 0.315789 0.0526316 0.263158 0 0 0.0526316 0 0 0 0 0 

480 452 328 53 0 0.707965 0 0 0 0 0 0 0 0 0 0 0 0 0 0 0 0 0 0 0 0 0.0714286 0.142857 0.214286 0.214286 0.0714286 0.0714286 0.214286 0 0 0 0 0 0 

576 558 406 53 0 0.573477 0 0 0 0 0 0 0 0 0 0 0 0 0 0 0 0 0 0 0 0 0.117647 0 0.176471 0.352941 0.235294 0 0.117647 0 0 0 0 0 0 

512 497 356 53 0 0.643863 0 0 0 0 0 0 0 0 0 0 0 0 0 0 0 0 0 0 0.0666667 0 0.0666667 0.2 0.133333 0.133333 0.2 0.133333 0.0666667 0 0 0 0 0 0 

480 453 331 53 0 0.706402 0 0 0 0 0 0 0 0 0 0 0 0 0 0 0 0 0 0 0.0714286 0 0 0.142857 0.214286 0.142857 0.0714286 0.0714286 0.214286 0.0714286 0 0 0 0 0 

544 531 389 53 0 0.602637 0 0 0 0 0 0 0 0 0 0 0 0 0 0 0 0 0 0 0 0 0.0625 0.125 0.1875 0.25 0.125 0.1875 0 0.0625 0 0 0 0 0 

544 528 402 53 0 0.606061 0 0 0 0 0 0 0 0 0 0 0 0 0 0 0 0 0 0 0 0 0.0625 0.125 0 0.125 0.1875 0.25 0.125 0.125 0 0 0 0 0 

512 493 355 53 0 0.649087 0 0 0 0 0 0 0 0 0 0 0 0 0 0 0 0 0 0 0 0.0666667 0.133333 0 0.133333 0.266667 0.2 0.2 0 0 0 0 0 0 0 

544 530 394 53 0 0.603774 0 0 0 0 0 0 0 0 0 0 0 0 0 0 0 0 0 0 0 0 0 0.125 0.1875 0.125 0.25 0.25 0.0625 0 0 0 0 0 0 

544 518 387 53 0 0.617761 0 0 0 0 0 0 0 0 0 0 0 0 0 0 0 0 0 0 0 0 0 0.125 0.1875 0.0625 0.125 0.4375 0 0.0625 0 0 0 0 0 

544 530 399 53 0 0.603774 0 0 0 0 0 0 0 0 0 0 0 0 0 0 0 0 0 0 0 0.0625 0 0.0625 0.0625 0.25 0.125 0.1875 0.25 0 0 0 0 0 0 

640 617 442 53 0 0.518639 0 0 0 0 0 0 0 0 0 0 0 0 0 0 0 0 0.0526316 0 0 0 0 0.0526316 0.315789 0.157895 0.315789 0.0526316 0.0526316 0 0 0 0 0 0 

544 527 399 53 0 0.607211 0 0 0 0 0 0 0 0 0 0 0 0 0 0 0 0 0 0 0 0 0.0625 0 0.125 0.125 0.25 0.3125 0.0625 0.0625 0 0 0 0 0 

512 494 367 53 0 0.647773 0 0 0 0 0 0 0 0 0 0 0 0 0 0 0 0 0 0 0 0 0.0666667 0.133333 0.133333 0.133333 0.133333 0.2 0.2 0 0 0 0 0 0 

544 516 371 53 0 0.620155 0 0 0 0 0 0 0 0 0 0 0 0 0 0 0 0 0 0 0 0.0625 0.0625 0.0625 0.1875 0.125 0.375 0.0625 0.0625 0 0 0 0 0 0 

640 622 452 53 0 0.514469 0 0 0 0 0 0 0 0 0 0 0 0 0 0 0 0 0 0 0 0 0 0.157895 0.157895 0.368421 0.157895 0.105263 0.0526316 0 0 0 0 0 0 

640 630 460 53 0 0.507937 0 0 0 0 0 0 0 0 0 0 0 0 0 0 0 0 0 0 0 0 0.105263 0 0.263158 0.263158 0.210526 0.0526316 0.105263 0 0 0 0 0 0 

544 518 374 53 0 0.617761 0 0 0 0 0 0 0 0 0 0 0 0 0 0 0 0 0 0 0 0 0.0625 0.125 0.1875 0.25 0.125 0.25 0 0 0 0 0 0 0 

544 515 382 53 0 0.621359 0 0 0 0 0 0 0 0 0 0 0 0 0 0 0 0 0 0 0.0625 0 0 0 0 0.3125 0.3125 0.25 0.0625 0 0 0 0 0 0 

544 520 372 53 0 0.615385 0 0 0 0 0 0 0 0 0 0 0 0 0 0 0 0 0 0 0 0 0.125 0.125 0.1875 0.1875 0.1875 0.1875 0 0 0 0 0 0 0 

544 533 396 53 0 0.600375 0 0 0 0 0 0 0 0 0 0 0 0 0 0 0 0 0 0 0 0.0625 0 0 0.25 0.3125 0.0625 0.0625 0.25 0 0 0 0 0 0 

576 561 417 53 0 0.57041 0 0 0 0 0 0 0 0 0 0 0 0 0 0 0 0 0 0 0 0.0588235 0.0588235 0 0.117647 0.235294 0.117647 0.294118 0.117647 0 0 0 0 0 0 

544 524 374 53 0 0.610687 0 0 0 0 0 0 0 0 0 0 0 0 0 0 0 0 0 0 0 0 0 0.25 0.25 0.25 0.125 0.125 0 0 0 0 0 0 0 

544 527 392 53 0 0.607211 0 0 0 0 0 0 0 0 0 0 0 0 0 0 0 0 0 0 0 0.0625 0 0.0625 0.0625 0.125 0.375 0.3125 0 0 0 0 0 0 0 

672 657 474 53 0 0.487062 0 0 0 0 0 0 0 0 0 0 0 0 0 0 0 0 0 0 0 0 0.1 0.05 0.2 0.3 0.25 0.1 0 0 0 0 0 0 0 

544 520 366 53 0 0.615385 0 0 0 0 0 0 0 0 0 0 0 0 0 0 0 0 0 0 0 0 0.1875 0.1875 0.125 0.25 0.0625 0.1875 0 0 0 0 0 0 0 

576 564 416 53 0 0.567376 0 0 0 0 0 0 0 0 0 0 0 0 0 0 0 0 0 0 0.0588235 0 0 0.117647 0.117647 0.117647 0.294118 0.235294 0.0588235 0 0 0 0 0 0 

576 558 401 53 0 0.573477 0 0 0 0 0 0 0 0 0 0 0 0 0 0 0 0 0 0 0.0588235 0 0.0588235 0.117647 0.117647 0.294118 0.176471 0.117647 0.0588235 0 0 0 0 0 0 

608 592 422 53 0 0.540541 0 0 0 0 0 0 0 0 0 0 0 0 0 0 0 0 0 0 0 0.111111 0.0555556 0.111111 0.222222 0.0555556 0.277778 0.166667 0 0 0 0 0 0 0 

512 503 367 53 0 0.636183 0 0 0 0 0 0 0 0 0 0 0 0 0 0 0 0 0 0 0 0 0.0666667 0.0666667 0.333333 0.133333 0.266667 0.0666667 0.0666667 0 0 0 0 0 0 

544 521 375 53 0 0.614203 0 0 0 0 0 0 0 0 0 0 0 0 0 0 0 0 0 0 0 0 0.0625 0.1875 0.125 0.1875 0.3125 0.125 0 0 0 0 0 0 0 

608 586 419 53 0 0.546075 0 0 0 0 0 0 0 0 0 0 0 0 0 0 0 0 0 0 0 0.0555556 0 0.166667 0.166667 0.333333 0.166667 0.0555556 0.0555556 0 0 0 0 0 0 

512 483 353 53 0 0.662526 0 0 0 0 0 0 0 0 0 0 0 0 0 0 0 0 0 0 0 0 0.0666667 0.133333 0.133333 0.2 0.2 0.0666667 0.2 0 0 0 0 0 0 

608 586 431 53 0 0.546075 0 0 0 0 0 0 0 0 0 0 0 0 0 0 0 0 0 0 0 0.0555556 0.111111 0 0.111111 0.222222 0.222222 0.111111 0.0555556 0.111111 0 0 0 0 0 

576 557 402 53 0 0.574506 0 0 0 0 0 0 0 0 0 0 0 0 0 0 0 0 0 0 0 0.0588235 0.117647 0.176471 0.117647 0.0588235 0.117647 0.235294 0.117647 0 0 0 0 0 0 

608 591 431 53 0 0.541455 0 0 0 0 0 0 0 0 0 0 0 0 0 0 0 0 0 0 0 0 0.0555556 0.166667 0.166667 0.111111 0.277778 0.166667 0.0555556 0 0 0 0 0 0 

544 525 386 53 0 0.609524 0 0 0 0 0 0 0 0 0 0 0 0 0 0 0 0 0 0 0 0.0625 0 0.0625 0.125 0.3125 0.125 0.25 0.0625 0 0 0 0 0 0 

544 532 387 53 0 0.601504 0 0 0 0 0 0 0 0 0 0 0 0 0 0 0 0 0 0 0.0625 0 0.125 0.125 0.125 0.125 0.1875 0 0.1875 0.0625 0 0 0 0 0 

640 618 445 53 0 0.517799 0 0 0 0 0 0 0 0 0 0 0 0 0 0 0 0 0 0 0 0 0.105263 0.157895 0.157895 0.210526 0.105263 0.210526 0.0526316 0 0 0 0 0 0 

512 489 354 53 0 0.654397 0 0 0 0 0 0 0 0 0 0 0 0 0 0 0 0 0 0.0666667 0 0.0666667 0.0666667 0.0666667 0.0666667 0.133333 0.2 0.2 0.0666667 0.0666667 0 0 0 0 0 

608 595 443 53 0 0.537815 0 0 0 0 0 0 0 0 0 0 0 0 0 0 0 0 0 0 0 0.0555556 0 0.111111 0.111111 0.166667 0.222222 0.111111 0.222222 0 0 0 0 0 0 

480 463 347 53 0 0.691145 0 0 0 0 0 0 0 0 0 0 0 0 0 0 0 0 0 0 0 0 0 0.0714286 0.214286 0.142857 0.142857 0.357143 0.0714286 0 0 0 0 0 0 

544 523 390 53 0 0.611855 0 0 0 0 0 0 0 0 0 0 0 0 0 0 0 0 0 0 0 0.0625 0 0.0625 0 0.375 0.0625 0.3125 0.125 0 0 0 0 0 0 

544 521 383 53 0 0.614203 0 0 0 0 0 0 0 0 0 0 0 0 0 0 0 0 0 0 0 0.125 0 0.0625 0.0625 0.125 0.375 0.0625 0.1875 0 0 0 0 0 0 

544 527 393 53 0 0.607211 0 0 0 0 0 0 0 0 0 0 0 0 0 0 0 0 0 0 0 0 0.125 0 0.0625 0.25 0.25 0.125 0.1875 0 0 0 0 0 0 

576 564 419 53 0 0.567376 0 0 0 0 0 0 0 0 0 0 0 0 0 0 0 0 0 0 0 0 0.0588235 0.117647 0.117647 0.235294 0.235294 0.117647 0 0.0588235 0.0588235 0 0 0 0 

640 614 444 53 0 0.521173 0 0 0 0 0 0 0 0 0 0 0 0 0 0 0 0 0 0 0 0 0.0526316 0.157895 0.0526316 0.368421 0.157895 0.210526 0 0 0 0 0 0 0 

