2208 2202 1600 118 0 0.726612 0 0 0 0 0 0 0 0 0 0 0 0 0 0 0 0 0 0 0 0 0.0294118 0.132353 0.191176 0.176471 0.294118 0.0882353 0.0735294 0.0147059 0 0 0 0 0 

2208 2194 1603 109 0 0.729262 0 0 0 0 0 0 0 0 0 0 0 0 0 0 0 0 0 0 0 0.0294118 0.0294118 0.117647 0.132353 0.191176 0.25 0.147059 0.0735294 0.0294118 0 0 0 0 0 

2208 2201 1601 118 0 0.726942 0 0 0 0 0 0 0 0 0 0 0 0 0 0 0 0 0 0 0 0 0.0588235 0.102941 0.117647 0.235294 0.308824 0.132353 0.0294118 0.0147059 0 0 0 0 0 

2176 2168 1601 112 0 0.738007 0 0 0 0 0 0 0 0 0 0 0 0 0 0 0 0 0 0 0.0149254 0 0.0597015 0.104478 0.0746269 0.134328 0.268657 0.19403 0.149254 0 0 0 0 0 0 

2208 2198 1600 110 0 0.727934 0 0 0 0 0 0 0 0 0 0 0 0 0 0 0 0 0 0 0.0294118 0.0294118 0 0.0735294 0.0882353 0.352941 0.205882 0.132353 0.0735294 0.0147059 0 0 0 0 0 

2240 2223 1603 109 0 0.719748 0 0 0 0 0 0 0 0 0 0 0 0 0 0 0 0 0 0 0 0.0144928 0.0434783 0.173913 0.15942 0.188406 0.217391 0.144928 0.0289855 0.0289855 0 0 0 0 0 

2176 2164 1603 104 0 0.739372 0 0 0 0 0 0 0 0 0 0 0 0 0 0 0 0 0 0 0 0 0.0447761 0.0746269 0.119403 0.253731 0.134328 0.268657 0.0597015 0.0447761 0 0 0 0 0 

2208 2196 1603 114 0 0.728597 0 0 0 0 0 0 0 0 0 0 0 0 0 0 0 0 0 0 0 0 0.0735294 0.0735294 0.191176 0.176471 0.205882 0.205882 0.0735294 0 0 0 0 0 0 

2208 2185 1603 102 0 0.732265 0 0 0 0 0 0 0 0 0 0 0 0 0 0 0 0 0 0 0 0.0147059 0 0.0882353 0.132353 0.294118 0.235294 0.147059 0.0735294 0.0147059 0 0 0 0 0 

2176 2171 1601 104 0 0.736988 0 0 0 0 0 0 0 0 0 0 0 0 0 0 0 0 0 0 0 0.0149254 0.0895522 0.0149254 0.134328 0.208955 0.19403 0.238806 0.0746269 0.0298507 0 0 0 0 0 

