1216 1194 879 84 0 0.670017 0 0 0 0 0 0 0 0 0 0 0 0 0 0 0 0 0 0 0 0.027027 0.027027 0.135135 0.108108 0.189189 0.135135 0.216216 0.162162 0 0 0 0 0 0 

1280 1259 930 84 0 0.635425 0 0 0 0 0 0 0 0 0 0 0 0 0 0 0 0 0 0 0 0.0512821 0 0.0512821 0.0512821 0.282051 0.333333 0.102564 0.128205 0 0 0 0 0 0 

1376 1358 995 84 0 0.589102 0 0 0 0 0 0 0 0 0 0 0 0 0 0 0 0 0 0 0.0238095 0 0.0714286 0.0238095 0.142857 0.261905 0.214286 0.142857 0.0952381 0.0238095 0 0 0 0 0 

1312 1288 939 84 0 0.621118 0 0 0 0 0 0 0 0 0 0 0 0 0 0 0 0 0 0 0 0 0.075 0.05 0.175 0.25 0.225 0.15 0.05 0.025 0 0 0 0 0 

1216 1187 862 84 0 0.673968 0 0 0 0 0 0 0 0 0 0 0 0 0 0 0 0 0 0 0 0.0540541 0 0.0540541 0.243243 0.162162 0.324324 0.027027 0.135135 0 0 0 0 0 0 

1408 1386 997 84 0 0.577201 0 0 0 0 0 0 0 0 0 0 0 0 0 0 0 0 0 0 0.0232558 0.0465116 0.0232558 0.116279 0.116279 0.209302 0.255814 0.209302 0 0 0 0 0 0 0 

1312 1285 943 84 0 0.622568 0 0 0 0 0 0 0 0 0 0 0 0 0 0 0 0 0 0 0 0 0.025 0.1 0.175 0.125 0.325 0.175 0.075 0 0 0 0 0 0 

1408 1378 1031 84 0 0.580552 0 0 0 0 0 0 0 0 0 0 0 0 0 0 0 0 0 0 0 0 0 0.0697674 0.162791 0.139535 0.209302 0.232558 0.186047 0 0 0 0 0 0 

1120 1094 801 68 0 0.731261 0 0 0 0 0 0 0 0 0 0 0 0 0 0 0 0 0 0 0 0.0294118 0 0.0294118 0.205882 0.352941 0.147059 0.117647 0.0882353 0.0294118 0 0 0 0 0 

1088 1083 800 65 0 0.738689 0 0 0 0 0 0 0 0 0 0 0 0 0 0 0 0 0 0 0.030303 0 0.0606061 0.030303 0.121212 0.242424 0.272727 0.151515 0 0.0606061 0.030303 0 0 0 0 

