2240 2217 1603 108 0 0.721696 0 0 0 0 0 0 0 0 0 0 0 0 0 0 0 0 0 0 0 0.0289855 0.057971 0.130435 0.144928 0.173913 0.202899 0.217391 0.0144928 0.0289855 0 0 0 0 0 

2240 2214 1603 105 0 0.722674 0 0 0 0 0 0 0 0 0 0 0 0 0 0 0 0 0 0 0 0 0.057971 0.0724638 0.246377 0.202899 0.217391 0.130435 0.057971 0.0144928 0 0 0 0 0 

2208 2191 1603 99 0 0.73026 0 0 0 0 0 0 0 0 0 0 0 0 0 0 0 0 0 0 0 0 0.0294118 0.0588235 0.176471 0.308824 0.205882 0.147059 0.0588235 0.0147059 0 0 0 0 0 

2240 2225 1603 110 0 0.719101 0 0 0 0 0 0 0 0 0 0 0 0 0 0 0.0144928 0 0 0 0 0.0144928 0.0289855 0.101449 0.217391 0.26087 0.202899 0.0724638 0.0434783 0.0144928 0.0289855 0 0 0 0 

2208 2183 1603 102 0 0.732936 0 0 0 0 0 0 0 0 0 0 0 0 0 0 0 0 0 0 0 0.0147059 0 0.0735294 0.176471 0.205882 0.279412 0.191176 0.0441176 0.0147059 0 0 0 0 0 

2208 2195 1603 108 0 0.728929 0 0 0 0 0 0 0 0 0 0 0 0 0 0 0 0 0 0 0.0147059 0 0.0294118 0.0441176 0.264706 0.191176 0.191176 0.191176 0.0588235 0.0147059 0 0 0 0 0 

2208 2189 1603 102 0 0.730927 0 0 0 0 0 0 0 0 0 0 0 0 0 0 0 0 0 0 0 0 0.0441176 0.117647 0.161765 0.176471 0.235294 0.147059 0.0882353 0.0294118 0 0 0 0 0 

2208 2198 1602 98 0 0.727934 0 0 0 0 0 0 0 0 0 0 0 0 0 0 0 0 0 0 0.0147059 0.0147059 0.0441176 0.0441176 0.191176 0.205882 0.294118 0.0882353 0.102941 0 0 0 0 0 0 

2240 2213 1602 98 0 0.723 0 0 0 0 0 0 0 0 0 0 0 0 0 0 0 0 0 0 0 0.0289855 0.0289855 0.144928 0.144928 0.202899 0.217391 0.144928 0.0724638 0.0144928 0 0 0 0 0 

2240 2213 1602 93 0 0.723 0 0 0 0 0 0 0 0 0 0 0 0 0 0 0 0 0 0 0.0144928 0.0144928 0.0434783 0.115942 0.130435 0.231884 0.231884 0.130435 0.0724638 0.0144928 0 0 0 0 0 

