9600 9600 6966 53 319 0.000104167 0 0 0 0 0 0 0 0 0 0 0 0 0 0 0 0 0 0.00334448 0.00334448 0.0234114 0.0367893 0.083612 0.173913 0.214047 0.234114 0.147157 0.0535117 0.0267559 0 0 0 0 0 

9600 9600 7019 53 319 0.000104167 0 0 0 0 0 0 0 0 0 0 0 0 0 0 0 0 0 0 0 0.0133779 0.0167224 0.0802676 0.150502 0.274247 0.230769 0.140468 0.0769231 0.0133779 0.00334448 0 0 0 0 

9600 9600 6960 53 319 0.000104167 0 0 0 0 0 0 0 0 0 0 0 0 0 0 0 0 0 0 0.00334448 0.0200669 0.0468227 0.0802676 0.200669 0.217391 0.187291 0.150502 0.0769231 0.0167224 0 0 0 0 0 

9600 9600 6972 53 319 0.000104167 0 0 0 0 0 0 0 0 0 0 0 0 0 0 0 0 0 0 0.00668896 0.0200669 0.0401338 0.0769231 0.140468 0.257525 0.217391 0.167224 0.0702341 0.00334448 0 0 0 0 0 

9600 9600 6937 53 319 0.000104167 0 0 0 0 0 0 0 0 0 0 0 0 0 0 0 0 0 0 0.00668896 0.0167224 0.0401338 0.107023 0.160535 0.237458 0.240803 0.113712 0.0602007 0.0167224 0 0 0 0 0 

9600 9600 6965 53 319 0.000104167 0 0 0 0 0 0 0 0 0 0 0 0 0 0 0 0 0 0.00668896 0.00668896 0.0200669 0.0401338 0.0869565 0.150502 0.234114 0.22408 0.12709 0.0769231 0.0267559 0 0 0 0 0 

9600 9600 6961 53 319 0.000104167 0 0 0 0 0 0 0 0 0 0 0 0 0 0 0 0.00334448 0 0 0.00668896 0.0167224 0.0468227 0.090301 0.130435 0.257525 0.210702 0.167224 0.0468227 0.0234114 0 0 0 0 0 

9600 9600 7007 53 319 0.000104167 0 0 0 0 0 0 0 0 0 0 0 0 0 0 0 0 0 0 0.00334448 0.00668896 0.0501672 0.0869565 0.133779 0.220736 0.250836 0.157191 0.0668896 0.0200669 0.00334448 0 0 0 0 

9600 9600 6980 53 319 0.000104167 0 0 0 0 0 0 0 0 0 0 0 0 0 0 0 0 0 0 0.00334448 0.0200669 0.0234114 0.120401 0.157191 0.200669 0.22408 0.147157 0.0936455 0.0100334 0 0 0 0 0 

9600 9600 6894 53 319 0.000104167 0 0 0 0 0 0 0 0 0 0 0 0 0 0 0 0 0 0 0.0133779 0.0133779 0.0568562 0.120401 0.157191 0.237458 0.214047 0.120401 0.0568562 0.00668896 0.00334448 0 0 0 0 

