1248 1219 883 84 0 0.656276 0 0 0 0 0 0 0 0 0 0 0 0 0 0 0 0 0 0 0.0526316 0 0.0263158 0.131579 0.105263 0.157895 0.236842 0.236842 0.0526316 0 0 0 0 0 0 

1248 1220 881 84 0 0.655738 0 0 0 0 0 0 0 0 0 0 0 0 0 0 0 0 0 0 0.0263158 0.0526316 0.0526316 0.0526316 0.105263 0.184211 0.289474 0.210526 0.0263158 0 0 0 0 0 0 

1280 1252 905 84 0 0.638978 0 0 0 0 0 0 0 0 0 0 0 0 0 0 0 0 0 0 0 0.025641 0.0512821 0.102564 0.179487 0.25641 0.179487 0.0769231 0.102564 0.025641 0 0 0 0 0 

1248 1219 901 84 0 0.656276 0 0 0 0 0 0 0 0 0 0 0 0 0 0 0 0 0 0 0 0 0.0526316 0.0263158 0.131579 0.184211 0.342105 0.157895 0.105263 0 0 0 0 0 0 

1280 1251 899 84 0 0.639488 0 0 0 0 0 0 0 0 0 0 0 0 0 0 0 0 0 0.025641 0 0 0.0512821 0.102564 0.205128 0.179487 0.307692 0.0512821 0.025641 0.0512821 0 0 0 0 0 

1248 1219 899 84 0 0.656276 0 0 0 0 0 0 0 0 0 0 0 0 0 0 0 0 0 0 0 0 0.0263158 0.210526 0.0789474 0.0526316 0.315789 0.157895 0.131579 0 0.0263158 0 0 0 0 

1280 1252 912 84 0 0.638978 0 0 0 0 0 0 0 0 0 0 0 0 0 0 0 0 0 0 0 0.025641 0.0769231 0.0512821 0.153846 0.230769 0.128205 0.25641 0.0769231 0 0 0 0 0 0 

1216 1195 865 84 0 0.669456 0 0 0 0 0 0 0 0 0 0 0 0 0 0 0 0 0 0 0 0.027027 0.027027 0.108108 0.216216 0.243243 0.135135 0.162162 0.0810811 0 0 0 0 0 0 

1216 1195 869 84 0 0.669456 0 0 0 0 0 0 0 0 0 0 0 0 0 0 0 0 0 0 0 0 0.0810811 0.0810811 0.216216 0.216216 0.189189 0.0810811 0.0810811 0.0540541 0 0 0 0 0 

1280 1252 901 84 0 0.638978 0 0 0 0 0 0 0 0 0 0 0 0 0 0 0 0 0 0 0 0 0.0769231 0.0769231 0.282051 0.128205 0.25641 0.128205 0.0512821 0 0 0 0 0 0 

