640 617 456 56 0 0.583468 0 0 0 0 0 0 0 0 0 0 0 0 0 0 0 0 0 0 0 0 0 0 0.0526316 0.526316 0.263158 0.157895 0 0 0 0 0 0 0 

512 505 381 56 0 0.712871 0 0 0 0 0 0 0 0 0 0 0 0 0 0 0 0 0 0 0 0 0 0 0.133333 0.333333 0.266667 0.2 0.0666667 0 0 0 0 0 0 

640 617 450 56 0 0.583468 0 0 0 0 0 0 0 0 0 0 0 0 0 0 0 0 0 0 0 0 0.0526316 0 0.263158 0.210526 0.315789 0.157895 0 0 0 0 0 0 0 

608 589 415 56 0 0.611205 0 0 0 0 0 0 0 0 0 0 0 0 0 0 0 0 0 0 0 0.111111 0.0555556 0.111111 0.166667 0.277778 0.222222 0.0555556 0 0 0 0 0 0 0 

704 679 493 56 0 0.530191 0 0 0 0 0 0 0 0 0 0 0 0 0 0 0 0 0 0 0 0 0 0.285714 0.190476 0.0952381 0.0952381 0.238095 0.047619 0.047619 0 0 0 0 0 

640 617 456 56 0 0.583468 0 0 0 0 0 0 0 0 0 0 0 0 0 0 0 0 0 0 0 0.0526316 0.0526316 0.0526316 0.0526316 0.105263 0.421053 0.157895 0.105263 0 0 0 0 0 0 

640 618 437 56 0 0.582524 0 0 0 0 0 0 0 0 0 0 0 0 0 0 0 0 0 0 0 0 0.157895 0.0526316 0.210526 0.368421 0.157895 0.0526316 0 0 0 0 0 0 0 

640 617 454 56 0 0.583468 0 0 0 0 0 0 0 0 0 0 0 0 0 0 0 0 0 0 0 0.0526316 0 0.0526316 0.105263 0.368421 0.105263 0.263158 0 0.0526316 0 0 0 0 0 

704 678 489 56 0 0.530973 0 0 0 0 0 0 0 0 0 0 0 0 0 0 0 0 0 0 0 0.0952381 0.047619 0 0.0952381 0.333333 0.238095 0.190476 0 0 0 0 0 0 0 

640 616 460 56 0 0.584416 0 0 0 0 0 0 0 0 0 0 0 0 0 0 0 0 0 0 0 0 0 0 0.210526 0.157895 0.368421 0.157895 0.105263 0 0 0 0 0 0 

