12896 12876 9385 268 0 0.621311 0 0 0 0 0 0 0 0 0 0 0 0 0 0 0 0 0.00497512 0 0.00497512 0.0223881 0.0323383 0.0621891 0.18408 0.18408 0.261194 0.154229 0.0572139 0.0323383 0 0 0 0 0 

12672 12649 9205 268 0 0.632461 0 0 0 0 0 0 0 0 0 0 0 0 0 0 0 0 0.00253165 0.00253165 0.0101266 0.00759494 0.0379747 0.0708861 0.172152 0.253165 0.189873 0.156962 0.0683544 0.0253165 0.00253165 0 0 0 0 

12704 12690 9218 268 0 0.630418 0 0 0 0 0 0 0 0 0 0 0 0 0 0 0 0 0.00252525 0.00252525 0.00505051 0.0353535 0.0378788 0.0883838 0.106061 0.25 0.224747 0.151515 0.0858586 0.00757576 0.00252525 0 0 0 0 

12896 12876 9326 268 0 0.621311 0 0 0 0 0 0 0 0 0 0 0 0 0 0 0 0 0 0 0.0124378 0.0124378 0.0323383 0.0771144 0.179104 0.248756 0.241294 0.126866 0.0621891 0.00746269 0 0 0 0 0 

12704 12695 9276 268 0 0.630169 0 0 0 0 0 0 0 0 0 0 0 0 0 0 0 0 0 0 0.00252525 0.00757576 0.0378788 0.0883838 0.128788 0.229798 0.275253 0.15404 0.0606061 0.0126263 0.00252525 0 0 0 0 

12704 12682 9220 268 0 0.630815 0 0 0 0 0 0 0 0 0 0 0 0 0 0 0 0 0 0.00252525 0.00252525 0.0151515 0.0176768 0.106061 0.174242 0.229798 0.212121 0.159091 0.0707071 0.00757576 0.00252525 0 0 0 0 

12992 12976 9424 268 0 0.616523 0 0 0 0 0 0 0 0 0 0 0 0 0 0 0 0 0.00246914 0.00246914 0.00493827 0.017284 0.0345679 0.0962963 0.175309 0.2 0.224691 0.148148 0.0716049 0.0197531 0.00246914 0 0 0 0 

12704 12692 9187 268 0 0.630318 0 0 0 0 0 0 0 0 0 0 0 0 0 0 0 0 0.00252525 0 0.010101 0.0176768 0.0328283 0.0959596 0.169192 0.237374 0.19697 0.169192 0.0606061 0.00757576 0 0 0 0 0 

12704 12691 9237 268 0 0.630368 0 0 0 0 0 0 0 0 0 0 0 0 0 0 0 0 0 0.00505051 0.00505051 0.0126263 0.0378788 0.0656566 0.166667 0.239899 0.244949 0.136364 0.0681818 0.0151515 0.00252525 0 0 0 0 

12864 12840 9321 268 0 0.623053 0 0 0 0 0 0 0 0 0 0 0 0 0 0 0 0 0 0.00249377 0.00498753 0.00997506 0.0598504 0.0997506 0.169576 0.182045 0.197007 0.182045 0.0798005 0.00997506 0.00249377 0 0 0 0 

