1216 1195 874 84 0 0.669456 0 0 0 0 0 0 0 0 0 0 0 0 0 0 0 0 0 0 0 0.027027 0.027027 0.108108 0.162162 0.189189 0.27027 0.0810811 0.0810811 0.0540541 0 0 0 0 0 

1248 1219 873 84 0 0.656276 0 0 0 0 0 0 0 0 0 0 0 0 0 0 0 0 0 0 0 0.0263158 0.0526316 0.105263 0.157895 0.289474 0.210526 0.157895 0 0 0 0 0 0 0 

1216 1195 883 84 0 0.669456 0 0 0 0 0 0 0 0 0 0 0 0 0 0 0 0 0 0 0.027027 0.027027 0.027027 0.0540541 0.0810811 0.297297 0.162162 0.162162 0.0810811 0.0540541 0.027027 0 0 0 0 

1248 1219 894 84 0 0.656276 0 0 0 0 0 0 0 0 0 0 0 0 0 0 0 0 0 0 0 0 0 0.157895 0.0789474 0.236842 0.263158 0.210526 0.0526316 0 0 0 0 0 0 

1216 1194 874 84 0 0.670017 0 0 0 0 0 0 0 0 0 0 0 0 0 0 0 0 0 0 0 0.027027 0.027027 0.0810811 0.189189 0.162162 0.243243 0.189189 0.0540541 0.027027 0 0 0 0 0 

1248 1219 896 84 0 0.656276 0 0 0 0 0 0 0 0 0 0 0 0 0 0 0 0 0 0 0 0.0263158 0 0.131579 0.105263 0.184211 0.263158 0.157895 0.131579 0 0 0 0 0 0 

1280 1251 905 84 0 0.639488 0 0 0 0 0 0 0 0 0 0 0 0 0 0 0 0 0 0 0.025641 0.025641 0 0.0769231 0.230769 0.25641 0.179487 0.102564 0.0512821 0.0512821 0 0 0 0 0 

1280 1252 921 84 0 0.638978 0 0 0 0 0 0 0 0 0 0 0 0 0 0 0 0 0 0 0 0.025641 0.025641 0.025641 0.179487 0.230769 0.282051 0.102564 0.0769231 0.0512821 0 0 0 0 0 

1248 1219 897 84 0 0.656276 0 0 0 0 0 0 0 0 0 0 0 0 0 0 0 0 0 0 0.0263158 0 0.0263158 0.0526316 0.131579 0.184211 0.342105 0.131579 0.0526316 0.0526316 0 0 0 0 0 

1216 1195 882 84 0 0.669456 0 0 0 0 0 0 0 0 0 0 0 0 0 0 0 0 0 0 0 0 0.027027 0 0.189189 0.351351 0.189189 0.135135 0.0810811 0.027027 0 0 0 0 0 

