544 527 401 53 0 0.607211 0 0 0 0 0 0 0 0 0 0 0 0 0 0 0 0 0 0 0 0 0 0 0.125 0.25 0.25 0.125 0.25 0 0 0 0 0 0 

576 550 395 53 0 0.581818 0 0 0 0 0 0 0 0 0 0 0 0 0 0 0 0 0 0 0 0 0.0588235 0.176471 0.117647 0.235294 0.294118 0.117647 0 0 0 0 0 0 0 

544 534 395 53 0 0.599251 0 0 0 0 0 0 0 0 0 0 0 0 0 0 0 0 0 0.0625 0 0.0625 0 0 0.125 0.125 0.25 0.3125 0.0625 0 0 0 0 0 0 

576 550 400 53 0 0.581818 0 0 0 0 0 0 0 0 0 0 0 0 0 0 0 0 0 0 0 0 0 0.117647 0.117647 0.470588 0.176471 0.0588235 0 0.0588235 0 0 0 0 0 

544 526 397 53 0 0.608365 0 0 0 0 0 0 0 0 0 0 0 0 0 0 0 0 0 0 0 0 0 0.0625 0.0625 0.1875 0.375 0.1875 0.125 0 0 0 0 0 0 

544 534 390 53 0 0.599251 0 0 0 0 0 0 0 0 0 0 0 0 0 0 0 0 0 0 0 0 0.1875 0.0625 0.1875 0.125 0.125 0.1875 0.125 0 0 0 0 0 0 

544 527 394 53 0 0.607211 0 0 0 0 0 0 0 0 0 0 0 0 0 0 0 0 0 0 0 0 0.125 0.0625 0 0.1875 0.25 0.1875 0.1875 0 0 0 0 0 0 

608 592 425 53 0 0.540541 0 0 0 0 0 0 0 0 0 0 0 0 0 0 0 0 0 0 0 0.0555556 0 0.222222 0.222222 0.166667 0.166667 0.0555556 0.111111 0 0 0 0 0 0 

608 592 425 53 0 0.540541 0 0 0 0 0 0 0 0 0 0 0 0 0 0 0 0 0 0 0.0555556 0 0.0555556 0 0.333333 0.222222 0.222222 0.0555556 0.0555556 0 0 0 0 0 0 

544 530 393 53 0 0.603774 0 0 0 0 0 0 0 0 0 0 0 0 0 0 0 0 0 0 0 0.125 0 0.125 0.0625 0.0625 0.25 0.125 0.25 0 0 0 0 0 0 

576 550 412 53 0 0.581818 0 0 0 0 0 0 0 0 0 0 0 0 0 0 0 0 0 0 0 0 0 0.0588235 0.117647 0.117647 0.352941 0.294118 0.0588235 0 0 0 0 0 0 

608 592 423 53 0 0.540541 0 0 0 0 0 0 0 0 0 0 0 0 0 0 0 0 0 0 0 0.0555556 0.111111 0.0555556 0.111111 0.277778 0.388889 0 0 0 0 0 0 0 0 

608 591 436 53 0 0.541455 0 0 0 0 0 0 0 0 0 0 0 0 0 0 0 0 0 0 0 0 0.0555556 0.111111 0.222222 0.0555556 0.277778 0.111111 0.166667 0 0 0 0 0 0 

480 459 335 53 0 0.697168 0 0 0 0 0 0 0 0 0 0 0 0 0 0 0 0 0 0 0 0.0714286 0 0.0714286 0.142857 0.357143 0.0714286 0.214286 0.0714286 0 0 0 0 0 0 

576 550 390 53 0 0.581818 0 0 0 0 0 0 0 0 0 0 0 0 0 0 0 0 0 0 0 0.0588235 0.117647 0.117647 0.176471 0.0588235 0.352941 0.117647 0 0 0 0 0 0 0 

544 527 391 53 0 0.607211 0 0 0 0 0 0 0 0 0 0 0 0 0 0 0 0 0 0 0 0 0 0.0625 0.125 0.3125 0.25 0.25 0 0 0 0 0 0 0 

576 550 405 53 0 0.581818 0 0 0 0 0 0 0 0 0 0 0 0 0 0 0 0 0 0 0 0 0 0.117647 0.176471 0.235294 0.176471 0.176471 0.117647 0 0 0 0 0 0 

608 585 408 53 0 0.547009 0 0 0 0 0 0 0 0 0 0 0 0 0 0 0 0.0555556 0 0 0 0 0.111111 0.111111 0.166667 0.333333 0.111111 0.111111 0 0 0 0 0 0 0 

544 527 397 53 0 0.607211 0 0 0 0 0 0 0 0 0 0 0 0 0 0 0 0 0 0 0 0 0 0.125 0.0625 0.1875 0.25 0.25 0.0625 0.0625 0 0 0 0 0 

544 527 390 53 0 0.607211 0 0 0 0 0 0 0 0 0 0 0 0 0 0 0 0 0 0 0 0 0 0.0625 0.125 0.3125 0.375 0.0625 0.0625 0 0 0 0 0 0 

608 592 437 53 0 0.540541 0 0 0 0 0 0 0 0 0 0 0 0 0 0 0 0 0 0 0 0.0555556 0.0555556 0 0.0555556 0.277778 0.333333 0.166667 0.0555556 0 0 0 0 0 0 

544 525 389 53 0 0.609524 0 0 0 0 0 0 0 0 0 0 0 0 0 0 0 0 0 0 0 0 0.0625 0 0.125 0.1875 0.4375 0.1875 0 0 0 0 0 0 0 

576 550 394 53 0 0.581818 0 0 0 0 0 0 0 0 0 0 0 0 0 0 0 0 0 0 0 0.0588235 0 0.176471 0.0588235 0.470588 0.117647 0.0588235 0 0.0588235 0 0 0 0 0 

576 550 401 53 0 0.581818 0 0 0 0 0 0 0 0 0 0 0 0 0 0 0 0 0 0 0 0 0.0588235 0.117647 0.117647 0.294118 0.176471 0.117647 0.117647 0 0 0 0 0 0 

544 524 380 53 0 0.610687 0 0 0 0 0 0 0 0 0 0 0 0 0 0 0 0 0 0 0 0 0.125 0.0625 0.125 0.3125 0.1875 0.125 0.0625 0 0 0 0 0 0 

736 716 519 53 0 0.446927 0 0 0 0 0 0 0 0 0 0 0 0 0 0 0 0 0 0.0454545 0 0 0.0454545 0.136364 0.136364 0.0909091 0.318182 0.136364 0.0909091 0 0 0 0 0 0 

608 592 427 53 0 0.540541 0 0 0 0 0 0 0 0 0 0 0 0 0 0 0 0 0 0 0.0555556 0 0 0.166667 0.222222 0.166667 0.166667 0.166667 0.0555556 0 0 0 0 0 0 

576 550 411 53 0 0.581818 0 0 0 0 0 0 0 0 0 0 0 0 0 0 0 0 0 0 0 0.0588235 0 0 0.176471 0.176471 0.176471 0.235294 0.117647 0.0588235 0 0 0 0 0 

608 592 434 53 0 0.540541 0 0 0 0 0 0 0 0 0 0 0 0 0 0 0 0 0 0 0 0.0555556 0.0555556 0.0555556 0.0555556 0.277778 0.333333 0.111111 0 0.0555556 0 0 0 0 0 

736 716 507 53 0 0.446927 0 0 0 0 0 0 0 0 0 0 0 0 0 0 0 0 0 0 0 0.0454545 0.0909091 0.136364 0.272727 0.136364 0.181818 0.0909091 0.0454545 0 0 0 0 0 0 

576 550 395 53 0 0.581818 0 0 0 0 0 0 0 0 0 0 0 0 0 0 0 0 0 0 0 0 0.0588235 0.176471 0.176471 0.235294 0.176471 0.117647 0.0588235 0 0 0 0 0 0 

608 592 432 53 0 0.540541 0 0 0 0 0 0 0 0 0 0 0 0 0 0 0 0 0 0 0 0 0.111111 0.111111 0.111111 0.277778 0.111111 0.166667 0.111111 0 0 0 0 0 0 

608 592 436 53 0 0.540541 0 0 0 0 0 0 0 0 0 0 0 0 0 0 0 0 0.0555556 0 0 0 0 0.0555556 0.111111 0.388889 0.0555556 0.222222 0.0555556 0 0.0555556 0 0 0 0 

544 525 395 53 0 0.609524 0 0 0 0 0 0 0 0 0 0 0 0 0 0 0 0 0 0 0.0625 0 0 0.0625 0 0.125 0.3125 0.3125 0.125 0 0 0 0 0 0 

608 592 431 53 0 0.540541 0 0 0 0 0 0 0 0 0 0 0 0 0 0 0 0 0 0 0 0.0555556 0.0555556 0.166667 0.0555556 0.222222 0.166667 0.166667 0.111111 0 0 0 0 0 0 

608 592 421 53 0 0.540541 0 0 0 0 0 0 0 0 0 0 0 0 0 0 0 0 0 0 0 0 0.111111 0.166667 0.166667 0.333333 0.166667 0 0.0555556 0 0 0 0 0 0 

544 534 389 53 0 0.599251 0 0 0 0 0 0 0 0 0 0 0 0 0 0 0 0 0 0 0 0 0.0625 0.0625 0.4375 0.0625 0.1875 0.125 0 0.0625 0 0 0 0 0 

576 549 407 53 0 0.582878 0 0 0 0 0 0 0 0 0 0 0 0 0 0 0 0 0 0 0 0 0 0.0588235 0.0588235 0.470588 0.176471 0.117647 0.0588235 0.0588235 0 0 0 0 0 

544 534 391 53 0 0.599251 0 0 0 0 0 0 0 0 0 0 0 0 0 0 0 0 0 0 0 0 0.1875 0.125 0 0.3125 0.1875 0.0625 0 0.0625 0.0625 0 0 0 0 

576 550 391 53 0 0.581818 0 0 0 0 0 0 0 0 0 0 0 0 0 0 0 0 0 0 0 0.117647 0.117647 0.0588235 0.0588235 0.235294 0.235294 0.117647 0.0588235 0 0 0 0 0 0 

544 527 393 53 0 0.607211 0 0 0 0 0 0 0 0 0 0 0 0 0 0 0 0 0 0 0 0 0 0.0625 0.125 0.375 0.1875 0.125 0.0625 0.0625 0 0 0 0 0 

608 592 428 53 0 0.540541 0 0 0 0 0 0 0 0 0 0 0 0 0 0 0 0 0 0 0 0.0555556 0.111111 0.0555556 0.111111 0.277778 0.166667 0.166667 0.0555556 0 0 0 0 0 0 

608 592 431 53 0 0.540541 0 0 0 0 0 0 0 0 0 0 0 0 0 0 0 0 0 0 0 0 0.0555556 0.166667 0.222222 0.222222 0.111111 0.0555556 0.111111 0.0555556 0 0 0 0 0 

608 592 423 53 0 0.540541 0 0 0 0 0 0 0 0 0 0 0 0 0 0 0 0 0 0 0.0555556 0 0.0555556 0.222222 0.111111 0.166667 0.222222 0.111111 0.0555556 0 0 0 0 0 0 

608 592 423 53 0 0.540541 0 0 0 0 0 0 0 0 0 0 0 0 0 0 0 0 0 0 0 0 0.111111 0.111111 0.333333 0.166667 0.0555556 0.222222 0 0 0 0 0 0 0 

544 527 390 53 0 0.607211 0 0 0 0 0 0 0 0 0 0 0 0 0 0 0 0 0 0 0 0 0.0625 0.0625 0.3125 0.0625 0.1875 0.1875 0 0.125 0 0 0 0 0 

608 592 429 53 0 0.540541 0 0 0 0 0 0 0 0 0 0 0 0 0 0 0 0 0 0 0 0.0555556 0.0555556 0.111111 0.0555556 0.388889 0.166667 0.0555556 0.111111 0 0 0 0 0 0 

576 550 395 53 0 0.581818 0 0 0 0 0 0 0 0 0 0 0 0 0 0 0 0 0 0 0 0 0.0588235 0.0588235 0.294118 0.235294 0.235294 0.117647 0 0 0 0 0 0 0 

608 592 427 53 0 0.540541 0 0 0 0 0 0 0 0 0 0 0 0 0 0 0 0 0 0 0 0 0 0.0555556 0.388889 0.333333 0.166667 0 0.0555556 0 0 0 0 0 0 

544 525 391 53 0 0.609524 0 0 0 0 0 0 0 0 0 0 0 0 0 0 0 0 0 0 0 0 0 0 0.25 0.1875 0.3125 0.1875 0.0625 0 0 0 0 0 0 

544 534 399 53 0 0.599251 0 0 0 0 0 0 0 0 0 0 0 0 0 0 0 0 0 0 0 0 0 0.0625 0.3125 0.125 0.25 0.0625 0.125 0.0625 0 0 0 0 0 

544 534 400 53 0 0.599251 0 0 0 0 0 0 0 0 0 0 0 0 0 0 0 0 0 0 0 0 0.0625 0.0625 0.0625 0.125 0.375 0.3125 0 0 0 0 0 0 0 

544 534 394 53 0 0.599251 0 0 0 0 0 0 0 0 0 0 0 0 0 0 0 0 0 0 0 0 0 0.1875 0.1875 0.0625 0.375 0.125 0.0625 0 0 0 0 0 0 

608 592 432 53 0 0.540541 0 0 0 0 0 0 0 0 0 0 0 0 0 0 0 0 0 0 0 0 0.0555556 0.111111 0.277778 0.166667 0.222222 0.0555556 0.0555556 0 0.0555556 0 0 0 0 

608 592 430 53 0 0.540541 0 0 0 0 0 0 0 0 0 0 0 0 0 0 0 0 0 0 0 0 0 0.222222 0.166667 0.166667 0.277778 0.166667 0 0 0 0 0 0 0 

576 549 402 53 0 0.582878 0 0 0 0 0 0 0 0 0 0 0 0 0 0 0 0 0 0 0 0 0.0588235 0.0588235 0.235294 0.176471 0.117647 0.294118 0.0588235 0 0 0 0 0 0 

576 550 404 53 0 0.581818 0 0 0 0 0 0 0 0 0 0 0 0 0 0 0 0 0 0 0.0588235 0 0 0.117647 0.0588235 0.235294 0.235294 0.117647 0.176471 0 0 0 0 0 0 

544 534 394 53 0 0.599251 0 0 0 0 0 0 0 0 0 0 0 0 0 0 0 0 0 0 0 0 0 0.125 0.1875 0.1875 0.3125 0.1875 0 0 0 0 0 0 0 

576 550 407 53 0 0.581818 0 0 0 0 0 0 0 0 0 0 0 0 0 0 0 0 0 0 0 0 0 0.176471 0.176471 0.0588235 0.176471 0.294118 0.117647 0 0 0 0 0 0 

576 550 411 53 0 0.581818 0 0 0 0 0 0 0 0 0 0 0 0 0 0 0 0 0 0 0 0 0.0588235 0 0.117647 0.176471 0.294118 0.235294 0.117647 0 0 0 0 0 0 

608 592 433 53 0 0.540541 0 0 0 0 0 0 0 0 0 0 0 0 0 0 0 0 0 0 0 0 0.0555556 0.111111 0.111111 0.222222 0.388889 0.0555556 0.0555556 0 0 0 0 0 0 

608 592 433 53 0 0.540541 0 0 0 0 0 0 0 0 0 0 0 0 0 0 0 0 0 0 0.0555556 0 0 0.111111 0.222222 0.166667 0.166667 0.166667 0.0555556 0.0555556 0 0 0 0 0 

544 527 389 53 0 0.607211 0 0 0 0 0 0 0 0 0 0 0 0 0 0 0 0 0 0 0 0 0 0.125 0.1875 0.25 0.1875 0.125 0.125 0 0 0 0 0 0 

576 550 402 53 0 0.581818 0 0 0 0 0 0 0 0 0 0 0 0 0 0 0 0 0 0 0 0.0588235 0 0 0.176471 0.470588 0.0588235 0.0588235 0.176471 0 0 0 0 0 0 

576 550 406 53 0 0.581818 0 0 0 0 0 0 0 0 0 0 0 0 0 0 0 0 0 0 0 0 0.0588235 0.0588235 0.176471 0.235294 0.176471 0.117647 0.117647 0.0588235 0 0 0 0 0 

576 550 405 53 0 0.581818 0 0 0 0 0 0 0 0 0 0 0 0 0 0 0 0 0 0 0 0 0 0 0.176471 0.352941 0.352941 0.0588235 0.0588235 0 0 0 0 0 0 

576 550 401 53 0 0.581818 0 0 0 0 0 0 0 0 0 0 0 0 0 0 0 0 0 0 0 0 0.0588235 0.117647 0.117647 0.352941 0.117647 0.0588235 0.176471 0 0 0 0 0 0 

608 592 422 53 0 0.540541 0 0 0 0 0 0 0 0 0 0 0 0 0 0 0 0 0 0 0.0555556 0 0.166667 0.0555556 0.111111 0.222222 0.222222 0.166667 0 0 0 0 0 0 0 

608 592 435 53 0 0.540541 0 0 0 0 0 0 0 0 0 0 0 0 0 0 0 0 0 0 0 0 0.0555556 0.111111 0.111111 0.166667 0.388889 0.111111 0.0555556 0 0 0 0 0 0 

544 520 396 53 0 0.615385 0 0 0 0 0 0 0 0 0 0 0 0 0 0 0 0 0 0 0 0 0 0 0.125 0.125 0.4375 0.125 0.0625 0.125 0 0 0 0 0 

544 520 385 53 0 0.615385 0 0 0 0 0 0 0 0 0 0 0 0 0 0 0 0 0 0 0 0 0 0.1875 0.0625 0.3125 0.0625 0.25 0.0625 0.0625 0 0 0 0 0 

576 551 400 53 0 0.580762 0 0 0 0 0 0 0 0 0 0 0 0 0 0 0 0 0 0 0 0 0.176471 0.0588235 0.0588235 0.176471 0.294118 0.176471 0.0588235 0 0 0 0 0 0 

544 534 386 53 0 0.599251 0 0 0 0 0 0 0 0 0 0 0 0 0 0 0 0 0 0 0 0.0625 0.0625 0.0625 0.25 0.25 0.125 0.125 0.0625 0 0 0 0 0 0 

736 718 519 53 0 0.445682 0 0 0 0 0 0 0 0 0 0 0 0 0 0 0 0 0 0 0.0454545 0 0 0.181818 0.136364 0.227273 0.227273 0.136364 0 0.0454545 0 0 0 0 0 

576 550 403 53 0 0.581818 0 0 0 0 0 0 0 0 0 0 0 0 0 0 0 0 0 0 0 0 0.0588235 0 0.117647 0.352941 0.294118 0.176471 0 0 0 0 0 0 0 

608 592 425 53 0 0.540541 0 0 0 0 0 0 0 0 0 0 0 0 0 0 0 0 0 0.0555556 0 0 0 0.111111 0.222222 0.277778 0.222222 0.0555556 0.0555556 0 0 0 0 0 0 

576 550 410 53 0 0.581818 0 0 0 0 0 0 0 0 0 0 0 0 0 0 0 0 0 0 0 0 0.0588235 0.117647 0.117647 0.0588235 0.176471 0.294118 0.176471 0 0 0 0 0 0 

576 550 393 53 0 0.581818 0 0 0 0 0 0 0 0 0 0 0 0 0 0 0 0 0 0 0 0 0.117647 0.0588235 0.117647 0.411765 0.235294 0.0588235 0 0 0 0 0 0 0 

576 551 395 53 0 0.580762 0 0 0 0 0 0 0 0 0 0 0 0 0 0 0 0 0 0 0 0 0.0588235 0.176471 0.235294 0.235294 0.117647 0.0588235 0.117647 0 0 0 0 0 0 

608 592 422 53 0 0.540541 0 0 0 0 0 0 0 0 0 0 0 0 0 0 0 0 0 0 0 0 0.111111 0.111111 0.277778 0.166667 0.277778 0.0555556 0 0 0 0 0 0 0 

576 550 398 53 0 0.581818 0 0 0 0 0 0 0 0 0 0 0 0 0 0 0 0 0 0 0 0.0588235 0 0.0588235 0.294118 0.117647 0.294118 0.117647 0.0588235 0 0 0 0 0 0 

736 716 520 53 0 0.446927 0 0 0 0 0 0 0 0 0 0 0 0 0 0 0 0 0 0 0 0 0.0454545 0.227273 0.0454545 0.227273 0.272727 0.0909091 0.0909091 0 0 0 0 0 0 

544 525 393 53 0 0.609524 0 0 0 0 0 0 0 0 0 0 0 0 0 0 0 0 0 0 0 0 0 0 0.25 0.1875 0.25 0.1875 0.125 0 0 0 0 0 0 

608 592 430 53 0 0.540541 0 0 0 0 0 0 0 0 0 0 0 0 0 0 0 0 0 0 0 0 0.0555556 0.0555556 0.166667 0.333333 0.333333 0.0555556 0 0 0 0 0 0 0 

576 550 398 53 0 0.581818 0 0 0 0 0 0 0 0 0 0 0 0 0 0 0 0 0 0 0 0 0 0.117647 0.294118 0.294118 0.117647 0.0588235 0.117647 0 0 0 0 0 0 

576 550 400 53 0 0.581818 0 0 0 0 0 0 0 0 0 0 0 0 0 0 0 0 0 0 0 0 0.0588235 0.117647 0.176471 0.117647 0.352941 0.117647 0.0588235 0 0 0 0 0 0 

576 550 398 53 0 0.581818 0 0 0 0 0 0 0 0 0 0 0 0 0 0 0 0 0 0 0.0588235 0 0 0.117647 0.235294 0.117647 0.294118 0.0588235 0.0588235 0.0588235 0 0 0 0 0 

576 550 395 53 0 0.581818 0 0 0 0 0 0 0 0 0 0 0 0 0 0 0 0 0 0 0 0 0.117647 0.117647 0.235294 0.117647 0.176471 0.176471 0.0588235 0 0 0 0 0 0 

544 525 397 53 0 0.609524 0 0 0 0 0 0 0 0 0 0 0 0 0 0 0 0 0 0 0 0 0 0.0625 0.0625 0.1875 0.3125 0.25 0.125 0 0 0 0 0 0 

576 550 400 53 0 0.581818 0 0 0 0 0 0 0 0 0 0 0 0 0 0 0 0 0 0 0 0 0 0.117647 0.176471 0.294118 0.294118 0.0588235 0.0588235 0 0 0 0 0 0 

608 592 420 53 0 0.540541 0 0 0 0 0 0 0 0 0 0 0 0 0 0 0 0 0 0 0 0.111111 0.0555556 0.0555556 0.222222 0.277778 0.166667 0.111111 0 0 0 0 0 0 0 

544 527 396 53 0 0.607211 0 0 0 0 0 0 0 0 0 0 0 0 0 0 0 0 0 0 0 0 0 0 0.0625 0.375 0.375 0.0625 0.125 0 0 0 0 0 0 

608 592 424 53 0 0.540541 0 0 0 0 0 0 0 0 0 0 0 0 0 0 0 0 0 0 0 0 0.111111 0.111111 0.277778 0.166667 0.222222 0.0555556 0.0555556 0 0 0 0 0 0 

544 534 385 53 0 0.599251 0 0 0 0 0 0 0 0 0 0 0 0 0 0 0 0 0 0 0.0625 0 0 0.1875 0.125 0.3125 0.1875 0.0625 0.0625 0 0 0 0 0 0 

576 550 403 53 0 0.581818 0 0 0 0 0 0 0 0 0 0 0 0 0 0 0 0 0 0 0.0588235 0 0.0588235 0 0.117647 0.235294 0.294118 0.0588235 0.176471 0 0 0 0 0 0 

576 550 393 53 0 0.581818 0 0 0 0 0 0 0 0 0 0 0 0 0 0 0 0 0 0 0 0 0.0588235 0.176471 0.235294 0.0588235 0.411765 0.0588235 0 0 0 0 0 0 0 

544 524 397 53 0 0.610687 0 0 0 0 0 0 0 0 0 0 0 0 0 0 0 0 0 0 0 0 0 0 0.0625 0.125 0.5625 0.1875 0.0625 0 0 0 0 0 0 

576 550 406 53 0 0.581818 0 0 0 0 0 0 0 0 0 0 0 0 0 0 0 0 0 0 0 0.0588235 0 0.117647 0.117647 0.0588235 0.352941 0.176471 0.0588235 0.0588235 0 0 0 0 0 

608 592 423 53 0 0.540541 0 0 0 0 0 0 0 0 0 0 0 0 0 0 0 0 0 0 0.0555556 0 0 0.166667 0.111111 0.444444 0.111111 0.111111 0 0 0 0 0 0 0 

576 550 410 53 0 0.581818 0 0 0 0 0 0 0 0 0 0 0 0 0 0 0 0 0 0 0 0 0.0588235 0.117647 0.117647 0.176471 0.0588235 0.235294 0.176471 0.0588235 0 0 0 0 0 

