2208 2191 1603 99 0 0.73026 0 0 0 0 0 0 0 0 0 0 0 0 0 0 0 0 0 0 0 0.0441176 0 0.117647 0.176471 0.191176 0.176471 0.161765 0.0882353 0.0441176 0 0 0 0 0 

2208 2185 1603 101 0 0.732265 0 0 0 0 0 0 0 0 0 0 0 0 0 0 0 0 0 0 0 0 0.0147059 0.0882353 0.161765 0.235294 0.264706 0.161765 0.0588235 0.0147059 0 0 0 0 0 

2208 2189 1602 95 0 0.730927 0 0 0 0 0 0 0 0 0 0 0 0 0 0 0 0 0 0 0.0147059 0 0.0441176 0.0588235 0.102941 0.279412 0.264706 0.191176 0.0294118 0.0147059 0 0 0 0 0 

2240 2215 1603 100 0 0.722348 0 0 0 0 0 0 0 0 0 0 0 0 0 0 0 0 0 0 0.0289855 0.0144928 0.057971 0.144928 0.115942 0.144928 0.246377 0.130435 0.0724638 0.0289855 0.0144928 0 0 0 0 

2176 2164 1602 95 0 0.739372 0 0 0 0 0 0 0 0 0 0 0 0 0 0 0 0 0 0 0 0 0.0597015 0.0447761 0.164179 0.19403 0.223881 0.164179 0.104478 0.0447761 0 0 0 0 0 

2208 2196 1602 95 0 0.728597 0 0 0 0 0 0 0 0 0 0 0 0 0 0 0 0 0 0 0 0 0.0294118 0.117647 0.147059 0.323529 0.132353 0.161765 0.0735294 0.0147059 0 0 0 0 0 

2240 2218 1603 109 0 0.721371 0 0 0 0 0 0 0 0 0 0 0 0 0 0 0 0 0.0144928 0 0 0.0144928 0.057971 0.057971 0.217391 0.202899 0.231884 0.115942 0.057971 0.0289855 0 0 0 0 0 

2208 2200 1601 90 0 0.727273 0 0 0 0 0 0 0 0 0 0 0 0 0 0 0 0 0 0 0 0 0.0735294 0.0735294 0.147059 0.279412 0.25 0.0735294 0.0882353 0.0147059 0 0 0 0 0 

2208 2184 1602 96 0 0.732601 0 0 0 0 0 0 0 0 0 0 0 0 0 0 0 0 0 0 0 0 0.0294118 0.0735294 0.147059 0.220588 0.294118 0.176471 0.0588235 0 0 0 0 0 0 

2208 2186 1602 89 0 0.73193 0 0 0 0 0 0 0 0 0 0 0 0 0 0 0 0 0 0 0.0147059 0.0147059 0.0441176 0.0441176 0.205882 0.205882 0.117647 0.220588 0.117647 0.0147059 0 0 0 0 0 

