640 618 458 56 0 0.582524 0 0 0 0 0 0 0 0 0 0 0 0 0 0 0 0 0 0 0 0 0.0526316 0.157895 0.0526316 0.210526 0.210526 0.157895 0.0526316 0.105263 0 0 0 0 0 

512 505 382 56 0 0.712871 0 0 0 0 0 0 0 0 0 0 0 0 0 0 0 0 0 0 0 0 0 0.0666667 0.0666667 0.266667 0.333333 0.133333 0.133333 0 0 0 0 0 0 

640 618 445 56 0 0.582524 0 0 0 0 0 0 0 0 0 0 0 0 0 0 0 0 0 0 0 0 0 0.157895 0.210526 0.315789 0.210526 0.105263 0 0 0 0 0 0 0 

640 617 455 56 0 0.583468 0 0 0 0 0 0 0 0 0 0 0 0 0 0 0 0 0 0 0 0 0.0526316 0 0.157895 0.263158 0.263158 0.263158 0 0 0 0 0 0 0 

640 618 448 56 0 0.582524 0 0 0 0 0 0 0 0 0 0 0 0 0 0 0 0 0.0526316 0 0 0 0.105263 0 0.0526316 0.263158 0.315789 0.157895 0.0526316 0 0 0 0 0 0 

736 716 518 56 0 0.502793 0 0 0 0 0 0 0 0 0 0 0 0 0 0 0 0 0 0 0 0 0.0454545 0.136364 0.181818 0.363636 0.0909091 0.0909091 0.0454545 0.0454545 0 0 0 0 0 

512 505 378 56 0 0.712871 0 0 0 0 0 0 0 0 0 0 0 0 0 0 0 0 0 0 0 0 0.0666667 0.0666667 0.2 0.266667 0.0666667 0.133333 0.0666667 0.133333 0 0 0 0 0 

640 618 441 56 0 0.582524 0 0 0 0 0 0 0 0 0 0 0 0 0 0 0 0 0 0 0 0.0526316 0.157895 0.105263 0 0.263158 0.263158 0.157895 0 0 0 0 0 0 0 

512 505 385 56 0 0.712871 0 0 0 0 0 0 0 0 0 0 0 0 0 0 0 0 0 0 0 0 0 0 0.133333 0.266667 0.266667 0.2 0.0666667 0.0666667 0 0 0 0 0 

640 618 443 56 0 0.582524 0 0 0 0 0 0 0 0 0 0 0 0 0 0 0 0 0 0 0.0526316 0.0526316 0.0526316 0.0526316 0.157895 0.210526 0.263158 0.105263 0 0.0526316 0 0 0 0 0 

