608 589 434 53 0 0.543294 0 0 0 0 0 0 0 0 0 0 0 0 0 0 0 0 0 0 0 0 0.0555556 0.166667 0.111111 0.111111 0.277778 0.222222 0 0 0.0555556 0 0 0 0 

576 553 414 53 0 0.578662 0 0 0 0 0 0 0 0 0 0 0 0 0 0 0 0 0 0 0 0 0.117647 0 0.0588235 0.176471 0.294118 0.176471 0.117647 0.0588235 0 0 0 0 0 

576 563 429 53 0 0.568384 0 0 0 0 0 0 0 0 0 0 0 0 0 0 0 0 0 0 0 0 0 0 0.117647 0.117647 0.411765 0.235294 0.117647 0 0 0 0 0 0 

544 530 401 53 0 0.603774 0 0 0 0 0 0 0 0 0 0 0 0 0 0 0 0 0 0 0 0 0.0625 0 0.1875 0.0625 0.1875 0.375 0.125 0 0 0 0 0 0 

672 653 458 53 0 0.490046 0 0 0 0 0 0 0 0 0 0 0 0 0 0 0 0 0 0 0 0.1 0.15 0.1 0.1 0.3 0.15 0.05 0.05 0 0 0 0 0 0 

608 590 428 53 0 0.542373 0 0 0 0 0 0 0 0 0 0 0 0 0 0 0 0 0 0 0 0 0.166667 0.111111 0.0555556 0.166667 0.333333 0.0555556 0.111111 0 0 0 0 0 0 

576 550 394 53 0 0.581818 0 0 0 0 0 0 0 0 0 0 0 0 0 0 0 0 0 0 0 0 0 0.117647 0.235294 0.470588 0.117647 0 0.0588235 0 0 0 0 0 0 

544 529 394 53 0 0.604915 0 0 0 0 0 0 0 0 0 0 0 0 0 0 0 0 0 0 0 0 0.125 0 0.125 0.1875 0.25 0.125 0.1875 0 0 0 0 0 0 

608 584 425 53 0 0.547945 0 0 0 0 0 0 0 0 0 0 0 0 0 0 0 0 0 0 0.0555556 0 0 0 0.222222 0.222222 0.333333 0.166667 0 0 0 0 0 0 0 

576 554 405 53 0 0.577617 0 0 0 0 0 0 0 0 0 0 0 0 0 0 0 0 0 0 0 0 0.176471 0.0588235 0.117647 0.0588235 0.352941 0.176471 0 0 0.0588235 0 0 0 0 

608 594 425 53 0 0.538721 0 0 0 0 0 0 0 0 0 0 0 0 0 0 0 0 0 0 0 0 0.166667 0.0555556 0.277778 0.166667 0.222222 0.0555556 0.0555556 0 0 0 0 0 0 

544 528 368 53 0 0.606061 0 0 0 0 0 0 0 0 0 0 0 0 0 0 0 0 0 0.0625 0 0.0625 0.0625 0.125 0.25 0.25 0.0625 0.125 0 0 0 0 0 0 0 

512 504 365 53 0 0.634921 0 0 0 0 0 0 0 0 0 0 0 0 0 0 0 0 0 0 0.0666667 0 0.0666667 0.133333 0.133333 0.133333 0.333333 0.0666667 0.0666667 0 0 0 0 0 0 

640 616 443 53 0 0.519481 0 0 0 0 0 0 0 0 0 0 0 0 0 0 0 0 0 0 0 0.0526316 0.0526316 0.0526316 0.157895 0.421053 0.105263 0.105263 0 0.0526316 0 0 0 0 0 

480 470 348 53 0 0.680851 0 0 0 0 0 0 0 0 0 0 0 0 0 0 0 0 0 0 0 0 0 0.142857 0.142857 0.285714 0.214286 0.142857 0.0714286 0 0 0 0 0 0 

544 534 400 53 0 0.599251 0 0 0 0 0 0 0 0 0 0 0 0 0 0 0 0 0 0 0 0 0 0.0625 0.1875 0.1875 0.25 0.25 0.0625 0 0 0 0 0 0 

576 553 403 53 0 0.578662 0 0 0 0 0 0 0 0 0 0 0 0 0 0 0 0 0 0 0.0588235 0.0588235 0.0588235 0 0.176471 0.0588235 0.294118 0.176471 0.0588235 0.0588235 0 0 0 0 0 

480 467 340 53 0 0.685225 0 0 0 0 0 0 0 0 0 0 0 0 0 0 0 0 0 0 0 0 0.0714286 0.0714286 0.142857 0.357143 0.285714 0.0714286 0 0 0 0 0 0 0 

480 452 335 53 0 0.707965 0 0 0 0 0 0 0 0 0 0 0 0 0 0 0 0 0 0 0 0 0 0.0714286 0.142857 0.214286 0.428571 0 0.0714286 0.0714286 0 0 0 0 0 

704 692 497 53 0 0.462428 0 0 0 0 0 0 0 0 0 0 0 0 0 0 0 0 0 0 0 0 0.047619 0.238095 0.190476 0.238095 0.0952381 0.142857 0.047619 0 0 0 0 0 0 

448 437 321 48 0 0.732265 0 0 0 0 0 0 0 0 0 0 0 0 0 0 0 0 0 0 0 0 0.153846 0 0.230769 0.153846 0.153846 0.307692 0 0 0 0 0 0 0 

608 590 427 53 0 0.542373 0 0 0 0 0 0 0 0 0 0 0 0 0 0 0 0 0 0 0 0 0.0555556 0 0.333333 0.277778 0.277778 0 0.0555556 0 0 0 0 0 0 

608 597 430 53 0 0.536013 0 0 0 0 0 0 0 0 0 0 0 0 0 0 0 0 0 0.0555556 0 0.0555556 0.0555556 0.111111 0.166667 0.166667 0.0555556 0.222222 0.111111 0 0 0 0 0 0 

608 591 451 53 0 0.541455 0 0 0 0 0 0 0 0 0 0 0 0 0 0 0 0 0 0 0 0 0 0 0.0555556 0.166667 0.388889 0.277778 0.111111 0 0 0 0 0 0 

512 492 360 53 0 0.650406 0 0 0 0 0 0 0 0 0 0 0 0 0 0 0 0 0 0 0 0.0666667 0 0.133333 0.2 0.0666667 0.2 0.266667 0.0666667 0 0 0 0 0 0 

608 591 433 53 0 0.541455 0 0 0 0 0 0 0 0 0 0 0 0 0 0 0 0 0 0 0 0 0.0555556 0.0555556 0.222222 0.277778 0.111111 0.222222 0.0555556 0 0 0 0 0 0 

544 530 388 53 0 0.603774 0 0 0 0 0 0 0 0 0 0 0 0 0 0 0 0 0 0 0 0.0625 0 0 0.3125 0.25 0.125 0.1875 0.0625 0 0 0 0 0 0 

544 525 390 53 0 0.609524 0 0 0 0 0 0 0 0 0 0 0 0 0 0 0 0 0 0 0 0 0 0.0625 0.0625 0.4375 0.1875 0.1875 0.0625 0 0 0 0 0 0 

544 523 379 53 0 0.611855 0 0 0 0 0 0 0 0 0 0 0 0 0 0 0 0 0 0 0 0 0.0625 0.1875 0.25 0.125 0.125 0.0625 0.1875 0 0 0 0 0 0 

576 562 410 53 0 0.569395 0 0 0 0 0 0 0 0 0 0 0 0 0 0 0 0 0 0 0 0 0.0588235 0 0.117647 0.529412 0.235294 0.0588235 0 0 0 0 0 0 0 

544 523 386 53 0 0.611855 0 0 0 0 0 0 0 0 0 0 0 0 0 0 0 0 0 0 0 0 0 0.125 0.1875 0.0625 0.5 0 0.125 0 0 0 0 0 0 

640 616 444 53 0 0.519481 0 0 0 0 0 0 0 0 0 0 0 0 0 0 0 0 0 0 0 0 0.157895 0.157895 0.0526316 0.210526 0.210526 0.105263 0.0526316 0.0526316 0 0 0 0 0 

608 593 433 53 0 0.539629 0 0 0 0 0 0 0 0 0 0 0 0 0 0 0 0 0 0 0 0 0.0555556 0.111111 0.222222 0.222222 0.222222 0.0555556 0.0555556 0.0555556 0 0 0 0 0 

576 563 419 53 0 0.568384 0 0 0 0 0 0 0 0 0 0 0 0 0 0 0 0 0 0 0 0 0.117647 0 0.0588235 0.235294 0.235294 0.352941 0 0 0 0 0 0 0 

480 457 341 53 0 0.700219 0 0 0 0 0 0 0 0 0 0 0 0 0 0 0 0 0 0 0 0 0 0.0714286 0.142857 0.0714286 0.428571 0.285714 0 0 0 0 0 0 0 

576 549 412 53 0 0.582878 0 0 0 0 0 0 0 0 0 0 0 0 0 0 0 0 0 0 0 0 0 0 0.117647 0.294118 0.235294 0.235294 0.117647 0 0 0 0 0 0 

512 489 367 53 0 0.654397 0 0 0 0 0 0 0 0 0 0 0 0 0 0 0 0 0 0 0 0 0 0.0666667 0 0.266667 0.333333 0.333333 0 0 0 0 0 0 0 

512 494 369 53 0 0.647773 0 0 0 0 0 0 0 0 0 0 0 0 0 0 0 0 0 0 0 0 0.0666667 0 0.133333 0.2 0.266667 0.266667 0.0666667 0 0 0 0 0 0 

576 557 398 53 0 0.574506 0 0 0 0 0 0 0 0 0 0 0 0 0 0 0 0 0 0.0588235 0.0588235 0.0588235 0.117647 0.0588235 0.0588235 0.0588235 0.235294 0.117647 0.117647 0.0588235 0 0 0 0 0 

576 552 408 53 0 0.57971 0 0 0 0 0 0 0 0 0 0 0 0 0 0 0 0 0 0 0 0.0588235 0 0 0.0588235 0.352941 0.294118 0.176471 0.0588235 0 0 0 0 0 0 

512 499 374 53 0 0.641283 0 0 0 0 0 0 0 0 0 0 0 0 0 0 0 0 0 0 0 0 0 0.0666667 0.266667 0.2 0.133333 0.133333 0.133333 0.0666667 0 0 0 0 0 

512 496 366 53 0 0.645161 0 0 0 0 0 0 0 0 0 0 0 0 0 0 0 0 0 0 0 0 0 0 0.266667 0.266667 0.4 0 0.0666667 0 0 0 0 0 0 

480 459 339 53 0 0.697168 0 0 0 0 0 0 0 0 0 0 0 0 0 0 0 0 0 0 0 0.0714286 0.0714286 0 0.142857 0.214286 0.142857 0.214286 0.0714286 0.0714286 0 0 0 0 0 

640 617 463 53 0 0.518639 0 0 0 0 0 0 0 0 0 0 0 0 0 0 0 0 0 0 0 0 0 0.0526316 0.157895 0.157895 0.315789 0.210526 0 0.105263 0 0 0 0 0 

480 463 350 53 0 0.691145 0 0 0 0 0 0 0 0 0 0 0 0 0 0 0 0 0 0 0 0 0 0 0.214286 0.0714286 0.428571 0.214286 0 0.0714286 0 0 0 0 0 

704 683 486 53 0 0.468521 0 0 0 0 0 0 0 0 0 0 0 0 0 0 0 0 0 0.047619 0 0.047619 0.0952381 0.142857 0.190476 0.047619 0.142857 0.190476 0.047619 0.047619 0 0 0 0 0 

608 582 419 53 0 0.549828 0 0 0 0 0 0 0 0 0 0 0 0 0 0 0 0 0 0 0 0 0 0.222222 0.166667 0.333333 0.0555556 0.166667 0.0555556 0 0 0 0 0 0 

576 553 406 53 0 0.578662 0 0 0 0 0 0 0 0 0 0 0 0 0 0 0 0 0 0 0 0 0 0.0588235 0.352941 0.235294 0 0.235294 0.117647 0 0 0 0 0 0 

576 557 401 53 0 0.574506 0 0 0 0 0 0 0 0 0 0 0 0 0 0 0 0 0 0 0 0.0588235 0.0588235 0.0588235 0.117647 0.352941 0.235294 0.117647 0 0 0 0 0 0 0 

512 497 373 53 0 0.643863 0 0 0 0 0 0 0 0 0 0 0 0 0 0 0 0 0 0 0 0.0666667 0 0 0.0666667 0.266667 0.333333 0.0666667 0.2 0 0 0 0 0 0 

576 556 409 53 0 0.57554 0 0 0 0 0 0 0 0 0 0 0 0 0 0 0 0 0 0 0 0 0 0.117647 0.0588235 0.411765 0.176471 0.235294 0 0 0 0 0 0 0 

544 526 381 53 0 0.608365 0 0 0 0 0 0 0 0 0 0 0 0 0 0 0 0 0 0 0 0 0.0625 0.0625 0.3125 0.3125 0.0625 0.125 0 0.0625 0 0 0 0 0 

544 536 389 53 0 0.597015 0 0 0 0 0 0 0 0 0 0 0 0 0 0 0 0 0 0 0 0.0625 0 0.125 0.1875 0.3125 0.125 0.1875 0 0 0 0 0 0 0 

576 556 404 53 0 0.57554 0 0 0 0 0 0 0 0 0 0 0 0 0 0 0 0 0 0 0 0 0 0.176471 0.117647 0.235294 0.411765 0.0588235 0 0 0 0 0 0 0 

480 462 355 53 0 0.692641 0 0 0 0 0 0 0 0 0 0 0 0 0 0 0 0 0 0 0 0 0 0.0714286 0.142857 0 0.357143 0.214286 0.0714286 0.0714286 0.0714286 0 0 0 0 

544 517 384 53 0 0.618955 0 0 0 0 0 0 0 0 0 0 0 0 0 0 0 0 0 0 0 0 0.0625 0 0.125 0.25 0.25 0.1875 0.125 0 0 0 0 0 0 

576 552 406 53 0 0.57971 0 0 0 0 0 0 0 0 0 0 0 0 0 0 0 0 0 0 0 0 0 0.117647 0.176471 0.117647 0.352941 0.235294 0 0 0 0 0 0 0 

480 460 346 53 0 0.695652 0 0 0 0 0 0 0 0 0 0 0 0 0 0 0 0 0 0 0 0 0.0714286 0 0 0.214286 0.5 0.0714286 0.142857 0 0 0 0 0 0 

512 495 354 53 0 0.646465 0 0 0 0 0 0 0 0 0 0 0 0 0 0 0 0 0 0 0.0666667 0 0.0666667 0.0666667 0.133333 0.4 0.2 0 0.0666667 0 0 0 0 0 0 

576 555 418 53 0 0.576577 0 0 0 0 0 0 0 0 0 0 0 0 0 0 0 0 0 0 0 0 0 0.0588235 0.176471 0.0588235 0.352941 0.235294 0.0588235 0.0588235 0 0 0 0 0 

544 525 376 53 0 0.609524 0 0 0 0 0 0 0 0 0 0 0 0 0 0 0 0 0 0 0.0625 0.0625 0 0.1875 0.125 0.125 0.1875 0.1875 0.0625 0 0 0 0 0 0 

544 528 379 53 0 0.606061 0 0 0 0 0 0 0 0 0 0 0 0 0 0 0 0 0 0 0 0 0.1875 0.0625 0.1875 0.1875 0.1875 0.1875 0 0 0 0 0 0 0 

640 625 443 53 0 0.512 0 0 0 0 0 0 0 0 0 0 0 0 0 0.0526316 0 0 0 0 0.0526316 0 0.0526316 0.0526316 0.157895 0.210526 0.315789 0.0526316 0 0.0526316 0 0 0 0 0 

544 521 384 53 0 0.614203 0 0 0 0 0 0 0 0 0 0 0 0 0 0 0 0 0 0 0.0625 0 0 0 0.1875 0.1875 0.25 0.25 0.0625 0 0 0 0 0 0 

608 588 432 53 0 0.544218 0 0 0 0 0 0 0 0 0 0 0 0 0 0 0 0 0 0 0 0 0.0555556 0.0555556 0.166667 0.222222 0.333333 0.0555556 0.111111 0 0 0 0 0 0 

576 559 405 53 0 0.572451 0 0 0 0 0 0 0 0 0 0 0 0 0 0 0 0 0 0 0 0.0588235 0.117647 0 0.0588235 0.352941 0.235294 0.176471 0 0 0 0 0 0 0 

576 554 396 53 0 0.577617 0 0 0 0 0 0 0 0 0 0 0 0 0 0 0 0 0 0 0.0588235 0 0.0588235 0.0588235 0.294118 0.235294 0.176471 0 0.0588235 0.0588235 0 0 0 0 0 

576 559 412 53 0 0.572451 0 0 0 0 0 0 0 0 0 0 0 0 0 0 0 0 0 0 0 0 0.0588235 0.0588235 0.176471 0.176471 0.294118 0.176471 0.0588235 0 0 0 0 0 0 

480 465 346 53 0 0.688172 0 0 0 0 0 0 0 0 0 0 0 0 0 0 0 0 0 0 0 0 0 0.142857 0.0714286 0.428571 0.0714286 0.142857 0.0714286 0.0714286 0 0 0 0 0 

608 588 423 53 0 0.544218 0 0 0 0 0 0 0 0 0 0 0 0 0 0 0 0 0 0 0 0.0555556 0.0555556 0.111111 0.166667 0.222222 0.277778 0 0.111111 0 0 0 0 0 0 

544 523 387 53 0 0.611855 0 0 0 0 0 0 0 0 0 0 0 0 0 0 0 0 0 0 0 0 0 0.0625 0.125 0.3125 0.3125 0.125 0.0625 0 0 0 0 0 0 

544 516 374 53 0 0.620155 0 0 0 0 0 0 0 0 0 0 0 0 0 0 0 0 0 0 0 0.0625 0.0625 0.125 0.0625 0.125 0.3125 0.1875 0.0625 0 0 0 0 0 0 

448 434 321 47 0 0.737327 0 0 0 0 0 0 0 0 0 0 0 0 0 0 0 0 0 0 0 0 0 0.0769231 0.153846 0.384615 0.153846 0.230769 0 0 0 0 0 0 0 

608 593 444 53 0 0.539629 0 0 0 0 0 0 0 0 0 0 0 0 0 0 0 0 0 0 0 0 0 0 0.0555556 0.277778 0.555556 0.111111 0 0 0 0 0 0 0 

480 459 345 53 0 0.697168 0 0 0 0 0 0 0 0 0 0 0 0 0 0 0 0 0 0 0 0 0 0.0714286 0.0714286 0.142857 0.428571 0.214286 0.0714286 0 0 0 0 0 0 

608 592 436 53 0 0.540541 0 0 0 0 0 0 0 0 0 0 0 0 0 0 0 0 0 0 0.0555556 0.0555556 0 0.111111 0.111111 0.111111 0.111111 0.277778 0.166667 0 0 0 0 0 0 

576 554 400 53 0 0.577617 0 0 0 0 0 0 0 0 0 0 0 0 0 0 0 0 0 0 0 0.0588235 0.117647 0.0588235 0.0588235 0.176471 0.352941 0.176471 0 0 0 0 0 0 0 

544 519 385 53 0 0.61657 0 0 0 0 0 0 0 0 0 0 0 0 0 0 0 0 0 0 0 0 0 0.0625 0.1875 0.125 0.4375 0.125 0 0.0625 0 0 0 0 0 

576 561 418 53 0 0.57041 0 0 0 0 0 0 0 0 0 0 0 0 0 0 0 0 0 0 0 0 0.0588235 0.0588235 0.0588235 0.176471 0.411765 0.176471 0.0588235 0 0 0 0 0 0 

480 471 352 53 0 0.679406 0 0 0 0 0 0 0 0 0 0 0 0 0 0 0 0 0 0 0 0 0 0 0.142857 0.428571 0.214286 0.214286 0 0 0 0 0 0 0 

576 563 404 53 0 0.568384 0 0 0 0 0 0 0 0 0 0 0 0 0 0 0 0 0 0 0 0.0588235 0.0588235 0.235294 0.117647 0.176471 0.176471 0.0588235 0.117647 0 0 0 0 0 0 

576 549 399 53 0 0.582878 0 0 0 0 0 0 0 0 0 0 0 0 0 0 0 0 0 0 0 0 0 0.117647 0.117647 0.352941 0.294118 0.117647 0 0 0 0 0 0 0 

576 558 400 53 0 0.573477 0 0 0 0 0 0 0 0 0 0 0 0 0 0 0 0 0 0 0 0 0.0588235 0.235294 0 0.411765 0.235294 0.0588235 0 0 0 0 0 0 0 

544 518 380 53 0 0.617761 0 0 0 0 0 0 0 0 0 0 0 0 0 0 0 0 0 0 0 0 0 0.0625 0.25 0.25 0.1875 0.1875 0.0625 0 0 0 0 0 0 

512 496 365 53 0 0.645161 0 0 0 0 0 0 0 0 0 0 0 0 0 0 0 0 0 0 0 0 0 0 0.4 0.133333 0.333333 0.0666667 0.0666667 0 0 0 0 0 0 

608 586 425 53 0 0.546075 0 0 0 0 0 0 0 0 0 0 0 0 0 0 0 0 0 0 0 0 0.0555556 0.166667 0.0555556 0.277778 0.277778 0.166667 0 0 0 0 0 0 0 

544 524 374 53 0 0.610687 0 0 0 0 0 0 0 0 0 0 0 0 0 0 0 0 0 0 0.0625 0 0.25 0.125 0 0.125 0.125 0.1875 0.0625 0.0625 0 0 0 0 0 

448 434 321 51 0 0.737327 0 0 0 0 0 0 0 0 0 0 0 0 0 0 0 0 0 0 0 0 0.0769231 0 0.153846 0.307692 0.307692 0.0769231 0.0769231 0 0 0 0 0 0 

576 555 414 53 0 0.576577 0 0 0 0 0 0 0 0 0 0 0 0 0 0 0 0 0 0 0 0 0.0588235 0.117647 0.0588235 0.0588235 0.470588 0.0588235 0.117647 0.0588235 0 0 0 0 0 

480 454 331 53 0 0.704846 0 0 0 0 0 0 0 0 0 0 0 0 0 0 0 0 0 0 0 0 0.0714286 0.0714286 0.142857 0.285714 0.214286 0.142857 0.0714286 0 0 0 0 0 0 

640 625 457 53 0 0.512 0 0 0 0 0 0 0 0 0 0 0 0 0 0 0 0 0 0 0 0.0526316 0 0.0526316 0.210526 0.263158 0.263158 0.0526316 0.105263 0 0 0 0 0 0 

576 561 416 53 0 0.57041 0 0 0 0 0 0 0 0 0 0 0 0 0 0 0 0 0 0 0 0.0588235 0 0.0588235 0.0588235 0.411765 0.176471 0.117647 0 0.117647 0 0 0 0 0 

640 627 458 53 0 0.510367 0 0 0 0 0 0 0 0 0 0 0 0 0 0 0 0 0 0 0 0 0 0.105263 0.315789 0.157895 0.210526 0.210526 0 0 0 0 0 0 0 

608 586 430 53 0 0.546075 0 0 0 0 0 0 0 0 0 0 0 0 0 0 0 0 0 0 0 0 0.0555556 0.0555556 0.111111 0.388889 0.111111 0.222222 0.0555556 0 0 0 0 0 0 

608 582 424 53 0 0.549828 0 0 0 0 0 0 0 0 0 0 0 0 0 0 0 0 0 0 0 0 0.0555556 0.0555556 0.166667 0.277778 0.277778 0.111111 0.0555556 0 0 0 0 0 0 

608 589 434 53 0 0.543294 0 0 0 0 0 0 0 0 0 0 0 0 0 0 0 0 0 0 0 0 0.0555556 0.0555556 0.222222 0.111111 0.333333 0.111111 0.111111 0 0 0 0 0 0 

480 467 349 53 0 0.685225 0 0 0 0 0 0 0 0 0 0 0 0 0 0 0 0 0 0 0 0 0 0.142857 0.0714286 0.285714 0.214286 0.214286 0 0.0714286 0 0 0 0 0 

640 620 458 53 0 0.516129 0 0 0 0 0 0 0 0 0 0 0 0 0 0 0 0 0 0 0 0.0526316 0 0.0526316 0.263158 0 0.315789 0.263158 0 0.0526316 0 0 0 0 0 

576 559 414 53 0 0.572451 0 0 0 0 0 0 0 0 0 0 0 0 0 0 0 0 0 0 0.0588235 0.0588235 0 0 0.117647 0.176471 0.235294 0.176471 0.176471 0 0 0 0 0 0 

544 525 388 53 0 0.609524 0 0 0 0 0 0 0 0 0 0 0 0 0 0 0 0 0 0 0 0 0 0.0625 0.1875 0.125 0.5 0.125 0 0 0 0 0 0 0 

