608 586 432 53 0 0.546075 0 0 0 0 0 0 0 0 0 0 0 0 0 0 0 0 0 0 0 0 0 0.0555556 0.222222 0.333333 0.166667 0.111111 0.0555556 0.0555556 0 0 0 0 0 

608 586 435 53 0 0.546075 0 0 0 0 0 0 0 0 0 0 0 0 0 0 0 0 0 0 0 0 0.0555556 0 0.222222 0.166667 0.277778 0.111111 0.166667 0 0 0 0 0 0 

576 548 400 53 0 0.583942 0 0 0 0 0 0 0 0 0 0 0 0 0 0 0 0 0 0 0 0 0.0588235 0.0588235 0.117647 0.411765 0.117647 0.117647 0.117647 0 0 0 0 0 0 

576 548 397 53 0 0.583942 0 0 0 0 0 0 0 0 0 0 0 0 0 0 0 0 0 0 0 0 0.117647 0.117647 0 0.235294 0.352941 0.176471 0 0 0 0 0 0 0 

608 586 434 53 0 0.546075 0 0 0 0 0 0 0 0 0 0 0 0 0 0 0 0 0 0 0 0 0 0.0555556 0.166667 0.222222 0.333333 0.166667 0.0555556 0 0 0 0 0 0 

608 586 430 53 0 0.546075 0 0 0 0 0 0 0 0 0 0 0 0 0 0 0 0 0 0 0 0 0 0.166667 0.222222 0.222222 0.111111 0.111111 0.111111 0.0555556 0 0 0 0 0 

608 597 430 53 0 0.536013 0 0 0 0 0 0 0 0 0 0 0 0 0 0 0 0 0 0 0 0.0555556 0.111111 0.0555556 0.166667 0.277778 0.166667 0.111111 0.0555556 0 0 0 0 0 0 

544 520 389 53 0 0.615385 0 0 0 0 0 0 0 0 0 0 0 0 0 0 0 0 0 0 0 0 0.0625 0.0625 0.1875 0.125 0.0625 0.3125 0.125 0.0625 0 0 0 0 0 

608 586 425 53 0 0.546075 0 0 0 0 0 0 0 0 0 0 0 0 0 0 0 0 0 0 0 0.0555556 0.0555556 0.0555556 0.166667 0.222222 0.222222 0.166667 0.0555556 0 0 0 0 0 0 

576 548 404 53 0 0.583942 0 0 0 0 0 0 0 0 0 0 0 0 0 0 0 0 0 0 0 0 0.0588235 0.0588235 0.117647 0.235294 0.235294 0.176471 0.117647 0 0 0 0 0 0 

736 715 508 53 0 0.447552 0 0 0 0 0 0 0 0 0 0 0 0 0 0 0 0 0 0 0 0.136364 0.0454545 0.0454545 0.136364 0.272727 0.272727 0.0454545 0.0454545 0 0 0 0 0 0 

576 548 408 53 0 0.583942 0 0 0 0 0 0 0 0 0 0 0 0 0 0 0 0 0 0 0 0 0 0.0588235 0.0588235 0.294118 0.294118 0.235294 0.0588235 0 0 0 0 0 0 

608 591 439 53 0 0.541455 0 0 0 0 0 0 0 0 0 0 0 0 0 0 0 0 0 0 0 0 0.0555556 0.111111 0.0555556 0.166667 0.333333 0.222222 0 0.0555556 0 0 0 0 0 

576 548 403 53 0 0.583942 0 0 0 0 0 0 0 0 0 0 0 0 0 0 0 0 0 0 0.0588235 0 0 0 0.235294 0.176471 0.235294 0.176471 0.0588235 0.0588235 0 0 0 0 0 

608 587 416 53 0 0.545145 0 0 0 0 0 0 0 0 0 0 0 0 0 0 0 0 0 0 0 0 0.111111 0.277778 0.222222 0 0.222222 0.111111 0.0555556 0 0 0 0 0 0 

576 548 393 53 0 0.583942 0 0 0 0 0 0 0 0 0 0 0 0 0 0 0 0 0 0 0 0 0.117647 0.0588235 0.117647 0.352941 0.294118 0 0.0588235 0 0 0 0 0 0 

608 587 420 53 0 0.545145 0 0 0 0 0 0 0 0 0 0 0 0 0 0 0 0 0 0 0 0.0555556 0.0555556 0.111111 0.277778 0.166667 0.111111 0.166667 0.0555556 0 0 0 0 0 0 

544 530 386 53 0 0.603774 0 0 0 0 0 0 0 0 0 0 0 0 0 0 0 0 0 0 0 0 0.125 0 0.25 0.3125 0.125 0.0625 0.125 0 0 0 0 0 0 

608 587 422 53 0 0.545145 0 0 0 0 0 0 0 0 0 0 0 0 0 0 0 0 0 0 0 0.0555556 0.111111 0.0555556 0.166667 0.222222 0.166667 0.166667 0.0555556 0 0 0 0 0 0 

576 548 403 53 0 0.583942 0 0 0 0 0 0 0 0 0 0 0 0 0 0 0 0 0 0 0 0 0 0.0588235 0.235294 0.176471 0.352941 0.117647 0 0.0588235 0 0 0 0 0 

576 550 403 53 0 0.581818 0 0 0 0 0 0 0 0 0 0 0 0 0 0 0 0 0 0 0.0588235 0 0.0588235 0 0.117647 0.176471 0.294118 0.235294 0.0588235 0 0 0 0 0 0 

608 586 432 53 0 0.546075 0 0 0 0 0 0 0 0 0 0 0 0 0 0 0 0 0 0 0 0 0 0.111111 0.111111 0.277778 0.277778 0.166667 0.0555556 0 0 0 0 0 0 

608 597 453 53 0 0.536013 0 0 0 0 0 0 0 0 0 0 0 0 0 0 0 0 0 0 0 0 0.0555556 0.0555556 0 0.222222 0.388889 0.111111 0.0555556 0.0555556 0.0555556 0 0 0 0 

608 587 426 53 0 0.545145 0 0 0 0 0 0 0 0 0 0 0 0 0 0 0 0 0.0555556 0 0 0 0 0.166667 0 0.333333 0.277778 0.0555556 0.0555556 0.0555556 0 0 0 0 0 

576 548 406 53 0 0.583942 0 0 0 0 0 0 0 0 0 0 0 0 0 0 0 0 0 0 0 0 0 0.117647 0 0.235294 0.470588 0.117647 0.0588235 0 0 0 0 0 0 

576 548 407 53 0 0.583942 0 0 0 0 0 0 0 0 0 0 0 0 0 0 0 0 0 0 0 0 0.117647 0.0588235 0 0.117647 0.352941 0.235294 0.117647 0 0 0 0 0 0 

544 520 390 53 0 0.615385 0 0 0 0 0 0 0 0 0 0 0 0 0 0 0 0 0 0 0 0.0625 0 0 0.0625 0.25 0.1875 0.3125 0.125 0 0 0 0 0 0 

608 597 434 53 0 0.536013 0 0 0 0 0 0 0 0 0 0 0 0 0 0 0 0 0 0 0 0.111111 0 0.111111 0.111111 0.222222 0.222222 0.166667 0.0555556 0 0 0 0 0 0 

544 530 394 53 0 0.603774 0 0 0 0 0 0 0 0 0 0 0 0 0 0 0 0 0 0 0 0 0 0.1875 0.1875 0.0625 0.25 0.1875 0.0625 0.0625 0 0 0 0 0 

544 530 402 53 0 0.603774 0 0 0 0 0 0 0 0 0 0 0 0 0 0 0 0 0 0 0 0 0 0.0625 0.1875 0.0625 0.1875 0.375 0.125 0 0 0 0 0 0 

576 548 392 53 0 0.583942 0 0 0 0 0 0 0 0 0 0 0 0 0 0 0 0 0 0 0 0.0588235 0.0588235 0.117647 0.0588235 0.411765 0.0588235 0.235294 0 0 0 0 0 0 0 

576 548 408 53 0 0.583942 0 0 0 0 0 0 0 0 0 0 0 0 0 0 0 0 0 0 0 0 0.0588235 0 0.117647 0.235294 0.352941 0.117647 0 0.117647 0 0 0 0 0 

608 594 430 53 0 0.538721 0 0 0 0 0 0 0 0 0 0 0 0 0 0 0 0 0 0 0 0.0555556 0 0.0555556 0.333333 0.222222 0.166667 0.111111 0.0555556 0 0 0 0 0 0 

608 587 425 53 0 0.545145 0 0 0 0 0 0 0 0 0 0 0 0 0 0 0 0 0 0 0 0 0.0555556 0.166667 0.166667 0.166667 0.277778 0.111111 0.0555556 0 0 0 0 0 0 

608 586 438 53 0 0.546075 0 0 0 0 0 0 0 0 0 0 0 0 0 0 0 0 0 0 0 0 0 0.0555556 0.111111 0.222222 0.388889 0.111111 0.0555556 0.0555556 0 0 0 0 0 

608 586 435 53 0 0.546075 0 0 0 0 0 0 0 0 0 0 0 0 0 0 0 0 0 0 0 0 0 0.0555556 0.222222 0.166667 0.333333 0.111111 0.0555556 0.0555556 0 0 0 0 0 

544 530 385 53 0 0.603774 0 0 0 0 0 0 0 0 0 0 0 0 0 0 0 0 0 0 0 0 0 0.125 0.375 0.1875 0.125 0.125 0.0625 0 0 0 0 0 0 

576 548 399 53 0 0.583942 0 0 0 0 0 0 0 0 0 0 0 0 0 0 0 0 0 0 0 0.0588235 0.0588235 0 0.235294 0.0588235 0.352941 0.176471 0.0588235 0 0 0 0 0 0 

608 586 425 53 0 0.546075 0 0 0 0 0 0 0 0 0 0 0 0 0 0 0 0 0 0 0 0 0 0.166667 0.222222 0.222222 0.166667 0.222222 0 0 0 0 0 0 0 

608 594 432 53 0 0.538721 0 0 0 0 0 0 0 0 0 0 0 0 0 0 0 0 0 0 0 0 0 0.111111 0.333333 0.222222 0.166667 0.111111 0.0555556 0 0 0 0 0 0 

608 587 425 53 0 0.545145 0 0 0 0 0 0 0 0 0 0 0 0 0 0 0 0 0 0 0 0 0 0.222222 0.111111 0.277778 0.222222 0.166667 0 0 0 0 0 0 0 

544 530 392 53 0 0.603774 0 0 0 0 0 0 0 0 0 0 0 0 0 0 0 0 0 0 0 0.0625 0 0.0625 0.25 0.1875 0.0625 0.1875 0.1875 0 0 0 0 0 0 

640 631 460 53 0 0.507132 0 0 0 0 0 0 0 0 0 0 0 0 0 0 0 0 0 0.0526316 0 0.0526316 0 0 0.263158 0.210526 0.157895 0.157895 0.105263 0 0 0 0 0 0 

608 587 431 53 0 0.545145 0 0 0 0 0 0 0 0 0 0 0 0 0 0 0 0 0 0 0 0 0 0 0.333333 0.222222 0.222222 0.222222 0 0 0 0 0 0 0 

576 548 406 53 0 0.583942 0 0 0 0 0 0 0 0 0 0 0 0 0 0 0 0 0 0 0 0 0.0588235 0 0.176471 0.294118 0.117647 0.235294 0.0588235 0.0588235 0 0 0 0 0 

576 548 407 53 0 0.583942 0 0 0 0 0 0 0 0 0 0 0 0 0 0 0 0 0 0 0 0 0 0.176471 0.176471 0.176471 0.0588235 0.235294 0.0588235 0.0588235 0.0588235 0 0 0 0 

576 548 411 53 0 0.583942 0 0 0 0 0 0 0 0 0 0 0 0 0 0 0 0 0 0 0 0.0588235 0 0.117647 0.117647 0 0.235294 0.176471 0.235294 0.0588235 0 0 0 0 0 

576 548 397 53 0 0.583942 0 0 0 0 0 0 0 0 0 0 0 0 0 0 0 0 0 0 0 0 0.0588235 0.0588235 0.176471 0.235294 0.352941 0.117647 0 0 0 0 0 0 0 

608 586 424 53 0 0.546075 0 0 0 0 0 0 0 0 0 0 0 0 0 0 0 0 0 0 0 0.111111 0.0555556 0.166667 0.0555556 0.166667 0.166667 0.0555556 0.166667 0.0555556 0 0 0 0 0 

608 586 431 53 0 0.546075 0 0 0 0 0 0 0 0 0 0 0 0 0 0 0 0 0 0 0 0 0.111111 0.166667 0 0.222222 0.222222 0.111111 0.0555556 0.111111 0 0 0 0 0 

608 594 433 53 0 0.538721 0 0 0 0 0 0 0 0 0 0 0 0 0 0 0 0 0 0 0 0 0.0555556 0.166667 0.166667 0.222222 0.166667 0.111111 0.111111 0 0 0 0 0 0 

736 713 522 53 0 0.448808 0 0 0 0 0 0 0 0 0 0 0 0 0 0 0 0 0 0 0 0 0.0454545 0.227273 0.0454545 0.0909091 0.318182 0.181818 0.0909091 0 0 0 0 0 0 

608 587 429 53 0 0.545145 0 0 0 0 0 0 0 0 0 0 0 0 0 0 0 0 0 0 0 0 0.111111 0.111111 0 0.388889 0.111111 0.166667 0.111111 0 0 0 0 0 0 

608 586 427 53 0 0.546075 0 0 0 0 0 0 0 0 0 0 0 0 0 0 0 0 0 0 0 0.0555556 0 0.111111 0.222222 0.0555556 0.333333 0.166667 0.0555556 0 0 0 0 0 0 

608 587 434 53 0 0.545145 0 0 0 0 0 0 0 0 0 0 0 0 0 0 0 0 0 0 0 0 0.0555556 0.166667 0.111111 0.111111 0.166667 0.222222 0.166667 0 0 0 0 0 0 

544 530 403 53 0 0.603774 0 0 0 0 0 0 0 0 0 0 0 0 0 0 0 0 0 0 0 0 0 0 0.125 0.25 0.3125 0.125 0.125 0.0625 0 0 0 0 0 

576 548 404 53 0 0.583942 0 0 0 0 0 0 0 0 0 0 0 0 0 0 0 0 0 0 0 0.0588235 0.117647 0 0.0588235 0.176471 0.235294 0.117647 0.235294 0 0 0 0 0 0 

576 548 394 53 0 0.583942 0 0 0 0 0 0 0 0 0 0 0 0 0 0 0 0 0 0 0 0 0 0.235294 0.176471 0.352941 0 0.117647 0.117647 0 0 0 0 0 0 

608 586 444 53 0 0.546075 0 0 0 0 0 0 0 0 0 0 0 0 0 0 0 0 0 0 0 0 0 0 0.0555556 0.277778 0.277778 0.333333 0 0.0555556 0 0 0 0 0 

608 587 425 53 0 0.545145 0 0 0 0 0 0 0 0 0 0 0 0 0 0 0 0 0 0 0 0 0 0.111111 0.222222 0.388889 0.166667 0.0555556 0.0555556 0 0 0 0 0 0 

608 592 434 53 0 0.540541 0 0 0 0 0 0 0 0 0 0 0 0 0 0 0 0 0 0 0 0.0555556 0 0.111111 0.166667 0.166667 0.222222 0.222222 0.0555556 0 0 0 0 0 0 

608 597 440 53 0 0.536013 0 0 0 0 0 0 0 0 0 0 0 0 0 0 0 0 0 0 0 0.0555556 0 0.111111 0.0555556 0.222222 0.333333 0.222222 0 0 0 0 0 0 0 

576 548 392 53 0 0.583942 0 0 0 0 0 0 0 0 0 0 0 0 0 0 0 0 0 0 0 0 0.176471 0.176471 0.0588235 0.176471 0.176471 0.117647 0.117647 0 0 0 0 0 0 

608 594 423 53 0 0.538721 0 0 0 0 0 0 0 0 0 0 0 0 0 0 0 0 0 0 0 0.166667 0 0.222222 0.111111 0.166667 0.111111 0.111111 0.0555556 0.0555556 0 0 0 0 0 

608 587 434 53 0 0.545145 0 0 0 0 0 0 0 0 0 0 0 0 0 0 0 0 0 0 0 0 0.0555556 0.111111 0.166667 0.166667 0.166667 0.166667 0.111111 0.0555556 0 0 0 0 0 

736 715 512 53 0 0.447552 0 0 0 0 0 0 0 0 0 0 0 0 0 0 0 0 0 0 0 0 0.0454545 0.136364 0.272727 0.227273 0.227273 0.0454545 0.0454545 0 0 0 0 0 0 

576 548 404 53 0 0.583942 0 0 0 0 0 0 0 0 0 0 0 0 0 0 0 0 0 0 0 0 0 0.0588235 0.176471 0.235294 0.352941 0.117647 0 0.0588235 0 0 0 0 0 

576 548 404 53 0 0.583942 0 0 0 0 0 0 0 0 0 0 0 0 0 0 0 0 0 0 0 0 0 0.0588235 0.294118 0.176471 0.235294 0.0588235 0.117647 0.0588235 0 0 0 0 0 

608 594 435 53 0 0.538721 0 0 0 0 0 0 0 0 0 0 0 0 0 0 0 0 0 0 0 0.0555556 0 0.0555556 0.222222 0.222222 0.277778 0.0555556 0.111111 0 0 0 0 0 0 

608 586 432 53 0 0.546075 0 0 0 0 0 0 0 0 0 0 0 0 0 0 0 0 0 0 0 0.0555556 0.0555556 0.111111 0.111111 0.111111 0.111111 0.333333 0.0555556 0.0555556 0 0 0 0 0 

576 548 397 53 0 0.583942 0 0 0 0 0 0 0 0 0 0 0 0 0 0 0 0 0 0 0 0 0.0588235 0.117647 0.176471 0.176471 0.294118 0.117647 0.0588235 0 0 0 0 0 0 

608 587 424 53 0 0.545145 0 0 0 0 0 0 0 0 0 0 0 0 0 0 0 0 0 0.0555556 0 0 0 0.111111 0.111111 0.444444 0.0555556 0.166667 0 0.0555556 0 0 0 0 0 

608 587 425 53 0 0.545145 0 0 0 0 0 0 0 0 0 0 0 0 0 0 0 0 0 0 0 0.0555556 0.0555556 0.166667 0.166667 0.111111 0.111111 0.222222 0.111111 0 0 0 0 0 0 

576 548 401 53 0 0.583942 0 0 0 0 0 0 0 0 0 0 0 0 0 0 0 0 0 0 0 0 0.0588235 0.0588235 0.176471 0.176471 0.294118 0.176471 0.0588235 0 0 0 0 0 0 

608 586 436 53 0 0.546075 0 0 0 0 0 0 0 0 0 0 0 0 0 0 0 0 0 0 0 0 0 0 0.222222 0.222222 0.222222 0.333333 0 0 0 0 0 0 0 

608 587 426 53 0 0.545145 0 0 0 0 0 0 0 0 0 0 0 0 0 0 0 0 0 0 0 0.0555556 0 0 0.111111 0.5 0.277778 0.0555556 0 0 0 0 0 0 0 

640 631 444 53 0 0.507132 0 0 0 0 0 0 0 0 0 0 0 0 0 0 0 0 0 0.0526316 0 0 0.210526 0.0526316 0.263158 0.0526316 0.263158 0.105263 0 0 0 0 0 0 0 

576 548 409 53 0 0.583942 0 0 0 0 0 0 0 0 0 0 0 0 0 0 0 0 0 0 0 0.0588235 0 0.0588235 0.0588235 0.117647 0.411765 0.117647 0.117647 0.0588235 0 0 0 0 0 

608 587 423 53 0 0.545145 0 0 0 0 0 0 0 0 0 0 0 0 0 0 0 0 0 0 0 0 0.0555556 0.111111 0.166667 0.388889 0.166667 0.0555556 0.0555556 0 0 0 0 0 0 

608 586 420 53 0 0.546075 0 0 0 0 0 0 0 0 0 0 0 0 0 0 0 0 0 0 0 0 0.0555556 0.111111 0.333333 0.277778 0.0555556 0.111111 0 0.0555556 0 0 0 0 0 

608 587 417 53 0 0.545145 0 0 0 0 0 0 0 0 0 0 0 0 0 0 0 0 0 0 0.0555556 0.0555556 0 0.111111 0.222222 0.166667 0.277778 0.111111 0 0 0 0 0 0 0 

608 587 413 53 0 0.545145 0 0 0 0 0 0 0 0 0 0 0 0 0 0 0 0 0 0 0 0.0555556 0 0.277778 0.166667 0.277778 0.166667 0.0555556 0 0 0 0 0 0 0 

576 548 405 53 0 0.583942 0 0 0 0 0 0 0 0 0 0 0 0 0 0 0 0 0 0 0 0.0588235 0 0 0.0588235 0.470588 0.117647 0.176471 0.0588235 0.0588235 0 0 0 0 0 

576 548 396 53 0 0.583942 0 0 0 0 0 0 0 0 0 0 0 0 0 0 0 0 0 0.0588235 0 0 0 0.0588235 0.176471 0.176471 0.411765 0.0588235 0.0588235 0 0 0 0 0 0 

576 548 408 53 0 0.583942 0 0 0 0 0 0 0 0 0 0 0 0 0 0 0 0 0 0 0 0 0 0.117647 0.117647 0.117647 0.352941 0.117647 0.176471 0 0 0 0 0 0 

576 548 406 53 0 0.583942 0 0 0 0 0 0 0 0 0 0 0 0 0 0 0 0 0 0 0 0 0 0.0588235 0.235294 0.117647 0.294118 0.176471 0.117647 0 0 0 0 0 0 

544 525 391 53 0 0.609524 0 0 0 0 0 0 0 0 0 0 0 0 0 0 0 0 0 0 0.0625 0 0 0.0625 0.125 0.1875 0.125 0.25 0.1875 0 0 0 0 0 0 

608 586 435 53 0 0.546075 0 0 0 0 0 0 0 0 0 0 0 0 0 0 0 0 0 0 0 0 0 0.111111 0.166667 0.111111 0.333333 0.222222 0 0.0555556 0 0 0 0 0 

576 548 403 53 0 0.583942 0 0 0 0 0 0 0 0 0 0 0 0 0 0 0 0 0 0 0 0.0588235 0 0.0588235 0.0588235 0.294118 0.235294 0.235294 0.0588235 0 0 0 0 0 0 

608 597 420 53 0 0.536013 0 0 0 0 0 0 0 0 0 0 0 0 0 0 0 0 0 0 0.111111 0 0 0.222222 0.111111 0.333333 0.166667 0.0555556 0 0 0 0 0 0 0 

608 599 431 53 0 0.534224 0 0 0 0 0 0 0 0 0 0 0 0 0 0 0 0 0 0 0 0.0555556 0 0.166667 0.111111 0.333333 0.333333 0 0 0 0 0 0 0 0 

576 548 405 53 0 0.583942 0 0 0 0 0 0 0 0 0 0 0 0 0 0 0 0 0 0 0 0 0 0.176471 0.117647 0.235294 0.117647 0.176471 0.117647 0.0588235 0 0 0 0 0 

576 548 409 53 0 0.583942 0 0 0 0 0 0 0 0 0 0 0 0 0 0 0 0 0 0 0 0.0588235 0.0588235 0 0.117647 0.0588235 0.294118 0.235294 0.117647 0.0588235 0 0 0 0 0 

576 548 403 53 0 0.583942 0 0 0 0 0 0 0 0 0 0 0 0 0 0 0 0 0 0 0 0 0 0.176471 0.117647 0.235294 0.176471 0.176471 0.0588235 0.0588235 0 0 0 0 0 

608 586 425 53 0 0.546075 0 0 0 0 0 0 0 0 0 0 0 0 0 0 0 0 0 0 0 0 0.0555556 0.166667 0.111111 0.222222 0.277778 0.111111 0.0555556 0 0 0 0 0 0 

608 586 428 53 0 0.546075 0 0 0 0 0 0 0 0 0 0 0 0 0 0 0 0 0 0 0.0555556 0 0 0.166667 0.0555556 0.277778 0.166667 0.111111 0.166667 0 0 0 0 0 0 

576 548 404 53 0 0.583942 0 0 0 0 0 0 0 0 0 0 0 0 0 0 0 0 0 0 0 0 0.0588235 0 0.117647 0.294118 0.294118 0.176471 0.0588235 0 0 0 0 0 0 

608 586 435 53 0 0.546075 0 0 0 0 0 0 0 0 0 0 0 0 0 0 0 0 0 0 0 0 0 0.111111 0.166667 0.111111 0.277778 0.277778 0.0555556 0 0 0 0 0 0 

544 520 387 53 0 0.615385 0 0 0 0 0 0 0 0 0 0 0 0 0 0 0 0 0 0 0 0 0.0625 0.0625 0.3125 0.0625 0.0625 0.125 0.25 0.0625 0 0 0 0 0 

608 586 436 53 0 0.546075 0 0 0 0 0 0 0 0 0 0 0 0 0 0 0 0 0 0 0.0555556 0 0 0.0555556 0.0555556 0.166667 0.333333 0.222222 0.111111 0 0 0 0 0 0 

