1088 1060 751 75 0 0.603774 0 0 0 0 0 0 0 0 0 0 0 0 0 0 0 0 0 0 0 0.0909091 0.0606061 0.0606061 0.151515 0.363636 0.151515 0.0606061 0.0606061 0 0 0 0 0 0 

1152 1124 816 75 0 0.569395 0 0 0 0 0 0 0 0 0 0 0 0 0 0 0 0 0.0285714 0 0 0 0.0285714 0.0571429 0.228571 0.142857 0.285714 0.142857 0.0857143 0 0 0 0 0 0 

1088 1060 779 75 0 0.603774 0 0 0 0 0 0 0 0 0 0 0 0 0 0 0 0 0 0 0.030303 0 0.0606061 0.0606061 0.0606061 0.242424 0.242424 0.151515 0.151515 0 0 0 0 0 0 

1152 1124 806 75 0 0.569395 0 0 0 0 0 0 0 0 0 0 0 0 0 0 0 0 0 0 0 0 0.0571429 0.114286 0.228571 0.314286 0.114286 0.114286 0.0285714 0.0285714 0 0 0 0 0 

1088 1058 773 75 0 0.604915 0 0 0 0 0 0 0 0 0 0 0 0 0 0 0 0 0 0.030303 0 0 0.030303 0.151515 0.121212 0.151515 0.212121 0.151515 0.0909091 0.030303 0.030303 0 0 0 0 

992 971 705 75 0 0.659114 0 0 0 0 0 0 0 0 0 0 0 0 0 0 0 0 0 0 0 0.0333333 0.1 0.0666667 0.166667 0.133333 0.2 0.266667 0 0.0333333 0 0 0 0 0 

1152 1124 826 75 0 0.569395 0 0 0 0 0 0 0 0 0 0 0 0 0 0 0 0 0 0 0 0.0285714 0.0285714 0.114286 0.0857143 0.2 0.2 0.257143 0.0571429 0.0285714 0 0 0 0 0 

1152 1124 817 75 0 0.569395 0 0 0 0 0 0 0 0 0 0 0 0 0 0 0 0 0 0 0 0 0.0285714 0.114286 0.171429 0.142857 0.428571 0.0857143 0 0.0285714 0 0 0 0 0 

1088 1059 772 75 0 0.604344 0 0 0 0 0 0 0 0 0 0 0 0 0 0 0 0 0 0 0 0 0.0606061 0.0606061 0.242424 0.242424 0.0606061 0.242424 0.0606061 0.030303 0 0 0 0 0 

1152 1124 820 75 0 0.569395 0 0 0 0 0 0 0 0 0 0 0 0 0 0 0 0 0 0.0285714 0 0 0.0285714 0.0857143 0.142857 0.171429 0.285714 0.171429 0.0857143 0 0 0 0 0 0 

