3424 3416 2490 120 0 0.468384 0 0 0 0 0 0 0 0 0 0 0 0 0 0 0 0 0 0 0 0.0188679 0.0566038 0.103774 0.132075 0.226415 0.169811 0.198113 0.0943396 0 0 0 0 0 0 

3360 3341 2413 120 0 0.478899 0 0 0 0 0 0 0 0 0 0 0 0 0 0 0 0 0 0.00961538 0 0.0192308 0.0384615 0.125 0.153846 0.163462 0.307692 0.125 0.0576923 0 0 0 0 0 0 

3424 3416 2511 120 0 0.468384 0 0 0 0 0 0 0 0 0 0 0 0 0 0 0 0 0 0 0 0.0188679 0.0377358 0.0377358 0.207547 0.198113 0.235849 0.132075 0.0943396 0.0377358 0 0 0 0 0 

3488 3474 2526 120 0 0.460564 0 0 0 0 0 0 0 0 0 0 0 0 0 0 0 0 0 0 0 0.0462963 0.0648148 0.0462963 0.12037 0.222222 0.277778 0.157407 0.0462963 0.00925926 0.00925926 0 0 0 0 

3488 3472 2530 120 0 0.460829 0 0 0 0 0 0 0 0 0 0 0 0 0 0 0 0 0 0 0 0.00925926 0.037037 0.0833333 0.175926 0.277778 0.166667 0.175926 0.0462963 0.0277778 0 0 0 0 0 

3424 3417 2511 120 0 0.468247 0 0 0 0 0 0 0 0 0 0 0 0 0 0 0 0 0 0 0.0188679 0 0.0188679 0.0566038 0.141509 0.292453 0.235849 0.122642 0.0754717 0.0377358 0 0 0 0 0 

3488 3470 2507 120 0 0.461095 0 0 0 0 0 0 0 0 0 0 0 0 0 0 0 0 0 0 0.00925926 0 0.0925926 0.0925926 0.101852 0.314815 0.157407 0.166667 0.0555556 0.00925926 0 0 0 0 0 

3776 3757 2735 120 0 0.425872 0 0 0 0 0 0 0 0 0 0 0 0 0 0 0 0 0 0 0 0.017094 0.042735 0.0940171 0.153846 0.273504 0.179487 0.111111 0.111111 0.017094 0 0 0 0 0 

3488 3468 2500 120 0 0.461361 0 0 0 0 0 0 0 0 0 0 0 0 0 0 0 0 0 0 0 0.0277778 0.0648148 0.0925926 0.148148 0.296296 0.157407 0.12963 0.0740741 0.00925926 0 0 0 0 0 

3488 3470 2522 120 0 0.461095 0 0 0 0 0 0 0 0 0 0 0 0 0 0 0 0 0 0.0185185 0 0.037037 0.0277778 0.0555556 0.12037 0.305556 0.222222 0.0833333 0.111111 0.0185185 0 0 0 0 0 

