640 629 460 53 0 0.508744 0 0 0 0 0 0 0 0 0 0 0 0 0 0 0 0 0 0 0 0.0526316 0 0.157895 0.105263 0.263158 0.157895 0.210526 0.0526316 0 0 0 0 0 0 

608 581 416 53 0 0.550775 0 0 0 0 0 0 0 0 0 0 0 0 0 0 0 0 0 0 0.0555556 0 0 0.0555556 0.222222 0.277778 0.333333 0.0555556 0 0 0 0 0 0 0 

512 492 355 53 0 0.650406 0 0 0 0 0 0 0 0 0 0 0 0 0 0 0 0 0 0 0 0 0 0.2 0.2 0.2 0.333333 0.0666667 0 0 0 0 0 0 0 

640 619 449 53 0 0.516963 0 0 0 0 0 0 0 0 0 0 0 0 0 0 0 0 0 0 0 0 0.0526316 0.105263 0.210526 0.263158 0.157895 0.157895 0.0526316 0 0 0 0 0 0 

576 561 406 53 0 0.57041 0 0 0 0 0 0 0 0 0 0 0 0 0 0 0 0 0 0 0 0 0 0.235294 0.117647 0.294118 0.294118 0 0.0588235 0 0 0 0 0 0 

608 587 434 53 0 0.545145 0 0 0 0 0 0 0 0 0 0 0 0 0 0 0 0 0 0 0 0 0.0555556 0.0555556 0.111111 0.111111 0.444444 0.222222 0 0 0 0 0 0 0 

608 586 420 53 0 0.546075 0 0 0 0 0 0 0 0 0 0 0 0 0 0 0 0 0 0 0 0.0555556 0.111111 0 0.222222 0.277778 0.166667 0.111111 0.0555556 0 0 0 0 0 0 

544 522 380 53 0 0.613027 0 0 0 0 0 0 0 0 0 0 0 0 0 0 0 0 0 0 0 0 0.1875 0.125 0.125 0.0625 0.125 0.25 0.0625 0.0625 0 0 0 0 0 

576 553 409 53 0 0.578662 0 0 0 0 0 0 0 0 0 0 0 0 0 0 0 0 0 0 0 0 0.117647 0.0588235 0 0.294118 0.176471 0.235294 0.117647 0 0 0 0 0 0 

512 496 364 53 0 0.645161 0 0 0 0 0 0 0 0 0 0 0 0 0 0 0 0 0 0 0 0 0.0666667 0.0666667 0.2 0.266667 0.2 0.0666667 0.133333 0 0 0 0 0 0 

608 587 426 53 0 0.545145 0 0 0 0 0 0 0 0 0 0 0 0 0 0 0 0 0 0 0 0.0555556 0 0.111111 0.111111 0.222222 0.388889 0.111111 0 0 0 0 0 0 0 

544 525 387 53 0 0.609524 0 0 0 0 0 0 0 0 0 0 0 0 0 0 0 0 0 0 0 0 0 0.125 0.375 0.125 0.0625 0.125 0.0625 0.125 0 0 0 0 0 

576 550 404 53 0 0.581818 0 0 0 0 0 0 0 0 0 0 0 0 0 0 0 0 0.0588235 0 0 0 0 0.117647 0.117647 0 0.352941 0.235294 0.117647 0 0 0 0 0 0 

576 556 405 53 0 0.57554 0 0 0 0 0 0 0 0 0 0 0 0 0 0 0 0 0 0 0 0 0 0.117647 0.117647 0.470588 0.176471 0.0588235 0.0588235 0 0 0 0 0 0 

544 526 397 53 0 0.608365 0 0 0 0 0 0 0 0 0 0 0 0 0 0 0 0 0 0 0.0625 0 0.0625 0.0625 0 0.0625 0.25 0.3125 0.0625 0.125 0 0 0 0 0 

640 616 444 53 0 0.519481 0 0 0 0 0 0 0 0 0 0 0 0 0 0 0 0 0 0 0 0 0.0526316 0.105263 0.263158 0.210526 0.210526 0.105263 0.0526316 0 0 0 0 0 0 

576 553 401 53 0 0.578662 0 0 0 0 0 0 0 0 0 0 0 0 0 0 0 0 0 0 0 0 0.117647 0 0.235294 0.117647 0.411765 0.117647 0 0 0 0 0 0 0 

576 556 403 53 0 0.57554 0 0 0 0 0 0 0 0 0 0 0 0 0 0 0 0 0 0 0 0 0 0.176471 0.235294 0.176471 0.294118 0.0588235 0.0588235 0 0 0 0 0 0 

576 554 394 53 0 0.577617 0 0 0 0 0 0 0 0 0 0 0 0 0 0 0 0 0 0 0.0588235 0 0.117647 0.0588235 0.176471 0.176471 0.294118 0.117647 0 0 0 0 0 0 0 

576 549 407 53 0 0.582878 0 0 0 0 0 0 0 0 0 0 0 0 0 0 0 0 0 0 0 0 0.0588235 0.0588235 0.117647 0.117647 0.352941 0.176471 0.117647 0 0 0 0 0 0 

512 497 359 53 0 0.643863 0 0 0 0 0 0 0 0 0 0 0 0 0 0 0 0 0 0 0 0.0666667 0.0666667 0.133333 0 0.333333 0.266667 0.133333 0 0 0 0 0 0 0 

576 558 399 53 0 0.573477 0 0 0 0 0 0 0 0 0 0 0 0 0 0 0 0 0 0.0588235 0 0.0588235 0.0588235 0.117647 0.0588235 0.176471 0.294118 0.117647 0.0588235 0 0 0 0 0 0 

608 593 446 53 0 0.539629 0 0 0 0 0 0 0 0 0 0 0 0 0 0 0 0 0 0 0 0 0.0555556 0 0.222222 0.222222 0 0.277778 0.222222 0 0 0 0 0 0 

576 551 400 53 0 0.580762 0 0 0 0 0 0 0 0 0 0 0 0 0 0 0 0 0 0 0 0 0.0588235 0.0588235 0.176471 0.411765 0 0.294118 0 0 0 0 0 0 0 

608 594 434 53 0 0.538721 0 0 0 0 0 0 0 0 0 0 0 0 0 0 0 0 0 0 0 0 0.0555556 0.0555556 0.166667 0.277778 0.333333 0.111111 0 0 0 0 0 0 0 

544 528 377 53 0 0.606061 0 0 0 0 0 0 0 0 0 0 0 0 0 0 0 0 0 0 0 0 0 0.1875 0.4375 0.125 0.1875 0 0.0625 0 0 0 0 0 0 

576 562 409 53 0 0.569395 0 0 0 0 0 0 0 0 0 0 0 0 0 0 0 0 0 0 0 0 0 0.117647 0.235294 0.294118 0.294118 0 0.0588235 0 0 0 0 0 0 

672 656 486 53 0 0.487805 0 0 0 0 0 0 0 0 0 0 0 0 0 0 0 0 0 0 0 0 0 0.1 0.1 0.35 0.2 0.15 0.1 0 0 0 0 0 0 

480 456 343 53 0 0.701754 0 0 0 0 0 0 0 0 0 0 0 0 0 0 0 0 0 0 0 0 0 0 0.142857 0.214286 0.285714 0.285714 0.0714286 0 0 0 0 0 0 

608 595 444 53 0 0.537815 0 0 0 0 0 0 0 0 0 0 0 0 0 0 0 0 0 0 0 0 0.0555556 0 0.111111 0.388889 0.166667 0.111111 0.166667 0 0 0 0 0 0 

608 585 437 53 0 0.547009 0 0 0 0 0 0 0 0 0 0 0 0 0 0 0 0 0 0 0 0 0.0555556 0.0555556 0.111111 0.166667 0.277778 0.166667 0.111111 0.0555556 0 0 0 0 0 

544 530 390 53 0 0.603774 0 0 0 0 0 0 0 0 0 0 0 0 0 0 0 0 0 0 0 0 0.125 0.0625 0.0625 0.125 0.4375 0.1875 0 0 0 0 0 0 0 

448 430 321 53 0 0.744186 0 0 0 0 0 0 0 0 0 0 0 0 0 0 0 0 0 0 0 0 0 0 0.384615 0.153846 0.0769231 0.307692 0 0.0769231 0 0 0 0 0 

608 587 415 53 0 0.545145 0 0 0 0 0 0 0 0 0 0 0 0 0 0 0 0 0 0 0 0.0555556 0.111111 0.166667 0.0555556 0.388889 0.111111 0.0555556 0.0555556 0 0 0 0 0 0 

608 594 436 53 0 0.538721 0 0 0 0 0 0 0 0 0 0 0 0 0 0 0 0 0 0 0.0555556 0 0.0555556 0.111111 0.0555556 0.222222 0.166667 0.222222 0.111111 0 0 0 0 0 0 

576 554 406 53 0 0.577617 0 0 0 0 0 0 0 0 0 0 0 0 0 0 0 0 0 0 0.0588235 0 0.0588235 0 0.0588235 0.235294 0.411765 0.117647 0.0588235 0 0 0 0 0 0 

608 586 424 53 0 0.546075 0 0 0 0 0 0 0 0 0 0 0 0 0 0 0 0 0 0 0 0 0.111111 0.111111 0.166667 0.222222 0.111111 0.222222 0.0555556 0 0 0 0 0 0 

704 682 491 53 0 0.469208 0 0 0 0 0 0 0 0 0 0 0 0 0 0 0 0 0 0.047619 0 0 0 0.238095 0 0.238095 0.285714 0.190476 0 0 0 0 0 0 0 

608 588 423 53 0 0.544218 0 0 0 0 0 0 0 0 0 0 0 0 0 0 0 0 0 0 0 0 0.111111 0.166667 0.222222 0.0555556 0.277778 0.111111 0 0.0555556 0 0 0 0 0 

608 595 439 53 0 0.537815 0 0 0 0 0 0 0 0 0 0 0 0 0 0 0 0 0 0 0 0 0.111111 0.111111 0.0555556 0.166667 0.222222 0.277778 0.0555556 0 0 0 0 0 0 

544 518 380 53 0 0.617761 0 0 0 0 0 0 0 0 0 0 0 0 0 0 0 0 0 0 0 0.0625 0 0.0625 0 0.3125 0.375 0.1875 0 0 0 0 0 0 0 

608 589 431 53 0 0.543294 0 0 0 0 0 0 0 0 0 0 0 0 0 0 0 0 0 0 0 0.0555556 0.0555556 0.0555556 0.166667 0.166667 0.277778 0.0555556 0.166667 0 0 0 0 0 0 

640 623 458 53 0 0.513644 0 0 0 0 0 0 0 0 0 0 0 0 0 0 0 0 0 0.0526316 0 0 0 0.157895 0.105263 0.210526 0.210526 0.105263 0.0526316 0.0526316 0.0526316 0 0 0 0 

512 490 355 53 0 0.653061 0 0 0 0 0 0 0 0 0 0 0 0 0 0 0 0 0 0 0.0666667 0.0666667 0 0 0.266667 0.133333 0.2 0.133333 0.133333 0 0 0 0 0 0 

576 556 410 53 0 0.57554 0 0 0 0 0 0 0 0 0 0 0 0 0 0 0 0 0 0 0 0 0.0588235 0.176471 0 0.117647 0.470588 0.0588235 0.117647 0 0 0 0 0 0 

544 522 374 53 0 0.613027 0 0 0 0 0 0 0 0 0 0 0 0 0 0 0 0 0 0 0 0 0 0.125 0.3125 0.375 0.0625 0.125 0 0 0 0 0 0 0 

608 591 415 53 0 0.541455 0 0 0 0 0 0 0 0 0 0 0 0 0 0 0 0 0 0 0 0.111111 0.0555556 0.166667 0.277778 0.0555556 0.222222 0.111111 0 0 0 0 0 0 0 

480 463 338 53 0 0.691145 0 0 0 0 0 0 0 0 0 0 0 0 0 0 0 0 0 0 0 0.0714286 0.0714286 0.0714286 0.142857 0.214286 0.0714286 0.285714 0.0714286 0 0 0 0 0 0 

576 566 416 53 0 0.565371 0 0 0 0 0 0 0 0 0 0 0 0 0 0 0 0 0 0 0 0 0 0.176471 0.117647 0.294118 0.235294 0.117647 0.0588235 0 0 0 0 0 0 

512 489 370 53 0 0.654397 0 0 0 0 0 0 0 0 0 0 0 0 0 0 0 0 0 0 0 0 0 0 0.2 0.0666667 0.333333 0.333333 0 0.0666667 0 0 0 0 0 

512 487 359 53 0 0.657084 0 0 0 0 0 0 0 0 0 0 0 0 0 0 0 0 0 0 0 0 0 0.0666667 0.0666667 0.333333 0.4 0.133333 0 0 0 0 0 0 0 

544 528 393 53 0 0.606061 0 0 0 0 0 0 0 0 0 0 0 0 0 0 0 0 0 0 0 0 0 0.125 0.125 0.1875 0.25 0.25 0.0625 0 0 0 0 0 0 

512 490 360 53 0 0.653061 0 0 0 0 0 0 0 0 0 0 0 0 0 0 0 0 0 0 0 0.0666667 0 0.0666667 0.133333 0.266667 0.133333 0.266667 0.0666667 0 0 0 0 0 0 

576 569 420 53 0 0.56239 0 0 0 0 0 0 0 0 0 0 0 0 0 0 0 0 0 0 0 0.0588235 0.0588235 0 0.0588235 0.294118 0.352941 0.176471 0 0 0 0 0 0 0 

544 526 383 53 0 0.608365 0 0 0 0 0 0 0 0 0 0 0 0 0 0 0 0 0 0 0 0 0.125 0.125 0.0625 0.25 0.25 0.0625 0.125 0 0 0 0 0 0 

544 524 382 53 0 0.610687 0 0 0 0 0 0 0 0 0 0 0 0 0 0 0 0 0 0 0 0.0625 0 0.0625 0.125 0.3125 0.25 0.1875 0 0 0 0 0 0 0 

608 589 432 53 0 0.543294 0 0 0 0 0 0 0 0 0 0 0 0 0 0 0 0 0 0 0 0 0.0555556 0.111111 0.111111 0.222222 0.222222 0.277778 0 0 0 0 0 0 0 

512 489 355 53 0 0.654397 0 0 0 0 0 0 0 0 0 0 0 0 0 0 0 0 0 0 0 0 0 0.2 0.2 0.2 0.2 0.133333 0.0666667 0 0 0 0 0 0 

576 565 412 53 0 0.566372 0 0 0 0 0 0 0 0 0 0 0 0 0 0 0 0 0 0 0 0 0.176471 0.0588235 0.235294 0.176471 0.0588235 0.176471 0.0588235 0 0.0588235 0 0 0 0 

512 498 369 53 0 0.64257 0 0 0 0 0 0 0 0 0 0 0 0 0 0 0 0 0 0 0 0 0 0.133333 0.266667 0.2 0.0666667 0.133333 0.2 0 0 0 0 0 0 

448 428 327 53 0 0.747664 0 0 0 0 0 0 0 0 0 0 0 0 0 0 0 0 0 0 0 0 0 0 0 0.230769 0.384615 0.307692 0.0769231 0 0 0 0 0 0 

576 554 406 53 0 0.577617 0 0 0 0 0 0 0 0 0 0 0 0 0 0 0 0 0 0 0 0 0 0 0.352941 0.176471 0.294118 0.176471 0 0 0 0 0 0 0 

544 522 392 53 0 0.613027 0 0 0 0 0 0 0 0 0 0 0 0 0 0 0 0 0 0 0 0 0.0625 0 0.0625 0.3125 0.1875 0.1875 0.1875 0 0 0 0 0 0 

640 626 468 53 0 0.511182 0 0 0 0 0 0 0 0 0 0 0 0 0 0 0 0 0 0 0 0.0526316 0 0.0526316 0.105263 0.105263 0.368421 0.263158 0 0.0526316 0 0 0 0 0 

544 525 375 53 0 0.609524 0 0 0 0 0 0 0 0 0 0 0 0 0 0 0 0 0 0 0 0 0.0625 0.125 0.25 0.25 0.3125 0 0 0 0 0 0 0 0 

544 526 404 53 0 0.608365 0 0 0 0 0 0 0 0 0 0 0 0 0 0 0 0 0 0 0 0 0 0 0.125 0.0625 0.3125 0.3125 0.1875 0 0 0 0 0 0 

576 549 406 53 0 0.582878 0 0 0 0 0 0 0 0 0 0 0 0 0 0 0 0 0 0 0 0 0 0 0.176471 0.294118 0.352941 0.117647 0.0588235 0 0 0 0 0 0 

512 487 360 53 0 0.657084 0 0 0 0 0 0 0 0 0 0 0 0 0 0 0 0 0 0 0 0 0 0.0666667 0.2 0.266667 0.2 0.133333 0.133333 0 0 0 0 0 0 

672 655 476 53 0 0.48855 0 0 0 0 0 0 0 0 0 0 0 0 0 0 0 0 0 0 0 0 0 0.2 0.25 0.15 0.2 0.1 0.1 0 0 0 0 0 0 

576 553 396 53 0 0.578662 0 0 0 0 0 0 0 0 0 0 0 0 0 0 0 0 0 0 0 0.117647 0 0.0588235 0.235294 0.176471 0.235294 0.176471 0 0 0 0 0 0 0 

480 453 339 53 0 0.706402 0 0 0 0 0 0 0 0 0 0 0 0 0 0 0 0 0 0 0 0 0.142857 0.0714286 0.0714286 0.0714286 0.214286 0 0.428571 0 0 0 0 0 0 

608 588 427 53 0 0.544218 0 0 0 0 0 0 0 0 0 0 0 0 0 0 0 0 0 0 0 0 0 0.222222 0.166667 0.222222 0.277778 0 0.0555556 0.0555556 0 0 0 0 0 

544 534 386 53 0 0.599251 0 0 0 0 0 0 0 0 0 0 0 0 0 0 0 0 0 0 0 0.0625 0.0625 0.1875 0.1875 0.0625 0.1875 0.1875 0.0625 0 0 0 0 0 0 

544 521 378 53 0 0.614203 0 0 0 0 0 0 0 0 0 0 0 0 0 0 0 0 0 0 0 0 0 0.125 0.25 0.25 0.25 0.0625 0.0625 0 0 0 0 0 0 

640 616 457 53 0 0.519481 0 0 0 0 0 0 0 0 0 0 0 0 0 0 0 0 0 0 0 0 0.105263 0.210526 0.0526316 0.105263 0 0.157895 0.368421 0 0 0 0 0 0 

544 528 394 53 0 0.606061 0 0 0 0 0 0 0 0 0 0 0 0 0 0 0 0 0 0 0 0 0 0.0625 0.125 0.375 0.125 0.1875 0.125 0 0 0 0 0 0 

576 559 406 53 0 0.572451 0 0 0 0 0 0 0 0 0 0 0 0 0 0 0 0 0 0 0 0 0.0588235 0.117647 0.176471 0.235294 0.294118 0.0588235 0.0588235 0 0 0 0 0 0 

512 492 365 53 0 0.650406 0 0 0 0 0 0 0 0 0 0 0 0 0 0 0 0 0 0 0 0 0 0.133333 0.133333 0.2 0.266667 0.2 0 0.0666667 0 0 0 0 0 

576 558 404 53 0 0.573477 0 0 0 0 0 0 0 0 0 0 0 0 0 0 0 0 0 0 0 0 0.0588235 0.117647 0.0588235 0.470588 0.235294 0 0.0588235 0 0 0 0 0 0 

480 472 353 53 0 0.677966 0 0 0 0 0 0 0 0 0 0 0 0 0 0 0 0 0 0 0 0 0 0 0.285714 0.142857 0.428571 0.0714286 0.0714286 0 0 0 0 0 0 

576 553 395 53 0 0.578662 0 0 0 0 0 0 0 0 0 0 0 0 0 0 0 0 0.0588235 0 0 0.0588235 0.0588235 0.0588235 0.0588235 0.352941 0.0588235 0.235294 0.0588235 0 0 0 0 0 0 

672 647 474 53 0 0.49459 0 0 0 0 0 0 0 0 0 0 0 0 0 0 0 0 0 0 0 0 0.1 0.05 0.2 0.15 0.25 0.1 0.1 0.05 0 0 0 0 0 

480 472 356 53 0 0.677966 0 0 0 0 0 0 0 0 0 0 0 0 0 0 0 0 0 0 0 0 0 0.142857 0.0714286 0.0714286 0.5 0.0714286 0.142857 0 0 0 0 0 0 

512 497 368 53 0 0.643863 0 0 0 0 0 0 0 0 0 0 0 0 0 0 0 0 0 0 0 0 0.0666667 0.0666667 0.266667 0.133333 0.133333 0.2 0.0666667 0.0666667 0 0 0 0 0 

640 615 453 53 0 0.520325 0 0 0 0 0 0 0 0 0 0 0 0 0 0 0 0 0 0 0 0 0 0.105263 0.157895 0.157895 0.421053 0.0526316 0.105263 0 0 0 0 0 0 

704 686 468 53 0 0.466472 0 0 0 0 0 0 0 0 0 0 0 0 0 0 0 0 0 0 0.142857 0.047619 0.190476 0.047619 0.190476 0.190476 0.047619 0.0952381 0.047619 0 0 0 0 0 0 

512 485 366 53 0 0.659794 0 0 0 0 0 0 0 0 0 0 0 0 0 0 0 0 0 0 0 0 0.0666667 0 0.133333 0.0666667 0.2 0.4 0.133333 0 0 0 0 0 0 

608 591 435 53 0 0.541455 0 0 0 0 0 0 0 0 0 0 0 0 0 0 0 0 0.0555556 0 0 0 0 0.0555556 0.0555556 0.333333 0.111111 0.388889 0 0 0 0 0 0 0 

544 520 396 53 0 0.615385 0 0 0 0 0 0 0 0 0 0 0 0 0 0 0 0 0 0 0 0 0 0.0625 0.1875 0 0.25 0.25 0.1875 0.0625 0 0 0 0 0 

576 553 400 53 0 0.578662 0 0 0 0 0 0 0 0 0 0 0 0 0 0 0 0 0 0 0 0.0588235 0 0.117647 0.176471 0.294118 0.117647 0.176471 0.0588235 0 0 0 0 0 0 

608 583 418 53 0 0.548885 0 0 0 0 0 0 0 0 0 0 0 0 0 0 0 0 0 0 0 0 0.111111 0.111111 0.222222 0.166667 0.222222 0.111111 0.0555556 0 0 0 0 0 0 

672 656 484 53 0 0.487805 0 0 0 0 0 0 0 0 0 0 0 0 0 0 0 0 0 0 0 0 0.1 0.05 0.25 0.15 0.2 0 0.15 0.1 0 0 0 0 0 

544 524 392 53 0 0.610687 0 0 0 0 0 0 0 0 0 0 0 0 0 0 0 0 0 0 0 0 0 0 0.0625 0.4375 0.1875 0.3125 0 0 0 0 0 0 0 

544 517 376 53 0 0.618955 0 0 0 0 0 0 0 0 0 0 0 0 0 0 0 0 0 0 0 0 0 0.1875 0.1875 0.1875 0.25 0.0625 0.125 0 0 0 0 0 0 

576 552 398 53 0 0.57971 0 0 0 0 0 0 0 0 0 0 0 0 0 0 0 0 0 0 0 0 0.117647 0 0.235294 0.235294 0.294118 0.117647 0 0 0 0 0 0 0 

608 592 435 53 0 0.540541 0 0 0 0 0 0 0 0 0 0 0 0 0 0 0 0 0 0 0 0 0 0.0555556 0.333333 0.166667 0.277778 0.0555556 0.111111 0 0 0 0 0 0 

544 525 379 53 0 0.609524 0 0 0 0 0 0 0 0 0 0 0 0 0 0 0 0 0 0 0 0.0625 0 0.0625 0.1875 0.3125 0.3125 0.0625 0 0 0 0 0 0 0 

480 464 338 53 0 0.689655 0 0 0 0 0 0 0 0 0 0 0 0 0 0 0 0 0 0 0 0 0.0714286 0.142857 0.285714 0.142857 0.0714286 0.142857 0.142857 0 0 0 0 0 0 

640 620 441 53 0 0.516129 0 0 0 0 0 0 0 0 0 0 0 0 0 0 0 0 0 0 0.0526316 0 0.105263 0.0526316 0.210526 0.315789 0.0526316 0.210526 0 0 0 0 0 0 0 

512 501 379 53 0 0.638723 0 0 0 0 0 0 0 0 0 0 0 0 0 0 0 0 0 0 0 0 0 0 0.2 0.2 0.333333 0.0666667 0.2 0 0 0 0 0 0 

