4800 4800 3497 37 159 0.000208333 0 0 0 0 0 0 0 0 0 0 0 0 0 0 0 0 0 0 0.00671141 0.0134228 0.0402685 0.100671 0.14094 0.214765 0.248322 0.120805 0.0939597 0.0201342 0 0 0 0 0 

4800 4800 3468 37 159 0.000208333 0 0 0 0 0 0 0 0 0 0 0 0 0 0 0 0 0 0 0.0134228 0.0134228 0.0402685 0.0872483 0.161074 0.268456 0.221477 0.134228 0.0536913 0.00671141 0 0 0 0 0 

4800 4800 3466 37 159 0.000208333 0 0 0 0 0 0 0 0 0 0 0 0 0 0 0 0 0 0.00671141 0.00671141 0.0134228 0.033557 0.114094 0.174497 0.228188 0.194631 0.154362 0.0536913 0.0201342 0 0 0 0 0 

4800 4800 3478 37 159 0.000208333 0 0 0 0 0 0 0 0 0 0 0 0 0 0 0 0 0 0 0.0134228 0.0402685 0.0604027 0.0671141 0.0939597 0.234899 0.281879 0.120805 0.0536913 0.0268456 0.00671141 0 0 0 0 

4800 4800 3487 37 159 0.000208333 0 0 0 0 0 0 0 0 0 0 0 0 0 0 0 0 0 0 0.00671141 0.0134228 0.033557 0.0805369 0.167785 0.275168 0.234899 0.0805369 0.0671141 0.0402685 0 0 0 0 0 

4800 4800 3493 37 159 0.000208333 0 0 0 0 0 0 0 0 0 0 0 0 0 0 0 0 0 0 0 0.0134228 0.0402685 0.147651 0.107383 0.275168 0.167785 0.127517 0.0738255 0.033557 0.0134228 0 0 0 0 

4800 4800 3484 37 159 0.000208333 0 0 0 0 0 0 0 0 0 0 0 0 0 0 0 0 0 0 0.0268456 0.0201342 0.0738255 0.0402685 0.14094 0.221477 0.214765 0.147651 0.0939597 0.0201342 0 0 0 0 0 

4800 4800 3523 37 159 0.000208333 0 0 0 0 0 0 0 0 0 0 0 0 0 0 0 0 0 0 0 0.0134228 0.0268456 0.0805369 0.114094 0.255034 0.268456 0.134228 0.0604027 0.0469799 0 0 0 0 0 

4800 4800 3482 37 159 0.000208333 0 0 0 0 0 0 0 0 0 0 0 0 0 0 0 0 0 0.00671141 0.00671141 0.0201342 0.0402685 0.0872483 0.174497 0.181208 0.234899 0.14094 0.0872483 0.0201342 0 0 0 0 0 

4800 4800 3530 37 159 0.000208333 0 0 0 0 0 0 0 0 0 0 0 0 0 0 0 0 0 0 0 0 0.0268456 0.0805369 0.134228 0.208054 0.268456 0.228188 0.0268456 0.0268456 0 0 0 0 0 

