14112 14099 10228 268 0 0.567416 0 0 0 0 0 0 0 0 0 0 0 0 0 0 0 0 0.00227273 0 0.00909091 0.00681818 0.0545455 0.0863636 0.168182 0.209091 0.229545 0.159091 0.0545455 0.0181818 0.00227273 0 0 0 0 

13600 13590 9835 268 0 0.588668 0 0 0 0 0 0 0 0 0 0 0 0 0 0 0 0 0 0 0.00471698 0.0259434 0.0377358 0.0778302 0.186321 0.228774 0.231132 0.141509 0.0518868 0.0141509 0 0 0 0 0 

13536 13520 9807 268 0 0.591716 0 0 0 0 0 0 0 0 0 0 0 0 0 0 0 0 0 0 0.00947867 0.0189573 0.0260664 0.101896 0.149289 0.236967 0.244076 0.149289 0.0450237 0.0165877 0.00236967 0 0 0 0 

13536 13520 9825 268 0 0.591716 0 0 0 0 0 0 0 0 0 0 0 0 0 0 0 0 0 0 0 0.007109 0.042654 0.101896 0.151659 0.265403 0.21327 0.13981 0.0521327 0.0236967 0.00236967 0 0 0 0 

13408 13398 9754 268 0 0.597104 0 0 0 0 0 0 0 0 0 0 0 0 0 0 0 0 0 0 0.00717703 0.0239234 0.0358852 0.076555 0.167464 0.222488 0.212919 0.145933 0.0933014 0.0143541 0 0 0 0 0 

13760 13743 9958 268 0 0.582115 0 0 0 0 0 0 0 0 0 0 0 0 0 0 0 0 0 0.002331 0 0.020979 0.04662 0.0932401 0.160839 0.200466 0.258741 0.158508 0.048951 0.00699301 0.002331 0 0 0 0 

13568 13561 9882 268 0 0.589927 0 0 0 0 0 0 0 0 0 0 0 0 0 0 0 0 0 0.00472813 0.00945626 0.00945626 0.0401891 0.0756501 0.148936 0.22695 0.236407 0.158392 0.0756501 0.0141844 0 0 0 0 0 

13728 13713 9935 268 0 0.583388 0 0 0 0 0 0 0 0 0 0 0 0 0 0 0 0 0 0.0046729 0.0163551 0.0140187 0.0350467 0.0957944 0.172897 0.221963 0.193925 0.149533 0.0700935 0.0233645 0.00233645 0 0 0 0 

13792 13775 9993 268 0 0.580762 0 0 0 0 0 0 0 0 0 0 0 0 0 0 0 0 0 0.00232558 0.00697674 0.00697674 0.0488372 0.072093 0.190698 0.223256 0.232558 0.139535 0.055814 0.0209302 0 0 0 0 0 

13472 13450 9745 268 0 0.594796 0 0 0 0 0 0 0 0 0 0 0 0 0 0 0 0 0 0 0.00238095 0.0261905 0.0285714 0.0857143 0.152381 0.266667 0.245238 0.133333 0.047619 0.00952381 0.00238095 0 0 0 0 

