640 629 453 53 0 0.508744 0 0 0 0 0 0 0 0 0 0 0 0 0 0 0 0 0 0 0.0526316 0 0.105263 0.105263 0.105263 0.210526 0.210526 0.210526 0 0 0 0 0 0 0 

576 548 407 53 0 0.583942 0 0 0 0 0 0 0 0 0 0 0 0 0 0 0 0 0 0 0 0.0588235 0 0 0.176471 0.117647 0.294118 0.235294 0.117647 0 0 0 0 0 0 

512 486 350 53 0 0.658436 0 0 0 0 0 0 0 0 0 0 0 0 0 0 0 0 0 0 0 0.0666667 0 0.0666667 0.2 0.266667 0.266667 0.133333 0 0 0 0 0 0 0 

672 652 473 53 0 0.490798 0 0 0 0 0 0 0 0 0 0 0 0 0 0 0 0 0 0 0 0 0.1 0.1 0.15 0.25 0.15 0.2 0.05 0 0 0 0 0 0 

544 517 379 53 0 0.618955 0 0 0 0 0 0 0 0 0 0 0 0 0 0 0 0 0 0 0 0 0.0625 0.0625 0.1875 0.1875 0.1875 0.25 0.0625 0 0 0 0 0 0 

576 559 401 53 0 0.572451 0 0 0 0 0 0 0 0 0 0 0 0 0 0 0 0 0 0 0 0 0.117647 0 0.235294 0.411765 0.176471 0.0588235 0 0 0 0 0 0 0 

544 528 389 53 0 0.606061 0 0 0 0 0 0 0 0 0 0 0 0 0 0 0 0 0 0 0.0625 0 0.0625 0.0625 0.125 0.125 0.1875 0.25 0.125 0 0 0 0 0 0 

512 495 370 53 0 0.646465 0 0 0 0 0 0 0 0 0 0 0 0 0 0 0 0 0 0 0 0.0666667 0 0.0666667 0.133333 0.0666667 0.333333 0.2 0.0666667 0.0666667 0 0 0 0 0 

608 591 429 53 0 0.541455 0 0 0 0 0 0 0 0 0 0 0 0 0 0 0 0 0 0 0 0.0555556 0.166667 0.111111 0 0.166667 0.222222 0.166667 0.0555556 0.0555556 0 0 0 0 0 

608 580 419 53 0 0.551724 0 0 0 0 0 0 0 0 0 0 0 0 0 0 0 0 0 0 0 0 0 0.111111 0.277778 0.222222 0.222222 0.166667 0 0 0 0 0 0 0 

544 528 383 53 0 0.606061 0 0 0 0 0 0 0 0 0 0 0 0 0 0 0 0 0 0 0 0.0625 0 0.0625 0.25 0.25 0.25 0.0625 0.0625 0 0 0 0 0 0 

608 585 431 53 0 0.547009 0 0 0 0 0 0 0 0 0 0 0 0 0 0 0 0 0 0 0 0 0 0.111111 0.277778 0.166667 0.111111 0.166667 0.166667 0 0 0 0 0 0 

544 526 386 53 0 0.608365 0 0 0 0 0 0 0 0 0 0 0 0 0 0 0 0 0 0 0.0625 0 0.0625 0 0.125 0.1875 0.3125 0.1875 0.0625 0 0 0 0 0 0 

576 549 399 53 0 0.582878 0 0 0 0 0 0 0 0 0 0 0 0 0 0 0 0 0 0 0 0 0.0588235 0 0.176471 0.235294 0.529412 0 0 0 0 0 0 0 0 

640 623 435 53 0 0.513644 0 0 0 0 0 0 0 0 0 0 0 0 0 0 0 0 0 0 0.0526316 0.0526316 0.0526316 0.157895 0.263158 0.157895 0.210526 0.0526316 0 0 0 0 0 0 0 

608 581 426 53 0 0.550775 0 0 0 0 0 0 0 0 0 0 0 0 0 0 0 0 0 0 0 0 0.0555556 0.111111 0.166667 0.111111 0.277778 0.222222 0 0.0555556 0 0 0 0 0 

480 471 360 53 0 0.679406 0 0 0 0 0 0 0 0 0 0 0 0 0 0 0 0 0 0 0 0.0714286 0 0 0 0.142857 0.285714 0.428571 0.0714286 0 0 0 0 0 0 

576 557 404 53 0 0.574506 0 0 0 0 0 0 0 0 0 0 0 0 0 0 0 0 0 0 0 0 0.117647 0.117647 0.176471 0.176471 0.0588235 0.352941 0 0 0 0 0 0 0 

512 484 347 53 0 0.661157 0 0 0 0 0 0 0 0 0 0 0 0 0 0 0 0 0 0 0 0 0 0.266667 0.0666667 0.333333 0.2 0.133333 0 0 0 0 0 0 0 

608 589 438 53 0 0.543294 0 0 0 0 0 0 0 0 0 0 0 0 0 0 0 0 0 0 0 0.0555556 0 0 0.166667 0.166667 0.277778 0.277778 0.0555556 0 0 0 0 0 0 

640 622 458 53 0 0.514469 0 0 0 0 0 0 0 0 0 0 0 0 0 0 0 0 0 0 0 0 0 0.105263 0.210526 0.157895 0.315789 0.157895 0.0526316 0 0 0 0 0 0 

576 556 416 53 0 0.57554 0 0 0 0 0 0 0 0 0 0 0 0 0 0 0 0 0 0 0 0 0 0 0.176471 0.117647 0.529412 0.117647 0.0588235 0 0 0 0 0 0 

608 590 426 53 0 0.542373 0 0 0 0 0 0 0 0 0 0 0 0 0 0 0 0 0 0 0 0 0.111111 0.111111 0.222222 0.166667 0.111111 0.277778 0 0 0 0 0 0 0 

608 591 441 53 0 0.541455 0 0 0 0 0 0 0 0 0 0 0 0 0 0 0 0 0 0 0 0 0 0.0555556 0.166667 0.222222 0.277778 0.166667 0.111111 0 0 0 0 0 0 

544 519 386 53 0 0.61657 0 0 0 0 0 0 0 0 0 0 0 0 0 0 0 0 0 0 0 0 0 0 0.25 0.1875 0.25 0.25 0.0625 0 0 0 0 0 0 

512 503 367 53 0 0.636183 0 0 0 0 0 0 0 0 0 0 0 0 0 0 0 0 0 0 0 0 0.0666667 0.2 0.133333 0.133333 0.266667 0.2 0 0 0 0 0 0 0 

544 519 381 53 0 0.61657 0 0 0 0 0 0 0 0 0 0 0 0 0 0 0 0 0 0 0 0 0.0625 0.0625 0.1875 0.25 0.0625 0.3125 0.0625 0 0 0 0 0 0 

576 558 410 53 0 0.573477 0 0 0 0 0 0 0 0 0 0 0 0 0 0 0 0 0 0 0 0 0.176471 0 0.117647 0.117647 0.352941 0.176471 0 0.0588235 0 0 0 0 0 

640 622 455 53 0 0.514469 0 0 0 0 0 0 0 0 0 0 0 0 0 0 0 0 0 0 0 0.105263 0 0 0.157895 0.157895 0.368421 0.210526 0 0 0 0 0 0 0 

608 594 430 53 0 0.538721 0 0 0 0 0 0 0 0 0 0 0 0 0 0 0 0 0 0 0 0 0.166667 0.0555556 0.111111 0.333333 0.0555556 0.277778 0 0 0 0 0 0 0 

544 526 393 53 0 0.608365 0 0 0 0 0 0 0 0 0 0 0 0 0 0 0 0 0 0 0 0 0 0.0625 0.25 0.1875 0.1875 0.125 0.125 0.0625 0 0 0 0 0 

512 495 362 53 0 0.646465 0 0 0 0 0 0 0 0 0 0 0 0 0 0 0 0 0 0 0 0 0 0.0666667 0.2 0.533333 0 0.133333 0.0666667 0 0 0 0 0 0 

544 520 375 53 0 0.615385 0 0 0 0 0 0 0 0 0 0 0 0 0 0 0 0 0 0 0 0.0625 0.0625 0 0.25 0.3125 0.1875 0 0.0625 0.0625 0 0 0 0 0 

576 564 413 53 0 0.567376 0 0 0 0 0 0 0 0 0 0 0 0 0 0 0 0 0 0 0 0 0.0588235 0.0588235 0.294118 0.235294 0.0588235 0.235294 0.0588235 0 0 0 0 0 0 

480 468 344 53 0 0.683761 0 0 0 0 0 0 0 0 0 0 0 0 0 0 0 0 0 0 0 0 0 0.214286 0.0714286 0.285714 0.285714 0.0714286 0.0714286 0 0 0 0 0 0 

544 527 391 53 0 0.607211 0 0 0 0 0 0 0 0 0 0 0 0 0 0 0 0 0 0 0 0 0 0 0.3125 0.1875 0.25 0.1875 0.0625 0 0 0 0 0 0 

480 459 344 53 0 0.697168 0 0 0 0 0 0 0 0 0 0 0 0 0 0 0 0 0 0 0 0 0.0714286 0 0 0.357143 0.357143 0.0714286 0.0714286 0.0714286 0 0 0 0 0 

576 554 404 53 0 0.577617 0 0 0 0 0 0 0 0 0 0 0 0 0 0 0 0 0 0 0 0 0.0588235 0.117647 0.294118 0.117647 0.117647 0.117647 0.176471 0 0 0 0 0 0 

576 554 404 53 0 0.577617 0 0 0 0 0 0 0 0 0 0 0 0 0 0 0 0 0 0 0 0 0 0.117647 0.235294 0.235294 0.176471 0.235294 0 0 0 0 0 0 0 

640 617 447 53 0 0.518639 0 0 0 0 0 0 0 0 0 0 0 0 0 0 0 0 0 0 0 0.105263 0 0.0526316 0.105263 0.315789 0.263158 0.0526316 0.105263 0 0 0 0 0 0 

576 556 407 53 0 0.57554 0 0 0 0 0 0 0 0 0 0 0 0 0 0 0 0 0 0 0 0 0.0588235 0.117647 0.235294 0.0588235 0.176471 0.352941 0 0 0 0 0 0 0 

544 533 388 53 0 0.600375 0 0 0 0 0 0 0 0 0 0 0 0 0 0 0 0 0 0 0 0.0625 0.0625 0.125 0.125 0.25 0.0625 0.25 0.0625 0 0 0 0 0 0 

608 582 417 53 0 0.549828 0 0 0 0 0 0 0 0 0 0 0 0 0 0 0 0 0 0 0 0 0 0.111111 0.222222 0.388889 0.277778 0 0 0 0 0 0 0 0 

512 495 353 53 0 0.646465 0 0 0 0 0 0 0 0 0 0 0 0 0 0 0 0 0 0 0 0.0666667 0.133333 0.0666667 0.2 0.2 0.2 0.0666667 0.0666667 0 0 0 0 0 0 

512 487 359 53 0 0.657084 0 0 0 0 0 0 0 0 0 0 0 0 0 0 0 0 0 0 0 0 0.133333 0.0666667 0.0666667 0.133333 0.333333 0.0666667 0.2 0 0 0 0 0 0 

544 527 394 53 0 0.607211 0 0 0 0 0 0 0 0 0 0 0 0 0 0 0 0 0 0 0 0 0 0.125 0.0625 0.375 0.125 0.125 0.125 0.0625 0 0 0 0 0 

576 548 398 53 0 0.583942 0 0 0 0 0 0 0 0 0 0 0 0 0 0 0 0 0 0 0 0 0.117647 0 0.176471 0.117647 0.470588 0.117647 0 0 0 0 0 0 0 

608 588 430 53 0 0.544218 0 0 0 0 0 0 0 0 0 0 0 0 0 0 0 0 0 0 0 0 0 0.111111 0.166667 0.222222 0.388889 0.111111 0 0 0 0 0 0 0 

512 502 377 53 0 0.63745 0 0 0 0 0 0 0 0 0 0 0 0 0 0 0 0 0 0 0 0 0 0 0.4 0 0.266667 0.266667 0 0.0666667 0 0 0 0 0 

576 567 420 53 0 0.564374 0 0 0 0 0 0 0 0 0 0 0 0 0 0 0 0 0 0 0 0.0588235 0.0588235 0.117647 0.117647 0.117647 0.235294 0.0588235 0.176471 0.0588235 0 0 0 0 0 

544 515 382 53 0 0.621359 0 0 0 0 0 0 0 0 0 0 0 0 0 0 0 0 0 0 0 0 0 0.0625 0.0625 0.375 0.1875 0.25 0.0625 0 0 0 0 0 0 

512 497 372 53 0 0.643863 0 0 0 0 0 0 0 0 0 0 0 0 0 0 0 0 0 0 0 0 0 0.0666667 0.0666667 0.266667 0.333333 0.266667 0 0 0 0 0 0 0 

672 662 483 53 0 0.483384 0 0 0 0 0 0 0 0 0 0 0 0 0 0 0 0 0 0 0 0 0 0.2 0.1 0.3 0.3 0.05 0.05 0 0 0 0 0 0 

576 554 393 53 0 0.577617 0 0 0 0 0 0 0 0 0 0 0 0 0 0 0 0 0 0 0 0.0588235 0.176471 0.0588235 0.117647 0.235294 0.294118 0 0 0.0588235 0 0 0 0 0 

608 583 419 53 0 0.548885 0 0 0 0 0 0 0 0 0 0 0 0 0 0 0 0 0 0 0 0 0.111111 0.0555556 0.222222 0.277778 0.111111 0.222222 0 0 0 0 0 0 0 

608 592 426 53 0 0.540541 0 0 0 0 0 0 0 0 0 0 0 0 0 0 0 0 0 0 0 0.0555556 0.0555556 0.222222 0.0555556 0.166667 0.333333 0.0555556 0 0.0555556 0 0 0 0 0 

512 500 372 53 0 0.64 0 0 0 0 0 0 0 0 0 0 0 0 0 0 0 0 0 0 0 0 0.133333 0.0666667 0.133333 0.266667 0 0.133333 0.2 0.0666667 0 0 0 0 0 

544 516 372 53 0 0.620155 0 0 0 0 0 0 0 0 0 0 0 0 0 0 0 0 0 0 0 0 0.0625 0.25 0.0625 0.25 0.125 0.125 0.125 0 0 0 0 0 0 

544 524 395 53 0 0.610687 0 0 0 0 0 0 0 0 0 0 0 0 0 0 0 0 0 0 0 0 0 0 0.1875 0.25 0.3125 0.0625 0.125 0 0.0625 0 0 0 0 

544 523 392 53 0 0.611855 0 0 0 0 0 0 0 0 0 0 0 0 0 0 0 0 0 0 0 0 0 0 0.125 0.3125 0.1875 0.375 0 0 0 0 0 0 0 

544 517 374 53 0 0.618955 0 0 0 0 0 0 0 0 0 0 0 0 0 0 0 0 0 0 0 0.0625 0 0.0625 0.25 0.1875 0.3125 0 0.125 0 0 0 0 0 0 

608 583 428 53 0 0.548885 0 0 0 0 0 0 0 0 0 0 0 0 0 0 0 0 0 0 0 0 0.0555556 0.0555556 0.0555556 0.277778 0.388889 0.166667 0 0 0 0 0 0 0 

576 554 400 53 0 0.577617 0 0 0 0 0 0 0 0 0 0 0 0 0 0 0 0 0 0 0 0.117647 0 0.117647 0.0588235 0.176471 0.352941 0.176471 0 0 0 0 0 0 0 

480 468 344 53 0 0.683761 0 0 0 0 0 0 0 0 0 0 0 0 0 0 0 0 0 0 0 0.0714286 0 0.0714286 0.285714 0.214286 0.0714286 0.142857 0.0714286 0.0714286 0 0 0 0 0 

576 558 408 53 0 0.573477 0 0 0 0 0 0 0 0 0 0 0 0 0 0 0 0 0 0 0 0.0588235 0 0.0588235 0.176471 0.235294 0.294118 0.117647 0.0588235 0 0 0 0 0 0 

512 503 372 53 0 0.636183 0 0 0 0 0 0 0 0 0 0 0 0 0 0 0 0 0 0.0666667 0 0 0.0666667 0.0666667 0.133333 0.0666667 0.2 0.333333 0 0.0666667 0 0 0 0 0 

512 487 363 53 0 0.657084 0 0 0 0 0 0 0 0 0 0 0 0 0 0 0 0 0 0 0 0 0 0.0666667 0.133333 0.266667 0.2 0.2 0.133333 0 0 0 0 0 0 

576 549 392 53 0 0.582878 0 0 0 0 0 0 0 0 0 0 0 0 0 0 0 0 0 0 0.0588235 0.0588235 0.117647 0.0588235 0.176471 0.0588235 0.235294 0.117647 0 0.117647 0 0 0 0 0 

576 558 402 53 0 0.573477 0 0 0 0 0 0 0 0 0 0 0 0 0 0 0 0 0 0 0.0588235 0 0.0588235 0.0588235 0.235294 0.176471 0.176471 0.235294 0 0 0 0 0 0 0 

608 589 433 53 0 0.543294 0 0 0 0 0 0 0 0 0 0 0 0 0 0 0 0 0 0 0 0 0.111111 0 0.166667 0.166667 0.333333 0.166667 0.0555556 0 0 0 0 0 0 

544 517 392 53 0 0.618955 0 0 0 0 0 0 0 0 0 0 0 0 0 0 0 0 0 0 0 0 0.0625 0 0 0.1875 0.25 0.375 0.125 0 0 0 0 0 0 

608 588 437 53 0 0.544218 0 0 0 0 0 0 0 0 0 0 0 0 0 0 0 0 0 0 0 0.0555556 0 0.0555556 0.111111 0.166667 0.277778 0.222222 0.111111 0 0 0 0 0 0 

512 490 352 53 0 0.653061 0 0 0 0 0 0 0 0 0 0 0 0 0 0 0 0 0 0 0 0.0666667 0.0666667 0.0666667 0.2 0.266667 0.0666667 0.266667 0 0 0 0 0 0 0 

576 558 418 53 0 0.573477 0 0 0 0 0 0 0 0 0 0 0 0 0 0 0 0 0 0 0 0 0 0 0.235294 0.235294 0.117647 0.352941 0.0588235 0 0 0 0 0 0 

576 566 412 53 0 0.565371 0 0 0 0 0 0 0 0 0 0 0 0 0 0 0 0 0 0 0 0 0.117647 0.176471 0.0588235 0.235294 0.176471 0.176471 0.0588235 0 0 0 0 0 0 

576 560 390 53 0 0.571429 0 0 0 0 0 0 0 0 0 0 0 0 0 0 0 0 0 0 0 0.117647 0.0588235 0.176471 0.176471 0.294118 0.176471 0 0 0 0 0 0 0 0 

512 491 360 53 0 0.651731 0 0 0 0 0 0 0 0 0 0 0 0 0 0 0 0 0 0 0 0 0.133333 0.0666667 0.2 0.133333 0.133333 0.2 0.0666667 0.0666667 0 0 0 0 0 

672 662 471 53 0 0.483384 0 0 0 0 0 0 0 0 0 0 0 0 0 0 0 0 0 0 0 0.05 0.05 0.2 0.15 0.3 0.15 0.1 0 0 0 0 0 0 0 

448 441 324 53 0 0.725624 0 0 0 0 0 0 0 0 0 0 0 0 0 0 0 0 0 0 0 0 0 0.153846 0.230769 0.384615 0.0769231 0.0769231 0 0.0769231 0 0 0 0 0 

704 687 505 53 0 0.465793 0 0 0 0 0 0 0 0 0 0 0 0 0 0 0 0 0 0 0 0 0.047619 0.0952381 0.0952381 0.190476 0.380952 0.190476 0 0 0 0 0 0 0 

608 592 429 53 0 0.540541 0 0 0 0 0 0 0 0 0 0 0 0 0 0 0 0 0 0 0 0 0.0555556 0.222222 0.111111 0.166667 0.222222 0.222222 0 0 0 0 0 0 0 

640 618 466 53 0 0.517799 0 0 0 0 0 0 0 0 0 0 0 0 0 0 0 0 0 0 0 0 0 0.0526316 0.0526316 0.210526 0.263158 0.368421 0.0526316 0 0 0 0 0 0 

480 467 348 53 0 0.685225 0 0 0 0 0 0 0 0 0 0 0 0 0 0 0 0 0 0 0 0 0.0714286 0 0.142857 0.357143 0.214286 0.0714286 0.0714286 0.0714286 0 0 0 0 0 

512 492 370 53 0 0.650406 0 0 0 0 0 0 0 0 0 0 0 0 0 0 0 0 0 0 0 0 0 0.0666667 0.0666667 0.266667 0.266667 0.266667 0 0.0666667 0 0 0 0 0 

480 468 342 53 0 0.683761 0 0 0 0 0 0 0 0 0 0 0 0 0 0 0 0 0 0 0 0 0.142857 0.0714286 0.214286 0.0714286 0.285714 0.142857 0.0714286 0 0 0 0 0 0 

576 547 391 53 0 0.585009 0 0 0 0 0 0 0 0 0 0 0 0 0 0 0 0 0 0 0 0 0.0588235 0.176471 0.117647 0.235294 0.352941 0.0588235 0 0 0 0 0 0 0 

608 580 421 53 0 0.551724 0 0 0 0 0 0 0 0 0 0 0 0 0 0 0 0 0 0 0 0 0.0555556 0.111111 0.111111 0.222222 0.388889 0.0555556 0.0555556 0 0 0 0 0 0 

608 595 452 53 0 0.537815 0 0 0 0 0 0 0 0 0 0 0 0 0 0 0 0 0 0 0 0 0.111111 0 0.0555556 0.222222 0.111111 0.222222 0.222222 0.0555556 0 0 0 0 0 

512 498 364 53 0 0.64257 0 0 0 0 0 0 0 0 0 0 0 0 0 0 0 0 0 0 0 0.0666667 0.0666667 0.0666667 0.133333 0.2 0.2 0.2 0.0666667 0 0 0 0 0 0 

608 581 433 53 0 0.550775 0 0 0 0 0 0 0 0 0 0 0 0 0 0 0 0 0 0 0 0 0 0 0.0555556 0.444444 0.222222 0.222222 0.0555556 0 0 0 0 0 0 

512 505 365 53 0 0.633663 0 0 0 0 0 0 0 0 0 0 0 0 0 0 0 0 0 0 0 0 0.0666667 0.133333 0.266667 0.266667 0.133333 0.133333 0 0 0 0 0 0 0 

640 616 440 53 0 0.519481 0 0 0 0 0 0 0 0 0 0 0 0 0 0 0 0 0 0 0 0 0.0526316 0.0526316 0.368421 0.210526 0.263158 0.0526316 0 0 0 0 0 0 0 

480 460 337 53 0 0.695652 0 0 0 0 0 0 0 0 0 0 0 0 0 0 0 0 0 0 0 0 0.142857 0.0714286 0 0.214286 0.428571 0.0714286 0.0714286 0 0 0 0 0 0 

640 622 471 53 0 0.514469 0 0 0 0 0 0 0 0 0 0 0 0 0 0 0 0 0 0 0 0 0.0526316 0.0526316 0 0.315789 0.105263 0.315789 0.0526316 0.105263 0 0 0 0 0 

576 550 404 53 0 0.581818 0 0 0 0 0 0 0 0 0 0 0 0 0 0 0 0 0 0 0 0 0.0588235 0 0.235294 0.235294 0.176471 0.235294 0.0588235 0 0 0 0 0 0 

512 502 363 53 0 0.63745 0 0 0 0 0 0 0 0 0 0 0 0 0 0 0 0 0 0 0 0 0.133333 0.133333 0.2 0.133333 0.2 0.2 0 0 0 0 0 0 0 

544 522 388 53 0 0.613027 0 0 0 0 0 0 0 0 0 0 0 0 0 0 0 0 0 0 0 0 0.0625 0.125 0 0.25 0.1875 0.25 0.125 0 0 0 0 0 0 

544 523 394 53 0 0.611855 0 0 0 0 0 0 0 0 0 0 0 0 0 0 0 0 0 0 0 0 0 0 0.125 0.3125 0.1875 0.25 0.125 0 0 0 0 0 0 

544 516 381 53 0 0.620155 0 0 0 0 0 0 0 0 0 0 0 0 0 0 0 0 0 0 0 0 0 0 0.1875 0.375 0.25 0.0625 0.125 0 0 0 0 0 0 

512 497 357 53 0 0.643863 0 0 0 0 0 0 0 0 0 0 0 0 0 0 0 0 0 0 0 0.0666667 0 0.2 0.0666667 0.333333 0.266667 0.0666667 0 0 0 0 0 0 0 

