448 432 322 53 0 0.740741 0 0 0 0 0 0 0 0 0 0 0 0 0 0 0 0 0 0 0 0 0.0769231 0 0.230769 0.230769 0.153846 0.153846 0.0769231 0.0769231 0 0 0 0 0 

544 528 401 53 0 0.606061 0 0 0 0 0 0 0 0 0 0 0 0 0 0 0 0 0 0 0 0 0.0625 0 0.0625 0.3125 0.125 0.25 0.0625 0.125 0 0 0 0 0 

512 487 360 53 0 0.657084 0 0 0 0 0 0 0 0 0 0 0 0 0 0 0 0 0 0 0 0 0 0.2 0 0.333333 0.2 0.0666667 0.2 0 0 0 0 0 0 

448 431 325 53 0 0.742459 0 0 0 0 0 0 0 0 0 0 0 0 0 0 0 0 0 0 0 0 0.0769231 0 0.0769231 0.230769 0.230769 0.230769 0.153846 0 0 0 0 0 0 

544 519 392 53 0 0.61657 0 0 0 0 0 0 0 0 0 0 0 0 0 0 0 0 0 0 0 0 0 0.1875 0 0.1875 0.1875 0.125 0.25 0.0625 0 0 0 0 0 

576 547 395 53 0 0.585009 0 0 0 0 0 0 0 0 0 0 0 0 0 0 0 0 0 0 0 0 0.0588235 0.0588235 0.235294 0.235294 0.294118 0.0588235 0.0588235 0 0 0 0 0 0 

512 488 360 53 0 0.655738 0 0 0 0 0 0 0 0 0 0 0 0 0 0 0 0 0 0 0 0.0666667 0.0666667 0 0.133333 0.133333 0.2 0.333333 0.0666667 0 0 0 0 0 0 

576 559 407 53 0 0.572451 0 0 0 0 0 0 0 0 0 0 0 0 0 0 0 0 0 0 0 0.0588235 0 0 0.352941 0.117647 0.294118 0.176471 0 0 0 0 0 0 0 

576 567 411 53 0 0.564374 0 0 0 0 0 0 0 0 0 0 0 0 0 0 0 0 0 0.0588235 0 0 0.117647 0.0588235 0.176471 0.235294 0.0588235 0.176471 0.0588235 0.0588235 0 0 0 0 0 

640 618 442 53 0 0.517799 0 0 0 0 0 0 0 0 0 0 0 0 0 0 0 0 0 0 0 0 0.157895 0.105263 0.157895 0.157895 0.263158 0.157895 0 0 0 0 0 0 0 

608 585 426 53 0 0.547009 0 0 0 0 0 0 0 0 0 0 0 0 0 0 0 0 0 0 0 0 0 0.222222 0.111111 0.333333 0.111111 0.111111 0.0555556 0.0555556 0 0 0 0 0 

608 584 425 53 0 0.547945 0 0 0 0 0 0 0 0 0 0 0 0 0 0 0 0 0 0 0 0 0 0.166667 0.333333 0.111111 0.111111 0.166667 0.0555556 0.0555556 0 0 0 0 0 

544 527 394 53 0 0.607211 0 0 0 0 0 0 0 0 0 0 0 0 0 0 0 0 0 0 0 0 0 0.0625 0.25 0.1875 0.1875 0.0625 0.25 0 0 0 0 0 0 

544 533 385 53 0 0.600375 0 0 0 0 0 0 0 0 0 0 0 0 0 0 0 0 0 0 0 0 0.125 0.125 0.25 0.1875 0.0625 0.1875 0.0625 0 0 0 0 0 0 

544 535 401 53 0 0.598131 0 0 0 0 0 0 0 0 0 0 0 0 0 0 0 0 0 0 0 0 0 0.0625 0.125 0.3125 0.1875 0.25 0.0625 0 0 0 0 0 0 

512 495 359 53 0 0.646465 0 0 0 0 0 0 0 0 0 0 0 0 0 0 0 0 0 0 0 0 0.0666667 0.266667 0.0666667 0.133333 0.266667 0.133333 0.0666667 0 0 0 0 0 0 

576 551 400 53 0 0.580762 0 0 0 0 0 0 0 0 0 0 0 0 0 0 0 0 0 0 0 0.0588235 0.0588235 0 0.176471 0.117647 0.470588 0.117647 0 0 0 0 0 0 0 

608 584 424 53 0 0.547945 0 0 0 0 0 0 0 0 0 0 0 0 0 0 0 0 0 0 0 0 0.111111 0.0555556 0.222222 0.166667 0.166667 0.222222 0.0555556 0 0 0 0 0 0 

608 593 437 53 0 0.539629 0 0 0 0 0 0 0 0 0 0 0 0 0 0 0 0 0 0 0 0 0.0555556 0.222222 0.0555556 0.0555556 0.333333 0.166667 0.111111 0 0 0 0 0 0 

608 585 413 53 0 0.547009 0 0 0 0 0 0 0 0 0 0 0 0 0 0 0 0 0 0.0555556 0 0.0555556 0 0.111111 0.111111 0.444444 0.166667 0 0.0555556 0 0 0 0 0 0 

608 596 444 53 0 0.536913 0 0 0 0 0 0 0 0 0 0 0 0 0 0 0 0 0 0 0 0 0 0.111111 0.0555556 0.222222 0.444444 0.111111 0.0555556 0 0 0 0 0 0 

544 517 370 53 0 0.618955 0 0 0 0 0 0 0 0 0 0 0 0 0 0 0 0 0 0 0.0625 0 0.0625 0 0.1875 0.3125 0.3125 0 0.0625 0 0 0 0 0 0 

576 566 419 53 0 0.565371 0 0 0 0 0 0 0 0 0 0 0 0 0 0 0 0 0 0 0 0 0 0.176471 0.176471 0.117647 0.235294 0.235294 0.0588235 0 0 0 0 0 0 

544 515 377 53 0 0.621359 0 0 0 0 0 0 0 0 0 0 0 0 0 0 0 0 0 0 0 0.0625 0 0.0625 0.125 0.1875 0.25 0.3125 0 0 0 0 0 0 0 

544 521 383 53 0 0.614203 0 0 0 0 0 0 0 0 0 0 0 0 0 0 0 0 0 0 0 0 0.125 0 0.25 0.0625 0.25 0.1875 0.125 0 0 0 0 0 0 

576 562 406 53 0 0.569395 0 0 0 0 0 0 0 0 0 0 0 0 0 0 0 0 0 0 0 0.0588235 0.0588235 0.117647 0.235294 0.235294 0.0588235 0.176471 0 0 0.0588235 0 0 0 0 

608 590 429 53 0 0.542373 0 0 0 0 0 0 0 0 0 0 0 0 0 0 0 0 0 0 0 0.0555556 0 0.166667 0.166667 0.0555556 0.388889 0.111111 0.0555556 0 0 0 0 0 0 

480 459 339 53 0 0.697168 0 0 0 0 0 0 0 0 0 0 0 0 0 0 0 0 0 0 0 0 0 0.0714286 0.142857 0.285714 0.357143 0.0714286 0.0714286 0 0 0 0 0 0 

672 656 476 53 0 0.487805 0 0 0 0 0 0 0 0 0 0 0 0 0 0 0 0 0 0 0 0.05 0.05 0.15 0.05 0.4 0.1 0.1 0.05 0 0.05 0 0 0 0 

576 551 393 53 0 0.580762 0 0 0 0 0 0 0 0 0 0 0 0 0 0 0 0 0 0 0 0 0.117647 0.0588235 0.294118 0.294118 0.0588235 0.117647 0.0588235 0 0 0 0 0 0 

832 806 592 53 0 0.397022 0 0 0 0 0 0 0 0 0 0 0 0 0 0 0 0 0 0 0 0.04 0.04 0.04 0.16 0.12 0.28 0.28 0.04 0 0 0 0 0 0 

480 454 336 53 0 0.704846 0 0 0 0 0 0 0 0 0 0 0 0 0 0 0 0 0 0 0 0 0 0.142857 0.0714286 0.0714286 0.5 0.214286 0 0 0 0 0 0 0 

608 591 443 53 0 0.541455 0 0 0 0 0 0 0 0 0 0 0 0 0 0 0 0 0 0 0 0 0 0.111111 0.166667 0.166667 0.222222 0.111111 0.166667 0.0555556 0 0 0 0 0 

544 523 371 53 0 0.611855 0 0 0 0 0 0 0 0 0 0 0 0 0 0 0 0 0 0 0 0.0625 0.0625 0 0.375 0.25 0.1875 0.0625 0 0 0 0 0 0 0 

544 534 384 53 0 0.599251 0 0 0 0 0 0 0 0 0 0 0 0 0 0 0 0 0 0 0 0 0.125 0 0.375 0.1875 0.25 0.0625 0 0 0 0 0 0 0 

480 457 332 53 0 0.700219 0 0 0 0 0 0 0 0 0 0 0 0 0 0 0 0 0 0 0 0 0.0714286 0.0714286 0.142857 0.285714 0.285714 0.142857 0 0 0 0 0 0 0 

576 563 422 53 0 0.568384 0 0 0 0 0 0 0 0 0 0 0 0 0 0 0 0 0 0 0 0 0 0.0588235 0.117647 0.235294 0.294118 0.235294 0.0588235 0 0 0 0 0 0 

576 555 402 53 0 0.576577 0 0 0 0 0 0 0 0 0 0 0 0 0 0 0 0 0 0 0 0 0.0588235 0.0588235 0.235294 0.235294 0.352941 0 0.0588235 0 0 0 0 0 0 

608 597 429 53 0 0.536013 0 0 0 0 0 0 0 0 0 0 0 0 0 0 0 0 0 0.0555556 0 0 0 0.166667 0.222222 0.277778 0.111111 0.0555556 0.111111 0 0 0 0 0 0 

512 491 349 53 0 0.651731 0 0 0 0 0 0 0 0 0 0 0 0 0 0 0 0 0 0 0 0 0.133333 0.133333 0.2 0.333333 0 0.2 0 0 0 0 0 0 0 

544 527 381 53 0 0.607211 0 0 0 0 0 0 0 0 0 0 0 0 0 0 0 0 0 0.0625 0 0 0.0625 0.0625 0.125 0.25 0.3125 0 0.125 0 0 0 0 0 0 

608 584 417 53 0 0.547945 0 0 0 0 0 0 0 0 0 0 0 0 0 0 0 0 0 0 0 0 0 0.333333 0.222222 0.0555556 0.166667 0.222222 0 0 0 0 0 0 0 

576 562 404 53 0 0.569395 0 0 0 0 0 0 0 0 0 0 0 0 0 0 0 0 0 0 0 0 0.117647 0.176471 0.117647 0.235294 0.176471 0.176471 0 0 0 0 0 0 0 

544 534 374 53 0 0.599251 0 0 0 0 0 0 0 0 0 0 0 0 0 0 0 0 0 0 0 0 0.25 0.125 0.25 0.1875 0.125 0.0625 0 0 0 0 0 0 0 

512 493 363 53 0 0.649087 0 0 0 0 0 0 0 0 0 0 0 0 0 0 0 0 0 0 0 0 0.0666667 0.0666667 0.133333 0.0666667 0.6 0 0.0666667 0 0 0 0 0 0 

576 550 404 53 0 0.581818 0 0 0 0 0 0 0 0 0 0 0 0 0 0 0 0 0 0 0 0 0.117647 0.117647 0.0588235 0.176471 0.176471 0.176471 0.176471 0 0 0 0 0 0 

576 561 408 53 0 0.57041 0 0 0 0 0 0 0 0 0 0 0 0 0 0 0 0 0 0 0 0 0.117647 0.117647 0.117647 0.235294 0.176471 0.176471 0.0588235 0 0 0 0 0 0 

608 598 446 53 0 0.535117 0 0 0 0 0 0 0 0 0 0 0 0 0 0 0 0 0 0 0 0 0 0.166667 0.111111 0.277778 0.166667 0.111111 0.0555556 0.111111 0 0 0 0 0 

544 529 394 53 0 0.604915 0 0 0 0 0 0 0 0 0 0 0 0 0 0 0 0 0 0.0625 0.0625 0 0 0.0625 0.0625 0 0.375 0.1875 0.0625 0.125 0 0 0 0 0 

448 439 337 53 0 0.728929 0 0 0 0 0 0 0 0 0 0 0 0 0 0 0 0 0 0 0 0 0 0.0769231 0.153846 0.153846 0.0769231 0.230769 0.307692 0 0 0 0 0 0 

576 553 398 53 0 0.578662 0 0 0 0 0 0 0 0 0 0 0 0 0 0 0 0 0 0.0588235 0 0.0588235 0 0.117647 0.0588235 0.117647 0.411765 0.176471 0 0 0 0 0 0 0 

608 588 433 53 0 0.544218 0 0 0 0 0 0 0 0 0 0 0 0 0 0 0 0 0 0 0 0 0.0555556 0.0555556 0.111111 0.277778 0.277778 0.166667 0.0555556 0 0 0 0 0 0 

512 502 378 53 0 0.63745 0 0 0 0 0 0 0 0 0 0 0 0 0 0 0 0 0 0 0 0 0.0666667 0 0.133333 0.2 0.266667 0.266667 0 0.0666667 0 0 0 0 0 

544 525 390 53 0 0.609524 0 0 0 0 0 0 0 0 0 0 0 0 0 0 0 0 0 0 0 0 0 0.125 0.125 0.25 0.25 0.125 0.0625 0.0625 0 0 0 0 0 

544 515 385 53 0 0.621359 0 0 0 0 0 0 0 0 0 0 0 0 0 0 0 0 0 0 0 0 0.0625 0.0625 0.1875 0.0625 0.125 0.3125 0.125 0.0625 0 0 0 0 0 

544 520 368 53 0 0.615385 0 0 0 0 0 0 0 0 0 0 0 0 0 0 0 0 0 0 0 0 0.125 0.25 0.0625 0.25 0.1875 0.125 0 0 0 0 0 0 0 

544 513 382 53 0 0.623782 0 0 0 0 0 0 0 0 0 0 0 0 0 0 0 0 0 0 0 0 0 0 0.0625 0.3125 0.375 0.25 0 0 0 0 0 0 0 

640 616 445 53 0 0.519481 0 0 0 0 0 0 0 0 0 0 0 0 0 0 0 0 0 0 0 0 0.0526316 0.0526316 0.263158 0.263158 0.210526 0.157895 0 0 0 0 0 0 0 

512 504 388 53 0 0.634921 0 0 0 0 0 0 0 0 0 0 0 0 0 0 0 0 0 0 0 0 0 0.0666667 0 0.266667 0.133333 0.333333 0.2 0 0 0 0 0 0 

544 528 388 53 0 0.606061 0 0 0 0 0 0 0 0 0 0 0 0 0 0 0 0 0 0 0 0 0 0.0625 0.3125 0.125 0.3125 0.1875 0 0 0 0 0 0 0 

448 441 321 50 0 0.725624 0 0 0 0 0 0 0 0 0 0 0 0 0 0 0 0 0 0.0769231 0 0 0.0769231 0.153846 0.0769231 0.0769231 0.384615 0.0769231 0 0.0769231 0 0 0 0 0 

544 520 371 53 0 0.615385 0 0 0 0 0 0 0 0 0 0 0 0 0 0 0 0 0 0.0625 0.0625 0.0625 0 0.0625 0.1875 0.125 0.125 0.25 0 0 0.0625 0 0 0 0 

608 581 432 53 0 0.550775 0 0 0 0 0 0 0 0 0 0 0 0 0 0 0 0 0 0 0 0 0 0.0555556 0.277778 0 0.277778 0.333333 0.0555556 0 0 0 0 0 0 

544 517 375 53 0 0.618955 0 0 0 0 0 0 0 0 0 0 0 0 0 0 0 0 0 0 0 0 0 0.1875 0.3125 0.125 0.125 0.1875 0 0 0.0625 0 0 0 0 

480 469 347 53 0 0.682303 0 0 0 0 0 0 0 0 0 0 0 0 0 0 0 0 0 0 0 0 0.0714286 0.0714286 0.142857 0.142857 0.357143 0.214286 0 0 0 0 0 0 0 

608 588 417 53 0 0.544218 0 0 0 0 0 0 0 0 0 0 0 0 0 0 0 0.0555556 0 0 0 0 0 0.222222 0.111111 0.222222 0.277778 0.111111 0 0 0 0 0 0 0 

544 517 379 53 0 0.618955 0 0 0 0 0 0 0 0 0 0 0 0 0 0 0 0 0 0 0.0625 0 0 0.0625 0.125 0.125 0.3125 0.3125 0 0 0 0 0 0 0 

704 684 488 53 0 0.467836 0 0 0 0 0 0 0 0 0 0 0 0 0 0 0 0 0 0 0.0952381 0.047619 0.047619 0.047619 0.238095 0.190476 0.0952381 0.0952381 0.047619 0.0952381 0 0 0 0 0 

512 486 358 53 0 0.658436 0 0 0 0 0 0 0 0 0 0 0 0 0 0 0 0 0 0 0 0 0.0666667 0.133333 0.133333 0.0666667 0.266667 0.2 0.133333 0 0 0 0 0 0 

544 533 396 53 0 0.600375 0 0 0 0 0 0 0 0 0 0 0 0 0 0 0 0 0 0 0 0 0 0.125 0.125 0.375 0.125 0.0625 0.1875 0 0 0 0 0 0 

544 524 393 53 0 0.610687 0 0 0 0 0 0 0 0 0 0 0 0 0 0 0 0 0 0 0 0.0625 0.0625 0 0.0625 0.25 0.0625 0.25 0.25 0 0 0 0 0 0 

512 493 369 53 0 0.649087 0 0 0 0 0 0 0 0 0 0 0 0 0 0 0 0 0 0 0 0 0 0 0.133333 0.333333 0.333333 0.0666667 0.133333 0 0 0 0 0 0 

576 553 407 53 0 0.578662 0 0 0 0 0 0 0 0 0 0 0 0 0 0 0 0 0 0 0 0 0 0.176471 0.235294 0.0588235 0.176471 0.235294 0.117647 0 0 0 0 0 0 

576 557 411 53 0 0.574506 0 0 0 0 0 0 0 0 0 0 0 0 0 0 0 0 0 0 0 0 0 0.117647 0.117647 0.235294 0.294118 0.235294 0 0 0 0 0 0 0 

576 566 424 53 0 0.565371 0 0 0 0 0 0 0 0 0 0 0 0 0 0 0 0 0 0 0 0 0.0588235 0.0588235 0 0.235294 0.411765 0.176471 0.0588235 0 0 0 0 0 0 

544 528 385 53 0 0.606061 0 0 0 0 0 0 0 0 0 0 0 0 0 0 0 0 0 0 0 0 0.0625 0.125 0.1875 0.3125 0.0625 0.125 0.125 0 0 0 0 0 0 

608 593 434 53 0 0.539629 0 0 0 0 0 0 0 0 0 0 0 0 0 0 0 0 0 0 0 0 0.0555556 0.0555556 0.222222 0.222222 0.222222 0.222222 0 0 0 0 0 0 0 

512 493 372 53 0 0.649087 0 0 0 0 0 0 0 0 0 0 0 0 0 0 0 0 0 0 0 0 0 0 0 0.333333 0.466667 0.133333 0.0666667 0 0 0 0 0 0 

672 650 473 53 0 0.492308 0 0 0 0 0 0 0 0 0 0 0 0 0 0 0 0 0 0 0 0 0.1 0.05 0.15 0.3 0.15 0.2 0.05 0 0 0 0 0 0 

576 562 412 53 0 0.569395 0 0 0 0 0 0 0 0 0 0 0 0 0 0 0 0 0 0 0 0 0 0.235294 0.235294 0.176471 0.117647 0 0.176471 0.0588235 0 0 0 0 0 

512 497 367 53 0 0.643863 0 0 0 0 0 0 0 0 0 0 0 0 0 0 0 0 0 0 0 0 0 0.0666667 0.2 0.133333 0.533333 0.0666667 0 0 0 0 0 0 0 

544 527 384 53 0 0.607211 0 0 0 0 0 0 0 0 0 0 0 0 0 0 0 0 0 0 0 0 0 0.0625 0.375 0.1875 0.1875 0.1875 0 0 0 0 0 0 0 

608 590 422 53 0 0.542373 0 0 0 0 0 0 0 0 0 0 0 0 0 0 0 0 0 0 0 0 0.0555556 0.166667 0.277778 0.166667 0.222222 0.111111 0 0 0 0 0 0 0 

608 588 434 53 0 0.544218 0 0 0 0 0 0 0 0 0 0 0 0 0 0 0 0 0 0 0 0 0 0.0555556 0.166667 0.277778 0.277778 0.222222 0 0 0 0 0 0 0 

576 555 409 53 0 0.576577 0 0 0 0 0 0 0 0 0 0 0 0 0 0 0 0 0 0 0 0 0.117647 0.117647 0.176471 0.117647 0.117647 0.0588235 0.235294 0.0588235 0 0 0 0 0 

512 497 362 53 0 0.643863 0 0 0 0 0 0 0 0 0 0 0 0 0 0 0 0 0 0 0 0 0 0.0666667 0.466667 0.133333 0.133333 0.133333 0.0666667 0 0 0 0 0 0 

544 519 384 53 0 0.61657 0 0 0 0 0 0 0 0 0 0 0 0 0 0 0 0 0 0 0 0.0625 0 0.0625 0.125 0.1875 0.125 0.375 0.0625 0 0 0 0 0 0 

512 498 365 53 0 0.64257 0 0 0 0 0 0 0 0 0 0 0 0 0 0 0 0 0 0.0666667 0 0 0 0 0.266667 0.2 0.2 0.2 0.0666667 0 0 0 0 0 0 

608 592 441 53 0 0.540541 0 0 0 0 0 0 0 0 0 0 0 0 0 0 0 0 0 0 0 0 0.0555556 0.0555556 0.222222 0.0555556 0.277778 0.166667 0.166667 0 0 0 0 0 0 

448 436 321 51 0 0.733945 0 0 0 0 0 0 0 0 0 0 0 0 0 0 0 0 0 0 0 0 0.0769231 0.0769231 0.307692 0.0769231 0.153846 0.230769 0.0769231 0 0 0 0 0 0 

576 565 414 53 0 0.566372 0 0 0 0 0 0 0 0 0 0 0 0 0 0 0 0 0 0 0 0.0588235 0.117647 0.0588235 0 0.235294 0.294118 0.176471 0.0588235 0 0 0 0 0 0 

608 584 419 53 0 0.547945 0 0 0 0 0 0 0 0 0 0 0 0 0 0 0 0 0 0 0 0 0.111111 0.166667 0.0555556 0.388889 0.0555556 0.166667 0.0555556 0 0 0 0 0 0 

640 619 465 53 0 0.516963 0 0 0 0 0 0 0 0 0 0 0 0 0 0 0 0 0 0 0 0 0.0526316 0.105263 0.0526316 0.0526316 0.315789 0.315789 0.0526316 0.0526316 0 0 0 0 0 

512 501 376 53 0 0.638723 0 0 0 0 0 0 0 0 0 0 0 0 0 0 0 0 0 0 0 0.0666667 0 0 0.2 0.2 0.2 0.2 0 0.133333 0 0 0 0 0 

544 530 395 53 0 0.603774 0 0 0 0 0 0 0 0 0 0 0 0 0 0 0 0 0 0 0 0 0 0.0625 0.25 0 0.5 0.125 0.0625 0 0 0 0 0 0 

640 617 450 53 0 0.518639 0 0 0 0 0 0 0 0 0 0 0 0 0 0 0 0 0 0 0 0 0.105263 0 0.105263 0.368421 0.210526 0.210526 0 0 0 0 0 0 0 

480 456 334 53 0 0.701754 0 0 0 0 0 0 0 0 0 0 0 0 0 0 0 0 0 0 0 0 0.142857 0.0714286 0.142857 0.142857 0.214286 0.0714286 0.214286 0 0 0 0 0 0 

608 589 431 53 0 0.543294 0 0 0 0 0 0 0 0 0 0 0 0 0 0 0 0 0 0 0 0 0 0.166667 0.222222 0.166667 0.111111 0.333333 0 0 0 0 0 0 0 

608 589 436 53 0 0.543294 0 0 0 0 0 0 0 0 0 0 0 0 0 0 0 0 0 0 0 0 0 0.111111 0.111111 0.388889 0.111111 0.111111 0.166667 0 0 0 0 0 0 

448 428 321 51 0 0.747664 0 0 0 0 0 0 0 0 0 0 0 0 0 0 0 0 0 0 0 0 0 0.0769231 0.153846 0.153846 0.230769 0.307692 0.0769231 0 0 0 0 0 0 

