416 387 291 46 0 0.620155 0 0 0 0 0 0 0 0 0 0 0 0 0 0 0 0 0 0 0 0 0 0 0.166667 0.166667 0.333333 0.25 0 0.0833333 0 0 0 0 0 

448 423 304 46 0 0.567376 0 0 0 0 0 0 0 0 0 0 0 0 0 0 0 0 0 0 0 0 0 0.230769 0.153846 0.307692 0.153846 0.153846 0 0 0 0 0 0 0 

416 388 287 46 0 0.618557 0 0 0 0 0 0 0 0 0 0 0 0 0 0 0 0 0 0 0.0833333 0 0.0833333 0.0833333 0.0833333 0 0.0833333 0.416667 0.0833333 0.0833333 0 0 0 0 0 

480 455 314 46 0 0.527473 0 0 0 0 0 0 0 0 0 0 0 0 0 0 0 0 0 0.0714286 0 0 0 0.214286 0.428571 0.142857 0.0714286 0.0714286 0 0 0 0 0 0 0 

448 422 313 46 0 0.56872 0 0 0 0 0 0 0 0 0 0 0 0 0 0 0 0 0 0 0 0 0 0.0769231 0.230769 0.153846 0.230769 0.230769 0 0.0769231 0 0 0 0 0 

416 392 293 46 0 0.612245 0 0 0 0 0 0 0 0 0 0 0 0 0 0 0 0 0 0 0 0 0 0 0.333333 0.166667 0.0833333 0.25 0.166667 0 0 0 0 0 0 

416 392 286 46 0 0.612245 0 0 0 0 0 0 0 0 0 0 0 0 0 0 0 0 0 0 0 0 0 0 0.333333 0.25 0.333333 0.0833333 0 0 0 0 0 0 0 

416 392 299 46 0 0.612245 0 0 0 0 0 0 0 0 0 0 0 0 0 0 0 0 0 0 0 0 0 0.0833333 0.0833333 0 0.25 0.5 0.0833333 0 0 0 0 0 0 

448 423 303 46 0 0.567376 0 0 0 0 0 0 0 0 0 0 0 0 0 0 0 0 0 0 0 0 0.0769231 0.153846 0.230769 0.153846 0.230769 0.153846 0 0 0 0 0 0 0 

416 389 287 46 0 0.616967 0 0 0 0 0 0 0 0 0 0 0 0 0 0 0 0 0 0 0 0 0 0.0833333 0.166667 0.0833333 0.5 0.166667 0 0 0 0 0 0 0 

