3296 3285 2373 120 0 0.487062 0 0 0 0 0 0 0 0 0 0 0 0 0 0 0 0 0 0 0.0294118 0.00980392 0.0392157 0.0882353 0.186275 0.196078 0.22549 0.186275 0.0294118 0.00980392 0 0 0 0 0 

3488 3470 2519 120 0 0.461095 0 0 0 0 0 0 0 0 0 0 0 0 0 0 0 0 0.00925926 0 0.00925926 0.00925926 0.00925926 0.12037 0.157407 0.231481 0.231481 0.148148 0.0555556 0.0185185 0 0 0 0 0 

3488 3470 2523 120 0 0.461095 0 0 0 0 0 0 0 0 0 0 0 0 0 0 0 0 0 0 0 0.00925926 0.0648148 0.0555556 0.194444 0.240741 0.203704 0.138889 0.0833333 0.00925926 0 0 0 0 0 

3360 3341 2430 120 0 0.478899 0 0 0 0 0 0 0 0 0 0 0 0 0 0 0 0 0 0 0.00961538 0.00961538 0.0288462 0.0865385 0.144231 0.269231 0.211538 0.201923 0.0384615 0 0 0 0 0 0 

3488 3469 2532 120 0 0.461228 0 0 0 0 0 0 0 0 0 0 0 0 0 0 0 0 0 0 0 0.0185185 0.0277778 0.12963 0.166667 0.203704 0.185185 0.138889 0.0740741 0.0555556 0 0 0 0 0 

3488 3472 2534 120 0 0.460829 0 0 0 0 0 0 0 0 0 0 0 0 0 0 0 0 0 0 0.00925926 0.0185185 0.0740741 0.0648148 0.157407 0.194444 0.157407 0.212963 0.0833333 0.0277778 0 0 0 0 0 

3488 3470 2531 120 0 0.461095 0 0 0 0 0 0 0 0 0 0 0 0 0 0 0 0 0 0 0.0185185 0 0.037037 0.0740741 0.166667 0.194444 0.277778 0.148148 0.0833333 0 0 0 0 0 0 

3328 3316 2429 120 0 0.482509 0 0 0 0 0 0 0 0 0 0 0 0 0 0 0 0 0 0 0 0 0.0291262 0.0873786 0.15534 0.23301 0.271845 0.15534 0.0485437 0.0194175 0 0 0 0 0 

3488 3470 2514 120 0 0.461095 0 0 0 0 0 0 0 0 0 0 0 0 0 0 0 0 0 0 0 0 0.0555556 0.111111 0.157407 0.212963 0.305556 0.101852 0.037037 0.0185185 0 0 0 0 0 

3488 3469 2523 120 0 0.461228 0 0 0 0 0 0 0 0 0 0 0 0 0 0 0 0 0 0 0 0 0.0833333 0.12037 0.111111 0.222222 0.222222 0.12963 0.0833333 0.0277778 0 0 0 0 0 

