544 523 390 53 0 0.611855 0 0 0 0 0 0 0 0 0 0 0 0 0 0 0 0 0 0 0 0 0 0.0625 0.125 0.1875 0.375 0.1875 0.0625 0 0 0 0 0 0 

480 468 347 53 0 0.683761 0 0 0 0 0 0 0 0 0 0 0 0 0 0 0 0 0 0 0 0 0 0.0714286 0.285714 0.285714 0.142857 0.0714286 0.0714286 0.0714286 0 0 0 0 0 

448 435 324 53 0 0.735632 0 0 0 0 0 0 0 0 0 0 0 0 0 0 0 0 0 0 0 0 0 0.0769231 0.307692 0.0769231 0.307692 0.0769231 0.153846 0 0 0 0 0 0 

512 497 366 53 0 0.643863 0 0 0 0 0 0 0 0 0 0 0 0 0 0 0 0 0 0 0 0 0 0.2 0.0666667 0.2 0.333333 0.2 0 0 0 0 0 0 0 

480 462 347 53 0 0.692641 0 0 0 0 0 0 0 0 0 0 0 0 0 0 0 0 0 0 0 0 0 0 0.0714286 0.5 0.142857 0.142857 0.142857 0 0 0 0 0 0 

544 529 381 53 0 0.604915 0 0 0 0 0 0 0 0 0 0 0 0 0 0 0 0 0 0 0 0.0625 0.0625 0 0.3125 0.25 0.125 0.1875 0 0 0 0 0 0 0 

576 551 391 53 0 0.580762 0 0 0 0 0 0 0 0 0 0 0 0 0 0 0 0 0 0 0 0.117647 0 0.117647 0.176471 0.235294 0.235294 0.117647 0 0 0 0 0 0 0 

608 586 429 53 0 0.546075 0 0 0 0 0 0 0 0 0 0 0 0 0 0 0 0 0 0 0 0 0.0555556 0.0555556 0.277778 0.111111 0.277778 0.111111 0.111111 0 0 0 0 0 0 

480 462 338 53 0 0.692641 0 0 0 0 0 0 0 0 0 0 0 0 0 0 0 0 0 0 0 0.0714286 0 0 0.357143 0.214286 0.0714286 0.214286 0 0.0714286 0 0 0 0 0 

544 534 391 53 0 0.599251 0 0 0 0 0 0 0 0 0 0 0 0 0 0 0 0 0 0 0 0 0.125 0.0625 0.125 0.25 0.1875 0.25 0 0 0 0 0 0 0 

480 471 355 53 0 0.679406 0 0 0 0 0 0 0 0 0 0 0 0 0 0 0 0 0 0 0 0 0 0.0714286 0.142857 0.214286 0.214286 0.285714 0.0714286 0 0 0 0 0 0 

544 517 377 53 0 0.618955 0 0 0 0 0 0 0 0 0 0 0 0 0 0 0 0 0 0 0 0 0.0625 0.0625 0.3125 0.125 0.1875 0.0625 0.1875 0 0 0 0 0 0 

576 553 424 53 0 0.578662 0 0 0 0 0 0 0 0 0 0 0 0 0 0 0 0 0 0 0 0 0.0588235 0.0588235 0 0.0588235 0.352941 0.235294 0.117647 0.0588235 0.0588235 0 0 0 0 

640 616 458 53 0 0.519481 0 0 0 0 0 0 0 0 0 0 0 0 0 0 0 0 0 0 0 0 0.0526316 0.0526316 0.105263 0.157895 0.315789 0.263158 0 0.0526316 0 0 0 0 0 

672 662 482 53 0 0.483384 0 0 0 0 0 0 0 0 0 0 0 0 0 0 0 0 0 0 0 0.05 0.05 0.1 0.2 0.2 0.1 0.25 0.05 0 0 0 0 0 0 

576 570 404 53 0 0.561404 0 0 0 0 0 0 0 0 0 0 0 0 0 0 0 0 0 0 0 0 0.176471 0.176471 0.176471 0.235294 0.176471 0.0588235 0 0 0 0 0 0 0 

608 580 418 53 0 0.551724 0 0 0 0 0 0 0 0 0 0 0 0 0 0 0 0 0.0555556 0 0 0.0555556 0 0.111111 0.0555556 0.222222 0.277778 0.166667 0 0 0.0555556 0 0 0 0 

576 557 410 53 0 0.574506 0 0 0 0 0 0 0 0 0 0 0 0 0 0 0 0 0 0 0.0588235 0 0 0.0588235 0.0588235 0.411765 0.176471 0.0588235 0.176471 0 0 0 0 0 0 

704 682 499 53 0 0.469208 0 0 0 0 0 0 0 0 0 0 0 0 0 0 0 0 0 0 0 0 0 0.0952381 0.190476 0.190476 0.380952 0.142857 0 0 0 0 0 0 0 

576 550 387 53 0 0.581818 0 0 0 0 0 0 0 0 0 0 0 0 0 0 0 0 0 0 0.0588235 0 0.0588235 0.176471 0.176471 0.235294 0.176471 0.117647 0 0 0 0 0 0 0 

576 562 419 53 0 0.569395 0 0 0 0 0 0 0 0 0 0 0 0 0 0 0 0 0 0 0 0 0 0.0588235 0.235294 0.176471 0.235294 0.176471 0.117647 0 0 0 0 0 0 

704 682 489 53 0 0.469208 0 0 0 0 0 0 0 0 0 0 0 0 0 0 0 0 0 0.047619 0 0 0 0.142857 0.190476 0.190476 0.285714 0.142857 0 0 0 0 0 0 0 

448 431 321 51 0 0.742459 0 0 0 0 0 0 0 0 0 0 0 0 0 0 0 0 0 0 0 0 0.0769231 0 0 0.461538 0.230769 0.153846 0.0769231 0 0 0 0 0 0 

672 657 463 53 0 0.487062 0 0 0 0 0 0 0 0 0 0 0 0 0 0 0 0 0 0 0 0 0.1 0.2 0.35 0.1 0.15 0.1 0 0 0 0 0 0 0 

576 550 399 53 0 0.581818 0 0 0 0 0 0 0 0 0 0 0 0 0 0 0 0 0 0 0 0 0.0588235 0.117647 0.117647 0.294118 0.235294 0.117647 0.0588235 0 0 0 0 0 0 

448 436 320 39 0 0.733945 0 0 0 0 0 0 0 0 0 0 0 0 0 0 0 0 0 0 0 0 0 0.0769231 0.230769 0.384615 0.153846 0.153846 0 0 0 0 0 0 0 

640 616 441 53 0 0.519481 0 0 0 0 0 0 0 0 0 0 0 0 0 0 0 0 0 0 0 0.105263 0 0.210526 0.157895 0.105263 0.105263 0.263158 0.0526316 0 0 0 0 0 0 

544 521 371 53 0 0.614203 0 0 0 0 0 0 0 0 0 0 0 0 0 0 0 0 0 0 0 0.0625 0.0625 0 0.3125 0.3125 0.125 0.125 0 0 0 0 0 0 0 

576 562 424 53 0 0.569395 0 0 0 0 0 0 0 0 0 0 0 0 0 0 0 0 0 0 0 0 0.0588235 0 0.117647 0.235294 0.235294 0.176471 0.117647 0.0588235 0 0 0 0 0 

544 525 378 53 0 0.609524 0 0 0 0 0 0 0 0 0 0 0 0 0 0 0 0 0 0 0 0.0625 0 0.1875 0.1875 0.1875 0.1875 0.125 0.0625 0 0 0 0 0 0 

544 520 391 53 0 0.615385 0 0 0 0 0 0 0 0 0 0 0 0 0 0 0 0 0 0 0 0 0 0.0625 0.0625 0.3125 0.3125 0 0.1875 0.0625 0 0 0 0 0 

608 591 433 53 0 0.541455 0 0 0 0 0 0 0 0 0 0 0 0 0 0 0 0 0 0 0 0.0555556 0 0 0.166667 0.388889 0.222222 0.111111 0.0555556 0 0 0 0 0 0 

576 552 413 53 0 0.57971 0 0 0 0 0 0 0 0 0 0 0 0 0 0 0 0 0 0 0 0 0.0588235 0.0588235 0.176471 0.117647 0.235294 0 0.352941 0 0 0 0 0 0 

576 549 408 53 0 0.582878 0 0 0 0 0 0 0 0 0 0 0 0 0 0 0 0 0 0 0 0 0 0.0588235 0.176471 0.294118 0.176471 0.176471 0.0588235 0 0.0588235 0 0 0 0 

512 487 353 53 0 0.657084 0 0 0 0 0 0 0 0 0 0 0 0 0 0 0 0 0 0 0 0 0.0666667 0.0666667 0.333333 0.0666667 0.266667 0.133333 0.0666667 0 0 0 0 0 0 

576 551 401 53 0 0.580762 0 0 0 0 0 0 0 0 0 0 0 0 0 0 0 0 0 0 0 0 0.0588235 0.0588235 0.235294 0.176471 0.235294 0.235294 0 0 0 0 0 0 0 

544 523 380 53 0 0.611855 0 0 0 0 0 0 0 0 0 0 0 0 0 0 0 0 0 0 0 0 0 0.125 0.1875 0.4375 0.0625 0.125 0.0625 0 0 0 0 0 0 

480 471 354 53 0 0.679406 0 0 0 0 0 0 0 0 0 0 0 0 0 0 0 0 0 0 0 0 0 0.0714286 0.357143 0 0.142857 0.285714 0.142857 0 0 0 0 0 0 

576 557 415 53 0 0.574506 0 0 0 0 0 0 0 0 0 0 0 0 0 0 0 0 0 0 0 0 0 0.0588235 0.235294 0.176471 0.176471 0.235294 0.117647 0 0 0 0 0 0 

448 439 340 53 0 0.728929 0 0 0 0 0 0 0 0 0 0 0 0 0 0 0 0 0 0 0 0 0 0.0769231 0.0769231 0.153846 0.153846 0.307692 0.153846 0 0.0769231 0 0 0 0 

448 424 321 53 0 0.754717 0 0 0 0 0 0 0 0 0 0 0 0 0 0 0 0 0 0 0 0 0 0.0769231 0.230769 0.0769231 0.0769231 0.230769 0.307692 0 0 0 0 0 0 

672 645 463 53 0 0.496124 0 0 0 0 0 0 0 0 0 0 0 0 0 0 0 0 0 0 0 0.05 0 0.1 0.3 0.25 0.1 0.1 0.1 0 0 0 0 0 0 

480 464 346 53 0 0.689655 0 0 0 0 0 0 0 0 0 0 0 0 0 0 0 0 0 0 0 0 0 0 0.0714286 0.571429 0.142857 0.142857 0.0714286 0 0 0 0 0 0 

736 711 508 53 0 0.45007 0 0 0 0 0 0 0 0 0 0 0 0 0 0 0 0 0 0 0 0.0454545 0.0454545 0.136364 0.227273 0.136364 0.272727 0.0909091 0.0454545 0 0 0 0 0 0 

544 533 400 53 0 0.600375 0 0 0 0 0 0 0 0 0 0 0 0 0 0 0 0 0 0 0 0 0.0625 0.0625 0.0625 0.1875 0.3125 0.1875 0.125 0 0 0 0 0 0 

608 594 420 53 0 0.538721 0 0 0 0 0 0 0 0 0 0 0 0 0 0 0 0 0 0 0 0 0.0555556 0.333333 0.222222 0.166667 0.166667 0 0 0.0555556 0 0 0 0 0 

544 524 376 53 0 0.610687 0 0 0 0 0 0 0 0 0 0 0 0 0 0 0 0 0 0 0 0.0625 0 0.0625 0.3125 0.3125 0.0625 0.1875 0 0 0 0 0 0 0 

608 583 425 53 0 0.548885 0 0 0 0 0 0 0 0 0 0 0 0 0 0 0 0 0 0 0 0 0.0555556 0.0555556 0.222222 0.222222 0.277778 0.111111 0 0.0555556 0 0 0 0 0 

672 648 472 53 0 0.493827 0 0 0 0 0 0 0 0 0 0 0 0 0 0 0 0 0 0 0 0 0 0.15 0.1 0.35 0.2 0.2 0 0 0 0 0 0 0 

512 486 350 53 0 0.658436 0 0 0 0 0 0 0 0 0 0 0 0 0 0 0 0 0 0 0 0 0.0666667 0.2 0.133333 0.133333 0.266667 0.2 0 0 0 0 0 0 0 

512 506 379 53 0 0.632411 0 0 0 0 0 0 0 0 0 0 0 0 0 0 0 0 0 0 0 0 0.0666667 0.0666667 0.133333 0.266667 0.2 0.0666667 0.133333 0.0666667 0 0 0 0 0 

576 553 404 53 0 0.578662 0 0 0 0 0 0 0 0 0 0 0 0 0 0 0 0 0 0 0 0.117647 0 0 0.117647 0.176471 0.411765 0.117647 0.0588235 0 0 0 0 0 0 

448 433 321 52 0 0.73903 0 0 0 0 0 0 0 0 0 0 0 0 0 0 0 0 0 0 0 0 0 0 0.307692 0.230769 0.384615 0 0 0.0769231 0 0 0 0 0 

672 661 480 53 0 0.484115 0 0 0 0 0 0 0 0 0 0 0 0 0 0 0 0 0 0 0 0 0.05 0.2 0.15 0.2 0.15 0.25 0 0 0 0 0 0 0 

544 519 379 53 0 0.61657 0 0 0 0 0 0 0 0 0 0 0 0 0 0 0 0 0 0 0 0 0.125 0 0 0.3125 0.5 0.0625 0 0 0 0 0 0 0 

544 522 374 53 0 0.613027 0 0 0 0 0 0 0 0 0 0 0 0 0 0 0 0 0 0 0 0 0.125 0.1875 0.1875 0.125 0.1875 0.0625 0.125 0 0 0 0 0 0 

512 500 367 53 0 0.64 0 0 0 0 0 0 0 0 0 0 0 0 0 0 0 0 0 0 0 0 0 0.133333 0.2 0.133333 0.466667 0.0666667 0 0 0 0 0 0 0 

576 564 418 53 0 0.567376 0 0 0 0 0 0 0 0 0 0 0 0 0 0 0 0 0 0 0 0 0.0588235 0.0588235 0.117647 0.352941 0.117647 0.176471 0.117647 0 0 0 0 0 0 

576 565 410 53 0 0.566372 0 0 0 0 0 0 0 0 0 0 0 0 0 0 0 0 0 0 0 0 0 0.176471 0.176471 0.352941 0.176471 0.117647 0 0 0 0 0 0 0 

576 559 406 53 0 0.572451 0 0 0 0 0 0 0 0 0 0 0 0 0 0 0 0 0 0 0 0 0.117647 0 0.294118 0.294118 0.0588235 0.117647 0.117647 0 0 0 0 0 0 

640 622 454 53 0 0.514469 0 0 0 0 0 0 0 0 0 0 0 0 0 0 0 0 0 0 0 0.0526316 0 0.0526316 0.263158 0.157895 0.263158 0.157895 0.0526316 0 0 0 0 0 0 

512 498 371 53 0 0.64257 0 0 0 0 0 0 0 0 0 0 0 0 0 0 0 0 0 0 0 0 0.0666667 0.133333 0.133333 0.0666667 0.333333 0.133333 0.0666667 0 0.0666667 0 0 0 0 

640 618 453 53 0 0.517799 0 0 0 0 0 0 0 0 0 0 0 0 0 0 0 0 0 0 0 0 0.0526316 0.157895 0 0.315789 0.263158 0.105263 0.105263 0 0 0 0 0 0 

448 431 321 52 0 0.742459 0 0 0 0 0 0 0 0 0 0 0 0 0 0 0 0 0 0 0 0 0 0.153846 0.153846 0.0769231 0.307692 0.230769 0.0769231 0 0 0 0 0 0 

576 553 408 53 0 0.578662 0 0 0 0 0 0 0 0 0 0 0 0 0 0 0 0 0 0 0 0 0 0.235294 0.0588235 0.117647 0.294118 0.176471 0.117647 0 0 0 0 0 0 

608 595 430 53 0 0.537815 0 0 0 0 0 0 0 0 0 0 0 0 0 0 0 0 0 0 0 0 0.0555556 0.111111 0.166667 0.5 0.0555556 0.0555556 0 0.0555556 0 0 0 0 0 

576 552 405 53 0 0.57971 0 0 0 0 0 0 0 0 0 0 0 0 0 0 0 0 0 0 0 0 0 0.117647 0.176471 0.294118 0.117647 0.235294 0.0588235 0 0 0 0 0 0 

576 559 403 53 0 0.572451 0 0 0 0 0 0 0 0 0 0 0 0 0 0 0 0 0 0.0588235 0 0 0.0588235 0.0588235 0.176471 0.176471 0.294118 0.176471 0 0 0 0 0 0 0 

480 465 348 53 0 0.688172 0 0 0 0 0 0 0 0 0 0 0 0 0 0 0 0 0 0 0 0 0.0714286 0 0.0714286 0.214286 0.428571 0.142857 0.0714286 0 0 0 0 0 0 

544 520 379 53 0 0.615385 0 0 0 0 0 0 0 0 0 0 0 0 0 0 0 0 0 0 0 0 0.125 0.125 0.0625 0.25 0.125 0.1875 0.125 0 0 0 0 0 0 

576 557 395 53 0 0.574506 0 0 0 0 0 0 0 0 0 0 0 0 0 0 0 0 0 0 0.0588235 0 0.117647 0.0588235 0.294118 0.235294 0.0588235 0.0588235 0.117647 0 0 0 0 0 0 

512 496 367 53 0 0.645161 0 0 0 0 0 0 0 0 0 0 0 0 0 0 0 0 0 0 0 0 0 0 0.2 0.333333 0.4 0 0.0666667 0 0 0 0 0 0 

512 492 375 53 0 0.650406 0 0 0 0 0 0 0 0 0 0 0 0 0 0 0 0 0 0 0 0 0.133333 0 0.133333 0 0 0.466667 0.266667 0 0 0 0 0 0 

608 593 434 53 0 0.539629 0 0 0 0 0 0 0 0 0 0 0 0 0 0 0 0 0 0 0 0.111111 0.0555556 0.0555556 0 0.388889 0.0555556 0.166667 0.166667 0 0 0 0 0 0 

480 463 345 53 0 0.691145 0 0 0 0 0 0 0 0 0 0 0 0 0 0 0 0 0 0 0 0 0 0.214286 0.0714286 0.0714286 0.357143 0.142857 0.142857 0 0 0 0 0 0 

576 559 410 53 0 0.572451 0 0 0 0 0 0 0 0 0 0 0 0 0 0 0 0 0 0 0 0.0588235 0.0588235 0 0.117647 0.352941 0.176471 0.117647 0.117647 0 0 0 0 0 0 

608 589 424 53 0 0.543294 0 0 0 0 0 0 0 0 0 0 0 0 0 0 0 0 0 0 0 0 0.0555556 0.0555556 0.388889 0.166667 0.222222 0.0555556 0.0555556 0 0 0 0 0 0 

544 528 384 53 0 0.606061 0 0 0 0 0 0 0 0 0 0 0 0 0 0 0 0 0 0 0 0 0 0.1875 0.125 0.375 0.125 0.1875 0 0 0 0 0 0 0 

576 561 409 53 0 0.57041 0 0 0 0 0 0 0 0 0 0 0 0 0 0 0 0 0 0 0 0 0.117647 0.0588235 0.294118 0.176471 0.117647 0.0588235 0.117647 0.0588235 0 0 0 0 0 

480 471 351 53 0 0.679406 0 0 0 0 0 0 0 0 0 0 0 0 0 0 0 0 0 0 0 0 0 0.142857 0.285714 0.142857 0.0714286 0.142857 0.214286 0 0 0 0 0 0 

576 566 400 53 0 0.565371 0 0 0 0 0 0 0 0 0 0 0 0 0 0 0 0 0 0 0 0.117647 0.0588235 0.0588235 0.411765 0.0588235 0.235294 0 0.0588235 0 0 0 0 0 0 

576 551 395 53 0 0.580762 0 0 0 0 0 0 0 0 0 0 0 0 0 0 0 0 0 0 0 0 0.0588235 0.117647 0.235294 0.235294 0.294118 0 0.0588235 0 0 0 0 0 0 

576 554 405 53 0 0.577617 0 0 0 0 0 0 0 0 0 0 0 0 0 0 0 0 0 0 0 0 0.0588235 0.0588235 0.176471 0.294118 0.235294 0.0588235 0.117647 0 0 0 0 0 0 

544 518 361 53 0 0.617761 0 0 0 0 0 0 0 0 0 0 0 0 0 0 0 0 0 0 0 0.125 0.0625 0.1875 0.25 0.0625 0.1875 0.0625 0.0625 0 0 0 0 0 0 

512 492 353 53 0 0.650406 0 0 0 0 0 0 0 0 0 0 0 0 0 0 0 0 0 0 0 0 0.133333 0.2 0.133333 0.133333 0.133333 0.266667 0 0 0 0 0 0 0 

544 530 391 53 0 0.603774 0 0 0 0 0 0 0 0 0 0 0 0 0 0 0 0 0 0 0 0 0.125 0.0625 0.1875 0.1875 0.0625 0.25 0.0625 0.0625 0 0 0 0 0 

576 554 409 53 0 0.577617 0 0 0 0 0 0 0 0 0 0 0 0 0 0 0 0 0 0 0 0.0588235 0 0.0588235 0.235294 0.235294 0.0588235 0.176471 0.0588235 0.117647 0 0 0 0 0 

608 590 431 53 0 0.542373 0 0 0 0 0 0 0 0 0 0 0 0 0 0 0 0 0 0 0 0 0 0.166667 0.222222 0.222222 0.111111 0.222222 0.0555556 0 0 0 0 0 0 

576 557 396 53 0 0.574506 0 0 0 0 0 0 0 0 0 0 0 0 0 0 0 0 0 0 0 0.0588235 0.117647 0.117647 0.117647 0.235294 0.235294 0.117647 0 0 0 0 0 0 0 

544 524 397 53 0 0.610687 0 0 0 0 0 0 0 0 0 0 0 0 0 0 0 0 0 0 0 0 0.0625 0 0.125 0.1875 0.125 0.25 0.25 0 0 0 0 0 0 

608 595 424 53 0 0.537815 0 0 0 0 0 0 0 0 0 0 0 0 0 0 0 0 0 0 0.0555556 0.0555556 0 0.166667 0.111111 0.222222 0.333333 0.0555556 0 0 0 0 0 0 0 

544 530 395 53 0 0.603774 0 0 0 0 0 0 0 0 0 0 0 0 0 0 0 0 0 0 0 0 0 0.1875 0.125 0.0625 0.375 0.125 0.0625 0.0625 0 0 0 0 0 

608 583 438 53 0 0.548885 0 0 0 0 0 0 0 0 0 0 0 0 0 0 0 0 0 0 0 0 0 0.111111 0 0.166667 0.444444 0.166667 0.0555556 0.0555556 0 0 0 0 0 

576 553 404 53 0 0.578662 0 0 0 0 0 0 0 0 0 0 0 0 0 0 0 0 0 0 0 0 0.176471 0.0588235 0.117647 0.117647 0.176471 0.235294 0.117647 0 0 0 0 0 0 

608 581 430 53 0 0.550775 0 0 0 0 0 0 0 0 0 0 0 0 0 0 0 0 0 0 0 0 0.0555556 0 0.111111 0.388889 0.111111 0.222222 0.111111 0 0 0 0 0 0 

544 520 379 53 0 0.615385 0 0 0 0 0 0 0 0 0 0 0 0 0 0 0 0 0 0 0 0 0.0625 0 0.1875 0.375 0.1875 0.1875 0 0 0 0 0 0 0 

480 467 351 53 0 0.685225 0 0 0 0 0 0 0 0 0 0 0 0 0 0 0 0 0 0 0 0 0.0714286 0 0.0714286 0.214286 0.428571 0.142857 0 0.0714286 0 0 0 0 0 

608 593 442 53 0 0.539629 0 0 0 0 0 0 0 0 0 0 0 0 0 0 0 0 0 0 0 0 0.0555556 0.0555556 0.111111 0.166667 0.333333 0.222222 0 0.0555556 0 0 0 0 0 

608 592 428 53 0 0.540541 0 0 0 0 0 0 0 0 0 0 0 0 0 0 0 0 0 0 0 0.0555556 0 0.111111 0.222222 0.222222 0.222222 0.166667 0 0 0 0 0 0 0 

544 525 382 53 0 0.609524 0 0 0 0 0 0 0 0 0 0 0 0 0 0 0 0 0 0 0 0 0 0.0625 0.25 0.375 0.1875 0.125 0 0 0 0 0 0 0 

