1120 1109 801 68 0 0.721371 0 0 0 0 0 0 0 0 0 0 0 0 0 0 0 0 0 0.0294118 0 0 0.0588235 0.117647 0.147059 0.264706 0.205882 0.0882353 0.0588235 0.0294118 0 0 0 0 0 

1120 1097 802 70 0 0.729262 0 0 0 0 0 0 0 0 0 0 0 0 0 0 0 0 0 0 0 0.0294118 0.0294118 0.0588235 0.235294 0.205882 0.176471 0.117647 0.117647 0.0294118 0 0 0 0 0 

1120 1102 801 67 0 0.725953 0 0 0 0 0 0 0 0 0 0 0 0 0 0 0 0 0 0 0 0.0294118 0.0882353 0.0294118 0.176471 0.264706 0.205882 0.0882353 0.0882353 0.0294118 0 0 0 0 0 

1120 1102 802 70 0 0.725953 0 0 0 0 0 0 0 0 0 0 0 0 0 0 0 0 0 0 0 0.0294118 0 0.176471 0.205882 0.117647 0.235294 0.176471 0 0.0294118 0.0294118 0 0 0 0 

1120 1092 801 66 0 0.732601 0 0 0 0 0 0 0 0 0 0 0 0 0 0 0 0 0 0 0 0.0294118 0.0882353 0.0294118 0.0294118 0.294118 0.264706 0.147059 0.117647 0 0 0 0 0 0 

1088 1079 800 65 0 0.741427 0 0 0 0 0 0 0 0 0 0 0 0 0 0 0 0 0 0 0 0.0909091 0 0.0909091 0.0909091 0.121212 0.212121 0.242424 0.0909091 0.0606061 0 0 0 0 0 

1120 1098 802 71 0 0.728597 0 0 0 0 0 0 0 0 0 0 0 0 0 0 0 0 0 0 0.0294118 0.0294118 0.0294118 0.117647 0.0294118 0.264706 0.205882 0.176471 0.117647 0 0 0 0 0 0 

1088 1062 801 64 0 0.753296 0 0 0 0 0 0 0 0 0 0 0 0 0 0 0 0 0 0 0 0.0606061 0 0 0.0606061 0.181818 0.181818 0.363636 0.121212 0.030303 0 0 0 0 0 

1120 1111 801 66 0 0.720072 0 0 0 0 0 0 0 0 0 0 0 0 0 0 0 0 0 0 0.0294118 0.0294118 0.0588235 0 0.264706 0.205882 0.264706 0.117647 0.0294118 0 0 0 0 0 0 

1120 1110 802 75 0 0.720721 0 0 0 0 0 0 0 0 0 0 0 0 0 0 0 0 0 0 0 0.0882353 0.0588235 0.117647 0.0882353 0.235294 0.147059 0.176471 0.0588235 0.0294118 0 0 0 0 0 

1088 1070 801 68 0 0.747664 0 0 0 0 0 0 0 0 0 0 0 0 0 0 0 0 0 0 0 0 0.030303 0.030303 0.151515 0.151515 0.30303 0.181818 0.121212 0.030303 0 0 0 0 0 

1120 1099 802 69 0 0.727934 0 0 0 0 0 0 0 0 0 0 0 0 0 0 0 0 0 0 0 0 0.0588235 0.0882353 0.147059 0.294118 0.147059 0.176471 0.0882353 0 0 0 0 0 0 

1152 1123 801 63 0 0.712378 0 0 0 0 0 0 0 0 0 0 0 0 0 0 0 0 0 0 0 0.0571429 0.0571429 0.142857 0.2 0.0857143 0.228571 0.228571 0 0 0 0 0 0 0 

1120 1093 801 65 0 0.73193 0 0 0 0 0 0 0 0 0 0 0 0 0 0 0 0 0 0 0 0.0294118 0.0882353 0.0294118 0.147059 0.176471 0.205882 0.205882 0.0882353 0.0294118 0 0 0 0 0 

1120 1109 802 70 0 0.721371 0 0 0 0 0 0 0 0 0 0 0 0 0 0 0 0 0 0 0 0 0.0294118 0.147059 0.205882 0.235294 0.264706 0.0882353 0 0.0294118 0 0 0 0 0 

1120 1105 802 74 0 0.723982 0 0 0 0 0 0 0 0 0 0 0 0 0 0 0 0 0 0 0.0294118 0 0.0294118 0.117647 0.147059 0.323529 0.0294118 0.294118 0.0294118 0 0 0 0 0 0 

1120 1098 801 68 0 0.728597 0 0 0 0 0 0 0 0 0 0 0 0 0 0 0 0 0 0 0 0 0 0.0882353 0.176471 0.264706 0.352941 0.0882353 0.0294118 0 0 0 0 0 0 

1120 1099 801 62 0 0.727934 0 0 0 0 0 0 0 0 0 0 0 0 0 0 0 0 0 0 0 0.0294118 0.0588235 0.0294118 0.235294 0.117647 0.323529 0.147059 0.0294118 0.0294118 0 0 0 0 0 

1120 1104 801 63 0 0.724638 0 0 0 0 0 0 0 0 0 0 0 0 0 0 0 0 0 0 0 0.0588235 0.0294118 0.0294118 0.205882 0.264706 0.235294 0.0882353 0.0882353 0 0 0 0 0 0 

1120 1100 801 67 0 0.727273 0 0 0 0 0 0 0 0 0 0 0 0 0 0 0 0 0 0 0 0 0.0588235 0.0588235 0.235294 0.235294 0.176471 0.176471 0.0294118 0.0294118 0 0 0 0 0 

1120 1112 800 68 0 0.719424 0 0 0 0 0 0 0 0 0 0 0 0 0 0 0 0 0 0 0 0 0.0294118 0.147059 0.294118 0.147059 0.264706 0.0882353 0.0294118 0 0 0 0 0 0 

1120 1096 801 68 0 0.729927 0 0 0 0 0 0 0 0 0 0 0 0 0 0 0 0 0 0 0 0 0 0.205882 0.0588235 0.205882 0.323529 0.147059 0.0588235 0 0 0 0 0 0 

1120 1095 801 67 0 0.730594 0 0 0 0 0 0 0 0 0 0 0 0 0 0 0 0 0 0 0 0.0294118 0.0294118 0.0294118 0.147059 0.294118 0.264706 0.117647 0.0882353 0 0 0 0 0 0 

1120 1094 801 68 0 0.731261 0 0 0 0 0 0 0 0 0 0 0 0 0 0 0 0 0 0 0 0.0294118 0.0294118 0.0294118 0.176471 0.176471 0.352941 0.147059 0.0588235 0 0 0 0 0 0 

1088 1072 801 66 0 0.746269 0 0 0 0 0 0 0 0 0 0 0 0 0 0 0 0 0 0 0 0 0 0.0606061 0.151515 0.242424 0.242424 0.151515 0.0909091 0.0606061 0 0 0 0 0 

1088 1080 801 67 0 0.740741 0 0 0 0 0 0 0 0 0 0 0 0 0 0 0 0 0 0 0 0 0 0.181818 0.121212 0.151515 0.212121 0.181818 0.151515 0 0 0 0 0 0 

1120 1108 802 70 0 0.722022 0 0 0 0 0 0 0 0 0 0 0 0 0 0 0 0 0 0 0 0 0.0588235 0.117647 0.264706 0.176471 0.147059 0.176471 0.0588235 0 0 0 0 0 0 

1120 1096 802 69 0 0.729927 0 0 0 0 0 0 0 0 0 0 0 0 0 0 0 0 0 0 0 0.0294118 0.0294118 0.0882353 0.0588235 0.323529 0.235294 0.176471 0.0294118 0.0294118 0 0 0 0 0 

1120 1094 801 64 0 0.731261 0 0 0 0 0 0 0 0 0 0 0 0 0 0 0 0 0 0 0 0 0.0294118 0.147059 0.176471 0.205882 0.176471 0.0588235 0.176471 0.0294118 0 0 0 0 0 

1120 1094 801 68 0 0.731261 0 0 0 0 0 0 0 0 0 0 0 0 0 0 0 0 0 0 0 0 0 0.117647 0.176471 0.205882 0.294118 0.147059 0.0294118 0.0294118 0 0 0 0 0 

1120 1112 802 70 0 0.719424 0 0 0 0 0 0 0 0 0 0 0 0 0 0 0 0 0 0 0 0.0588235 0.0588235 0.117647 0.0882353 0.323529 0.147059 0.147059 0.0588235 0 0 0 0 0 0 

1120 1106 802 70 0 0.723327 0 0 0 0 0 0 0 0 0 0 0 0 0 0 0 0 0 0 0 0.0588235 0.0588235 0.147059 0.0882353 0.176471 0.235294 0.0882353 0.147059 0 0 0 0 0 0 

1120 1091 801 65 0 0.733272 0 0 0 0 0 0 0 0 0 0 0 0 0 0 0 0 0 0 0 0.0294118 0 0.0882353 0.0882353 0.294118 0.294118 0.117647 0.0294118 0.0588235 0 0 0 0 0 

1120 1096 802 74 0 0.729927 0 0 0 0 0 0 0 0 0 0 0 0 0 0 0 0 0 0 0 0 0.0588235 0.0588235 0.205882 0.176471 0.205882 0.235294 0.0588235 0 0 0 0 0 0 

1120 1093 801 66 0 0.73193 0 0 0 0 0 0 0 0 0 0 0 0 0 0 0 0 0 0 0.0294118 0.0294118 0.0294118 0.0588235 0.176471 0.147059 0.205882 0.176471 0.0882353 0.0588235 0 0 0 0 0 

1120 1100 802 71 0 0.727273 0 0 0 0 0 0 0 0 0 0 0 0 0 0 0 0 0 0 0.0294118 0 0.0294118 0.117647 0.117647 0.264706 0.176471 0.176471 0.0588235 0.0294118 0 0 0 0 0 

1088 1076 800 75 0 0.743494 0 0 0 0 0 0 0 0 0 0 0 0 0 0 0 0 0 0 0 0 0 0.030303 0.212121 0.212121 0.242424 0.242424 0.030303 0 0.030303 0 0 0 0 

1120 1091 801 59 0 0.733272 0 0 0 0 0 0 0 0 0 0 0 0 0 0 0 0 0 0 0 0 0.0294118 0.117647 0.117647 0.147059 0.382353 0.117647 0.0588235 0.0294118 0 0 0 0 0 

1120 1097 802 72 0 0.729262 0 0 0 0 0 0 0 0 0 0 0 0 0 0 0 0 0 0 0 0.0294118 0.0588235 0.147059 0.0588235 0.205882 0.264706 0.0882353 0.0882353 0.0294118 0.0294118 0 0 0 0 

1120 1109 802 71 0 0.721371 0 0 0 0 0 0 0 0 0 0 0 0 0 0 0 0 0 0.0294118 0 0 0.0294118 0.117647 0.147059 0.323529 0.147059 0.147059 0.0588235 0 0 0 0 0 0 

1120 1102 802 70 0 0.725953 0 0 0 0 0 0 0 0 0 0 0 0 0 0 0 0 0 0 0 0.0294118 0.0588235 0.0882353 0.147059 0.264706 0.176471 0.117647 0.0882353 0.0294118 0 0 0 0 0 

1120 1099 801 60 0 0.727934 0 0 0 0 0 0 0 0 0 0 0 0 0 0 0 0 0 0 0 0 0 0.205882 0.117647 0.205882 0.264706 0.117647 0.0882353 0 0 0 0 0 0 

1088 1079 801 66 0 0.741427 0 0 0 0 0 0 0 0 0 0 0 0 0 0 0 0 0 0 0 0.0606061 0 0.030303 0.151515 0.272727 0.0909091 0.272727 0.0909091 0.030303 0 0 0 0 0 

1120 1099 801 67 0 0.727934 0 0 0 0 0 0 0 0 0 0 0 0 0 0 0 0 0 0 0 0.0294118 0 0.117647 0.205882 0.176471 0.235294 0.147059 0.0882353 0 0 0 0 0 0 

1088 1075 801 66 0 0.744186 0 0 0 0 0 0 0 0 0 0 0 0 0 0 0 0 0 0 0 0.030303 0.030303 0 0.242424 0.121212 0.181818 0.242424 0.121212 0.030303 0 0 0 0 0 

1120 1093 802 69 0 0.73193 0 0 0 0 0 0 0 0 0 0 0 0 0 0 0 0 0 0 0 0 0.0294118 0.147059 0.117647 0.264706 0.117647 0.205882 0.0882353 0 0.0294118 0 0 0 0 

1120 1090 801 65 0 0.733945 0 0 0 0 0 0 0 0 0 0 0 0 0 0 0 0 0 0 0 0 0.0294118 0.0294118 0.117647 0.352941 0.235294 0.176471 0.0588235 0 0 0 0 0 0 

1120 1101 802 76 0 0.726612 0 0 0 0 0 0 0 0 0 0 0 0 0 0 0 0 0 0 0 0.0588235 0.0294118 0.117647 0.117647 0.205882 0.176471 0.205882 0.0588235 0.0294118 0 0 0 0 0 

1120 1100 801 68 0 0.727273 0 0 0 0 0 0 0 0 0 0 0 0 0 0 0 0 0 0 0 0 0.0294118 0.117647 0.147059 0.235294 0.264706 0.205882 0 0 0 0 0 0 0 

1088 1081 801 61 0 0.740056 0 0 0 0 0 0 0 0 0 0 0 0 0 0 0 0 0 0 0 0 0.0606061 0.030303 0.121212 0.30303 0.212121 0.181818 0.0606061 0.030303 0 0 0 0 0 

1152 1125 801 67 0 0.711111 0 0 0 0 0 0 0 0 0 0 0 0 0 0 0 0 0 0 0 0.0571429 0.0285714 0.0857143 0.228571 0.342857 0.114286 0.0857143 0.0571429 0 0 0 0 0 0 

1088 1079 802 69 0 0.741427 0 0 0 0 0 0 0 0 0 0 0 0 0 0 0 0 0 0 0 0.030303 0 0.0909091 0.121212 0.30303 0.0909091 0.181818 0.151515 0.030303 0 0 0 0 0 

1120 1091 801 62 0 0.733272 0 0 0 0 0 0 0 0 0 0 0 0 0 0 0 0 0 0 0 0.0882353 0 0.117647 0.0882353 0.235294 0.117647 0.117647 0.176471 0.0294118 0.0294118 0 0 0 0 

1088 1082 801 62 0 0.739372 0 0 0 0 0 0 0 0 0 0 0 0 0 0 0 0 0 0 0 0 0.030303 0.0909091 0.0909091 0.333333 0.212121 0.0909091 0.151515 0 0 0 0 0 0 

1120 1097 801 63 0 0.729262 0 0 0 0 0 0 0 0 0 0 0 0 0 0 0 0 0 0 0 0.0294118 0.0294118 0 0.294118 0.205882 0.205882 0.117647 0.117647 0 0 0 0 0 0 

1152 1131 802 75 0 0.707339 0 0 0 0 0 0 0 0 0 0 0 0 0 0 0 0 0 0 0 0.0285714 0.0857143 0.114286 0.228571 0.285714 0.142857 0.0571429 0.0571429 0 0 0 0 0 0 

1120 1092 802 72 0 0.732601 0 0 0 0 0 0 0 0 0 0 0 0 0 0 0 0 0 0 0 0 0.0294118 0.0588235 0.235294 0.205882 0.205882 0.147059 0.0588235 0.0588235 0 0 0 0 0 

1088 1062 801 64 0 0.753296 0 0 0 0 0 0 0 0 0 0 0 0 0 0 0 0 0 0 0 0.030303 0 0.030303 0.0909091 0.181818 0.212121 0.242424 0.181818 0.030303 0 0 0 0 0 

1120 1105 802 69 0 0.723982 0 0 0 0 0 0 0 0 0 0 0 0 0 0 0 0 0 0 0 0.0294118 0.0294118 0.147059 0.176471 0.235294 0.147059 0.147059 0.0294118 0.0588235 0 0 0 0 0 

1152 1123 801 64 0 0.712378 0 0 0 0 0 0 0 0 0 0 0 0 0 0 0 0 0 0 0 0.0857143 0.0571429 0.0857143 0.0857143 0.342857 0.171429 0.114286 0.0571429 0 0 0 0 0 0 

1120 1098 801 64 0 0.728597 0 0 0 0 0 0 0 0 0 0 0 0 0 0 0 0 0 0 0 0.0294118 0.0588235 0.117647 0.0882353 0.235294 0.176471 0.205882 0.0588235 0.0294118 0 0 0 0 0 

1120 1107 801 68 0 0.722674 0 0 0 0 0 0 0 0 0 0 0 0 0 0 0 0 0 0 0 0 0.0588235 0.117647 0.117647 0.411765 0.176471 0.0588235 0 0.0588235 0 0 0 0 0 

1088 1065 801 68 0 0.751174 0 0 0 0 0 0 0 0 0 0 0 0 0 0 0 0 0 0 0 0.030303 0 0.0606061 0 0.212121 0.272727 0.333333 0.0606061 0.030303 0 0 0 0 0 

1120 1095 802 71 0 0.730594 0 0 0 0 0 0 0 0 0 0 0 0 0 0 0 0 0 0 0 0 0 0.117647 0.176471 0.294118 0.205882 0.0882353 0.0588235 0.0588235 0 0 0 0 0 

1120 1099 802 70 0 0.727934 0 0 0 0 0 0 0 0 0 0 0 0 0 0 0 0 0 0 0.0294118 0.0294118 0.0588235 0.0882353 0.0882353 0.147059 0.235294 0.235294 0.0882353 0 0 0 0 0 0 

1088 1072 802 72 0 0.746269 0 0 0 0 0 0 0 0 0 0 0 0 0 0 0 0 0 0 0 0 0 0.0606061 0.121212 0.242424 0.242424 0.242424 0.030303 0.0606061 0 0 0 0 0 

1120 1113 801 67 0 0.718778 0 0 0 0 0 0 0 0 0 0 0 0 0 0 0 0 0 0 0 0.0294118 0.117647 0.0588235 0.147059 0.352941 0.147059 0.0882353 0.0294118 0 0.0294118 0 0 0 0 

1120 1105 801 68 0 0.723982 0 0 0 0 0 0 0 0 0 0 0 0 0 0 0 0 0 0 0 0.0294118 0.0882353 0.0882353 0.147059 0.264706 0.147059 0.117647 0.0882353 0.0294118 0 0 0 0 0 

1120 1103 801 62 0 0.725295 0 0 0 0 0 0 0 0 0 0 0 0 0 0 0 0 0 0 0.0294118 0 0.0588235 0.147059 0.0588235 0.264706 0.176471 0.205882 0.0294118 0.0294118 0 0 0 0 0 

1120 1102 801 67 0 0.725953 0 0 0 0 0 0 0 0 0 0 0 0 0 0 0 0 0 0 0 0 0.0588235 0.117647 0.235294 0.147059 0.205882 0.117647 0.117647 0 0 0 0 0 0 

1120 1111 802 74 0 0.720072 0 0 0 0 0 0 0 0 0 0 0 0 0 0 0 0 0 0 0 0 0.0588235 0.176471 0.147059 0.176471 0.352941 0.0294118 0.0588235 0 0 0 0 0 0 

1120 1096 801 62 0 0.729927 0 0 0 0 0 0 0 0 0 0 0 0 0 0 0 0 0 0 0.0294118 0 0.0294118 0.0294118 0.294118 0.176471 0.147059 0.117647 0.176471 0 0 0 0 0 0 

1120 1103 801 66 0 0.725295 0 0 0 0 0 0 0 0 0 0 0 0 0 0 0 0 0 0 0 0 0.0588235 0.0882353 0.176471 0.235294 0.294118 0.0882353 0.0588235 0 0 0 0 0 0 

1120 1106 802 71 0 0.723327 0 0 0 0 0 0 0 0 0 0 0 0 0 0 0 0 0 0 0 0.0294118 0.0588235 0.147059 0.176471 0.147059 0.147059 0.235294 0.0294118 0.0294118 0 0 0 0 0 

1120 1100 801 63 0 0.727273 0 0 0 0 0 0 0 0 0 0 0 0 0 0 0 0 0 0 0 0.0294118 0.0294118 0.0882353 0.176471 0.205882 0.264706 0.117647 0.0882353 0 0 0 0 0 0 

1088 1066 801 67 0 0.750469 0 0 0 0 0 0 0 0 0 0 0 0 0 0 0 0 0 0 0 0 0.030303 0.0606061 0.0909091 0.151515 0.242424 0.30303 0.0606061 0.0606061 0 0 0 0 0 

1152 1124 802 71 0 0.711744 0 0 0 0 0 0 0 0 0 0 0 0 0 0 0 0 0 0 0 0 0.0571429 0.142857 0.228571 0.257143 0.171429 0.114286 0.0285714 0 0 0 0 0 0 

1088 1082 800 62 0 0.739372 0 0 0 0 0 0 0 0 0 0 0 0 0 0 0 0 0 0 0 0 0 0.0606061 0.242424 0.242424 0.181818 0.212121 0.030303 0 0.030303 0 0 0 0 

1120 1095 802 70 0 0.730594 0 0 0 0 0 0 0 0 0 0 0 0 0 0 0 0 0 0 0.0294118 0 0.0294118 0.0882353 0.147059 0.117647 0.323529 0.176471 0.0882353 0 0 0 0 0 0 

1120 1107 802 73 0 0.722674 0 0 0 0 0 0 0 0 0 0 0 0 0 0 0 0 0 0 0 0.0294118 0.0294118 0.147059 0.117647 0.205882 0.323529 0.117647 0.0294118 0 0 0 0 0 0 

1120 1096 801 66 0 0.729927 0 0 0 0 0 0 0 0 0 0 0 0 0 0 0 0.0294118 0 0 0 0 0.0294118 0.0588235 0.0882353 0.264706 0.264706 0.205882 0.0588235 0 0 0 0 0 0 

1120 1090 801 68 0 0.733945 0 0 0 0 0 0 0 0 0 0 0 0 0 0 0 0 0 0 0 0.0294118 0.0294118 0.0588235 0.117647 0.235294 0.205882 0.264706 0.0294118 0.0294118 0 0 0 0 0 

1088 1076 801 61 0 0.743494 0 0 0 0 0 0 0 0 0 0 0 0 0 0 0 0 0 0 0 0 0.030303 0 0.242424 0.181818 0.212121 0.212121 0.121212 0 0 0 0 0 0 

1120 1111 801 70 0 0.720072 0 0 0 0 0 0 0 0 0 0 0 0 0 0 0 0 0 0 0.0294118 0.0294118 0 0.147059 0.176471 0.235294 0.205882 0.117647 0.0294118 0.0294118 0 0 0 0 0 

1120 1112 801 68 0 0.719424 0 0 0 0 0 0 0 0 0 0 0 0 0 0 0 0 0 0 0 0 0.117647 0.117647 0.0588235 0.352941 0.264706 0.0588235 0 0.0294118 0 0 0 0 0 

1120 1099 801 66 0 0.727934 0 0 0 0 0 0 0 0 0 0 0 0 0 0 0 0 0 0 0.0294118 0.0294118 0 0.0882353 0.176471 0.235294 0.176471 0.117647 0.147059 0 0 0 0 0 0 

1120 1107 801 66 0 0.722674 0 0 0 0 0 0 0 0 0 0 0 0 0 0 0 0 0 0 0.0294118 0.0294118 0.0294118 0.0588235 0.147059 0.352941 0.176471 0.0882353 0.0882353 0 0 0 0 0 0 

1120 1092 801 62 0 0.732601 0 0 0 0 0 0 0 0 0 0 0 0 0 0 0 0 0 0 0 0 0 0.0882353 0.176471 0.264706 0.176471 0.264706 0.0294118 0 0 0 0 0 0 

1120 1112 800 70 0 0.719424 0 0 0 0 0 0 0 0 0 0 0 0 0 0 0 0 0 0 0 0 0.0882353 0.0882353 0.235294 0.235294 0.205882 0.0882353 0.0588235 0 0 0 0 0 0 

1120 1109 802 72 0 0.721371 0 0 0 0 0 0 0 0 0 0 0 0 0 0 0 0 0 0 0 0.0294118 0.0882353 0.0588235 0.205882 0.205882 0.205882 0.147059 0.0588235 0 0 0 0 0 0 

1152 1127 802 73 0 0.709849 0 0 0 0 0 0 0 0 0 0 0 0 0 0 0 0 0 0 0.0285714 0.0571429 0.142857 0.0571429 0.0857143 0.257143 0.142857 0.142857 0.0571429 0.0285714 0 0 0 0 0 

1088 1081 801 59 0 0.740056 0 0 0 0 0 0 0 0 0 0 0 0 0 0 0 0 0 0 0 0.030303 0.030303 0.0606061 0.181818 0.151515 0.151515 0.30303 0.0909091 0 0 0 0 0 0 

1088 1077 801 65 0 0.742804 0 0 0 0 0 0 0 0 0 0 0 0 0 0 0 0 0 0 0 0 0.030303 0 0.151515 0.363636 0.151515 0.212121 0.0606061 0.030303 0 0 0 0 0 

1120 1103 801 66 0 0.725295 0 0 0 0 0 0 0 0 0 0 0 0 0 0 0 0 0 0 0 0 0 0.0588235 0.205882 0.352941 0.323529 0.0588235 0 0 0 0 0 0 0 

1120 1093 801 65 0 0.73193 0 0 0 0 0 0 0 0 0 0 0 0 0 0 0 0 0 0 0 0 0.0294118 0.0588235 0.0882353 0.352941 0.294118 0.117647 0.0588235 0 0 0 0 0 0 

1120 1104 801 68 0 0.724638 0 0 0 0 0 0 0 0 0 0 0 0 0 0 0 0 0 0 0 0 0.0588235 0.147059 0.205882 0.147059 0.205882 0.147059 0.0882353 0 0 0 0 0 0 

1120 1106 802 71 0 0.723327 0 0 0 0 0 0 0 0 0 0 0 0 0 0 0 0 0 0 0 0 0.0882353 0.147059 0.117647 0.235294 0.176471 0.176471 0.0294118 0.0294118 0 0 0 0 0 

1120 1106 802 70 0 0.723327 0 0 0 0 0 0 0 0 0 0 0 0 0 0 0 0 0 0 0 0.0294118 0.0882353 0.0882353 0.147059 0.176471 0.264706 0.117647 0.0882353 0 0 0 0 0 0 

1120 1101 801 68 0 0.726612 0 0 0 0 0 0 0 0 0 0 0 0 0 0 0 0 0 0 0 0.0294118 0.0294118 0.0882353 0.117647 0.264706 0.294118 0.147059 0.0294118 0 0 0 0 0 0 

1088 1074 801 66 0 0.744879 0 0 0 0 0 0 0 0 0 0 0 0 0 0 0 0 0 0 0 0 0.030303 0.0606061 0.121212 0.181818 0.212121 0.333333 0.0606061 0 0 0 0 0 0 

1120 1103 801 67 0 0.725295 0 0 0 0 0 0 0 0 0 0 0 0 0 0 0 0 0 0 0 0 0.0294118 0.0588235 0.235294 0.294118 0.264706 0.0588235 0.0588235 0 0 0 0 0 0 

1120 1111 801 66 0 0.720072 0 0 0 0 0 0 0 0 0 0 0 0 0 0 0 0 0 0 0 0 0.0294118 0.176471 0.176471 0.323529 0.117647 0.147059 0.0294118 0 0 0 0 0 0 

1088 1071 801 66 0 0.746965 0 0 0 0 0 0 0 0 0 0 0 0 0 0 0 0 0 0 0 0 0 0.030303 0.151515 0.212121 0.30303 0.212121 0.0606061 0.030303 0 0 0 0 0 

1120 1110 802 76 0 0.720721 0 0 0 0 0 0 0 0 0 0 0 0 0 0 0 0 0.0294118 0 0 0.0588235 0.0588235 0.117647 0.0882353 0.117647 0.235294 0.235294 0.0588235 0 0 0 0 0 0 

1120 1110 802 71 0 0.720721 0 0 0 0 0 0 0 0 0 0 0 0 0 0 0 0 0 0 0 0.0294118 0.0294118 0.0882353 0.264706 0.235294 0.176471 0.117647 0.0588235 0 0 0 0 0 0 

1120 1093 801 67 0 0.73193 0 0 0 0 0 0 0 0 0 0 0 0 0 0 0 0 0 0 0 0 0.0588235 0.0882353 0.117647 0.235294 0.176471 0.264706 0.0588235 0 0 0 0 0 0 

1088 1082 801 56 0 0.739372 0 0 0 0 0 0 0 0 0 0 0 0 0 0 0 0 0 0 0 0 0.0606061 0.0909091 0.212121 0.151515 0.151515 0.121212 0.181818 0.030303 0 0 0 0 0 

1120 1091 801 62 0 0.733272 0 0 0 0 0 0 0 0 0 0 0 0 0 0 0 0 0 0 0 0 0.0294118 0.117647 0.0882353 0.294118 0.235294 0.0882353 0.117647 0.0294118 0 0 0 0 0 

1120 1090 801 66 0 0.733945 0 0 0 0 0 0 0 0 0 0 0 0 0 0 0 0 0 0 0.0294118 0.0588235 0.0294118 0 0.0882353 0.147059 0.264706 0.352941 0.0294118 0 0 0 0 0 0 

1120 1098 801 59 0 0.728597 0 0 0 0 0 0 0 0 0 0 0 0 0 0 0 0 0 0 0 0.0294118 0 0.0294118 0.205882 0.352941 0.147059 0.205882 0.0294118 0 0 0 0 0 0 

1120 1111 802 71 0 0.720072 0 0 0 0 0 0 0 0 0 0 0 0 0 0 0 0 0 0 0 0.0294118 0.0294118 0.0882353 0.235294 0.294118 0.147059 0.147059 0.0294118 0 0 0 0 0 0 

1120 1094 801 61 0 0.731261 0 0 0 0 0 0 0 0 0 0 0 0 0 0 0 0 0 0 0 0 0.0294118 0.0294118 0.205882 0.205882 0.352941 0.147059 0.0294118 0 0 0 0 0 0 

1088 1079 802 71 0 0.741427 0 0 0 0 0 0 0 0 0 0 0 0 0 0 0 0 0 0 0 0 0 0.0606061 0.151515 0.212121 0.333333 0.212121 0 0.030303 0 0 0 0 0 

1120 1093 802 73 0 0.73193 0 0 0 0 0 0 0 0 0 0 0 0 0 0 0 0 0 0 0 0.0294118 0.0294118 0.0588235 0.147059 0.205882 0.235294 0.205882 0.0882353 0 0 0 0 0 0 

1088 1067 801 66 0 0.749766 0 0 0 0 0 0 0 0 0 0 0 0 0 0 0 0 0 0 0 0 0 0.0606061 0.0606061 0.212121 0.30303 0.272727 0.0909091 0 0 0 0 0 0 

1120 1092 801 65 0 0.732601 0 0 0 0 0 0 0 0 0 0 0 0 0 0 0 0 0 0 0 0 0.0588235 0.0294118 0.147059 0.235294 0.264706 0.235294 0.0294118 0 0 0 0 0 0 

1120 1106 801 64 0 0.723327 0 0 0 0 0 0 0 0 0 0 0 0 0 0 0 0 0 0.0294118 0 0.0294118 0.0588235 0.117647 0.0294118 0.352941 0.176471 0.0882353 0.0588235 0.0588235 0 0 0 0 0 

1088 1071 801 63 0 0.746965 0 0 0 0 0 0 0 0 0 0 0 0 0 0 0 0 0 0 0 0 0 0.0909091 0.212121 0.121212 0.151515 0.242424 0.151515 0.030303 0 0 0 0 0 

1120 1108 801 68 0 0.722022 0 0 0 0 0 0 0 0 0 0 0 0 0 0 0 0 0 0 0 0.0588235 0.0588235 0.0588235 0.0882353 0.352941 0.176471 0.205882 0 0 0 0 0 0 0 

1120 1102 801 66 0 0.725953 0 0 0 0 0 0 0 0 0 0 0 0 0 0 0 0 0 0 0 0.0294118 0.0882353 0.0588235 0.0588235 0.264706 0.323529 0.147059 0.0294118 0 0 0 0 0 0 

1120 1102 802 70 0 0.725953 0 0 0 0 0 0 0 0 0 0 0 0 0 0 0 0 0 0 0 0.0588235 0.0588235 0.0588235 0.0882353 0.294118 0.147059 0.235294 0.0588235 0 0 0 0 0 0 

1088 1074 801 66 0 0.744879 0 0 0 0 0 0 0 0 0 0 0 0 0 0 0 0 0 0 0 0.030303 0 0.030303 0.151515 0.181818 0.30303 0.212121 0.030303 0.0606061 0 0 0 0 0 

1120 1099 802 71 0 0.727934 0 0 0 0 0 0 0 0 0 0 0 0 0 0 0 0 0.0294118 0 0 0 0 0.117647 0.117647 0.176471 0.323529 0.205882 0.0294118 0 0 0 0 0 0 

1120 1104 801 65 0 0.724638 0 0 0 0 0 0 0 0 0 0 0 0 0 0 0 0 0 0 0 0.0294118 0.0294118 0.147059 0.176471 0.117647 0.294118 0.147059 0.0588235 0 0 0 0 0 0 

1120 1105 801 66 0 0.723982 0 0 0 0 0 0 0 0 0 0 0 0 0 0 0 0 0 0 0 0.0294118 0.0294118 0.0882353 0.264706 0.205882 0.176471 0.117647 0.0588235 0.0294118 0 0 0 0 0 

1120 1103 801 62 0 0.725295 0 0 0 0 0 0 0 0 0 0 0 0 0 0 0 0 0 0 0 0 0.0294118 0.147059 0.176471 0.176471 0.294118 0.147059 0.0294118 0 0 0 0 0 0 

1120 1100 801 64 0 0.727273 0 0 0 0 0 0 0 0 0 0 0 0 0 0 0 0 0 0 0.0294118 0 0.0294118 0.0882353 0.264706 0.0882353 0.264706 0.117647 0.0882353 0.0294118 0 0 0 0 0 

1120 1097 802 77 0 0.729262 0 0 0 0 0 0 0 0 0 0 0 0 0 0 0 0 0 0 0.0294118 0 0.0588235 0 0.147059 0.264706 0.235294 0.235294 0.0294118 0 0 0 0 0 0 

1120 1098 801 67 0 0.728597 0 0 0 0 0 0 0 0 0 0 0 0 0 0 0 0 0 0 0 0 0 0.0882353 0.205882 0.235294 0.323529 0.117647 0.0294118 0 0 0 0 0 0 

1120 1100 801 65 0 0.727273 0 0 0 0 0 0 0 0 0 0 0 0 0 0 0 0 0 0 0 0.0588235 0.0588235 0.0588235 0.117647 0.176471 0.323529 0.0882353 0.117647 0 0 0 0 0 0 

1120 1110 802 71 0 0.720721 0 0 0 0 0 0 0 0 0 0 0 0 0 0 0 0 0 0 0 0.0294118 0.0294118 0.0882353 0.176471 0.352941 0.147059 0.176471 0 0 0 0 0 0 0 

1120 1111 802 72 0 0.720072 0 0 0 0 0 0 0 0 0 0 0 0 0 0 0 0 0.0294118 0 0 0 0.0588235 0.147059 0.117647 0.176471 0.323529 0.0588235 0.0882353 0 0 0 0 0 0 

1120 1111 801 60 0 0.720072 0 0 0 0 0 0 0 0 0 0 0 0 0 0 0 0 0 0 0.0294118 0.0294118 0.0882353 0.0588235 0.0882353 0.323529 0.205882 0.147059 0 0.0294118 0 0 0 0 0 

1120 1095 801 68 0 0.730594 0 0 0 0 0 0 0 0 0 0 0 0 0 0 0 0 0 0 0 0 0 0.117647 0.205882 0.147059 0.294118 0.205882 0.0294118 0 0 0 0 0 0 

1120 1100 802 72 0 0.727273 0 0 0 0 0 0 0 0 0 0 0 0 0 0 0 0 0 0 0 0 0.0882353 0.0588235 0.205882 0.147059 0.323529 0.0588235 0.0882353 0.0294118 0 0 0 0 0 

1120 1095 801 65 0 0.730594 0 0 0 0 0 0 0 0 0 0 0 0 0 0 0 0 0 0 0 0.0294118 0 0.0588235 0.147059 0.264706 0.294118 0.176471 0.0294118 0 0 0 0 0 0 

1152 1127 801 65 0 0.709849 0 0 0 0 0 0 0 0 0 0 0 0 0 0 0 0 0 0 0 0.0285714 0.0285714 0.228571 0.2 0.228571 0.114286 0.0857143 0.0857143 0 0 0 0 0 0 

1120 1095 801 66 0 0.730594 0 0 0 0 0 0 0 0 0 0 0 0 0 0 0 0 0 0 0 0.0294118 0.0294118 0.0882353 0.264706 0.147059 0.0588235 0.205882 0.176471 0 0 0 0 0 0 

1120 1111 801 66 0 0.720072 0 0 0 0 0 0 0 0 0 0 0 0 0 0 0 0 0 0 0 0 0.117647 0.147059 0.176471 0.205882 0.117647 0.147059 0.0588235 0.0294118 0 0 0 0 0 

1120 1099 802 74 0 0.727934 0 0 0 0 0 0 0 0 0 0 0 0 0 0 0 0 0 0 0 0 0.0588235 0.0588235 0.205882 0.205882 0.264706 0.117647 0.0882353 0 0 0 0 0 0 

1120 1106 801 68 0 0.723327 0 0 0 0 0 0 0 0 0 0 0 0 0 0 0 0 0 0 0 0 0.0882353 0.0882353 0.294118 0.0588235 0.205882 0.235294 0.0294118 0 0 0 0 0 0 

1120 1107 802 72 0 0.722674 0 0 0 0 0 0 0 0 0 0 0 0 0 0 0 0 0 0 0 0 0.0294118 0.176471 0.147059 0.235294 0.235294 0.147059 0.0294118 0 0 0 0 0 0 

1088 1082 800 65 0 0.739372 0 0 0 0 0 0 0 0 0 0 0 0 0 0 0 0 0 0 0 0 0 0.0909091 0.181818 0.333333 0.0909091 0.151515 0.151515 0 0 0 0 0 0 

1088 1082 800 63 0 0.739372 0 0 0 0 0 0 0 0 0 0 0 0 0 0 0 0 0 0 0 0 0.030303 0.0606061 0.151515 0.242424 0.30303 0.121212 0.0606061 0.030303 0 0 0 0 0 

1088 1074 801 67 0 0.744879 0 0 0 0 0 0 0 0 0 0 0 0 0 0 0 0 0 0 0.030303 0 0 0 0.242424 0.212121 0.121212 0.212121 0.151515 0.030303 0 0 0 0 0 

1120 1090 801 63 0 0.733945 0 0 0 0 0 0 0 0 0 0 0 0 0 0 0 0 0 0 0 0.0294118 0.0294118 0.0882353 0.0294118 0.205882 0.352941 0.235294 0.0294118 0 0 0 0 0 0 

1120 1096 801 67 0 0.729927 0 0 0 0 0 0 0 0 0 0 0 0 0 0 0 0 0 0 0 0 0.0588235 0.117647 0.235294 0.117647 0.147059 0.176471 0.117647 0.0294118 0 0 0 0 0 

1088 1070 801 67 0 0.747664 0 0 0 0 0 0 0 0 0 0 0 0 0 0 0 0 0 0 0 0 0 0 0.0909091 0.424242 0.212121 0.151515 0.0606061 0.0606061 0 0 0 0 0 

1088 1079 801 66 0 0.741427 0 0 0 0 0 0 0 0 0 0 0 0 0 0 0 0 0 0 0 0 0.030303 0.151515 0.0606061 0.272727 0.0909091 0.272727 0.0909091 0.030303 0 0 0 0 0 

1120 1094 801 57 0 0.731261 0 0 0 0 0 0 0 0 0 0 0 0 0 0 0 0 0 0 0 0.0294118 0.0588235 0.0294118 0.235294 0.147059 0.176471 0.205882 0.0882353 0.0294118 0 0 0 0 0 

1120 1112 802 70 0 0.719424 0 0 0 0 0 0 0 0 0 0 0 0 0 0 0 0 0 0.0294118 0 0.0294118 0.0882353 0.0294118 0.235294 0.147059 0.235294 0.147059 0.0294118 0.0294118 0 0 0 0 0 

1120 1099 801 68 0 0.727934 0 0 0 0 0 0 0 0 0 0 0 0 0 0 0 0 0 0 0 0.0294118 0.0588235 0.0882353 0.176471 0.117647 0.264706 0.205882 0.0294118 0.0294118 0 0 0 0 0 

1120 1107 802 72 0 0.722674 0 0 0 0 0 0 0 0 0 0 0 0 0 0 0 0 0 0 0 0.0294118 0.0294118 0.117647 0.117647 0.323529 0.205882 0.147059 0.0294118 0 0 0 0 0 0 

1120 1104 802 73 0 0.724638 0 0 0 0 0 0 0 0 0 0 0 0 0 0 0 0 0 0 0 0.0294118 0.0294118 0.0588235 0.264706 0.235294 0.117647 0.205882 0.0588235 0 0 0 0 0 0 

1120 1098 801 67 0 0.728597 0 0 0 0 0 0 0 0 0 0 0 0 0 0 0 0 0 0 0 0.0294118 0.0588235 0.0882353 0 0.352941 0.294118 0.0882353 0.0882353 0 0 0 0 0 0 

1152 1124 802 73 0 0.711744 0 0 0 0 0 0 0 0 0 0 0 0 0 0 0 0 0 0 0 0 0.0571429 0.114286 0.171429 0.4 0.171429 0.0571429 0.0285714 0 0 0 0 0 0 

1120 1096 801 59 0 0.729927 0 0 0 0 0 0 0 0 0 0 0 0 0 0 0 0 0 0 0.0294118 0 0.0588235 0 0.147059 0.294118 0.235294 0.147059 0.0882353 0 0 0 0 0 0 

1120 1100 801 63 0 0.727273 0 0 0 0 0 0 0 0 0 0 0 0 0 0 0 0 0 0 0 0 0.0882353 0.0588235 0.176471 0.235294 0.147059 0.264706 0.0294118 0 0 0 0 0 0 

1088 1080 801 68 0 0.740741 0 0 0 0 0 0 0 0 0 0 0 0 0 0 0 0 0 0 0 0.030303 0 0.0606061 0.212121 0.151515 0.181818 0.272727 0.0909091 0 0 0 0 0 0 

1120 1100 802 74 0 0.727273 0 0 0 0 0 0 0 0 0 0 0 0 0 0 0 0 0.0294118 0 0.0294118 0 0 0.0294118 0.176471 0.176471 0.352941 0.147059 0.0588235 0 0 0 0 0 0 

1088 1078 801 67 0 0.742115 0 0 0 0 0 0 0 0 0 0 0 0 0 0 0 0 0 0 0 0.030303 0 0.0606061 0.151515 0.212121 0.272727 0.151515 0.0606061 0.0606061 0 0 0 0 0 

1152 1125 802 74 0 0.711111 0 0 0 0 0 0 0 0 0 0 0 0 0 0 0 0 0 0.0285714 0 0 0.0571429 0.142857 0.2 0.228571 0.2 0.0571429 0.0571429 0.0285714 0 0 0 0 0 

1088 1081 800 66 0 0.740056 0 0 0 0 0 0 0 0 0 0 0 0 0 0 0 0 0 0 0 0 0.030303 0.0606061 0.242424 0.151515 0.242424 0.0909091 0.181818 0 0 0 0 0 0 

1120 1106 802 74 0 0.723327 0 0 0 0 0 0 0 0 0 0 0 0 0 0 0 0 0 0 0 0.0588235 0 0.205882 0.0882353 0.235294 0.117647 0.205882 0.0882353 0 0 0 0 0 0 

1152 1126 802 76 0 0.71048 0 0 0 0 0 0 0 0 0 0 0 0 0 0 0 0 0 0 0.0285714 0.0285714 0.0571429 0.0571429 0.314286 0.171429 0.171429 0.0857143 0.0857143 0 0 0 0 0 0 

1120 1107 802 71 0 0.722674 0 0 0 0 0 0 0 0 0 0 0 0 0 0 0 0 0 0 0 0.0294118 0.0294118 0.147059 0.205882 0.176471 0.176471 0.147059 0.0882353 0 0 0 0 0 0 

