2368 2338 1706 120 0 0.684346 0 0 0 0 0 0 0 0 0 0 0 0 0 0 0 0 0 0 0 0.0273973 0.0547945 0.0273973 0.164384 0.219178 0.260274 0.164384 0.0821918 0 0 0 0 0 0 

2208 2195 1604 119 0 0.728929 0 0 0 0 0 0 0 0 0 0 0 0 0 0 0 0 0 0 0 0.0441176 0.0294118 0.102941 0.102941 0.205882 0.25 0.176471 0.0735294 0.0147059 0 0 0 0 0 

2272 2250 1630 120 0 0.711111 0 0 0 0 0 0 0 0 0 0 0 0 0 0 0 0 0 0 0.0142857 0 0.0571429 0.1 0.128571 0.228571 0.285714 0.142857 0.0285714 0.0142857 0 0 0 0 0 

2336 2316 1705 120 0 0.690846 0 0 0 0 0 0 0 0 0 0 0 0 0 0 0 0 0 0 0 0.0277778 0.0277778 0.0694444 0.180556 0.138889 0.208333 0.236111 0.0972222 0.0138889 0 0 0 0 0 

2272 2252 1638 120 0 0.71048 0 0 0 0 0 0 0 0 0 0 0 0 0 0 0 0 0 0 0.0142857 0.0285714 0.0285714 0.0571429 0.185714 0.214286 0.2 0.214286 0.0571429 0 0 0 0 0 0 

2432 2418 1780 120 0 0.661704 0 0 0 0 0 0 0 0 0 0 0 0 0 0 0 0 0 0 0 0 0.0266667 0.0933333 0.133333 0.266667 0.24 0.12 0.0666667 0.0533333 0 0 0 0 0 

2688 2677 1907 120 0 0.597684 0 0 0 0 0 0 0 0 0 0 0 0 0 0 0 0 0.0120482 0 0.0120482 0.0361446 0.108434 0.060241 0.192771 0.192771 0.192771 0.13253 0.0481928 0.0120482 0 0 0 0 0 

2368 2343 1709 120 0 0.682885 0 0 0 0 0 0 0 0 0 0 0 0 0 0 0 0 0 0 0 0 0.0547945 0.0821918 0.191781 0.136986 0.328767 0.136986 0.0547945 0 0.0136986 0 0 0 0 

2400 2385 1701 120 0 0.67086 0 0 0 0 0 0 0 0 0 0 0 0 0 0 0 0 0 0 0 0.0675676 0.0675676 0.135135 0.202703 0.175676 0.135135 0.108108 0.0945946 0 0.0135135 0 0 0 0 

2304 2278 1661 120 0 0.702371 0 0 0 0 0 0 0 0 0 0 0 0 0 0 0 0 0 0 0 0.0140845 0.0704225 0.112676 0.0985915 0.169014 0.295775 0.140845 0.0704225 0.028169 0 0 0 0 0 

