544 521 391 53 0 0.614203 0 0 0 0 0 0 0 0 0 0 0 0 0 0 0 0 0 0 0 0 0.0625 0 0.0625 0.1875 0.3125 0.3125 0.0625 0 0 0 0 0 0 

576 566 421 53 0 0.565371 0 0 0 0 0 0 0 0 0 0 0 0 0 0 0 0 0 0 0 0 0 0.117647 0.294118 0.117647 0.176471 0.176471 0.0588235 0 0.0588235 0 0 0 0 

576 561 405 53 0 0.57041 0 0 0 0 0 0 0 0 0 0 0 0 0 0 0 0 0 0 0 0 0 0.176471 0.235294 0.235294 0.294118 0.0588235 0 0 0 0 0 0 0 

672 655 481 53 0 0.48855 0 0 0 0 0 0 0 0 0 0 0 0 0 0 0 0 0 0 0 0 0.1 0.05 0.1 0.25 0.25 0.2 0.05 0 0 0 0 0 0 

544 531 395 53 0 0.602637 0 0 0 0 0 0 0 0 0 0 0 0 0 0 0 0 0 0 0 0 0 0.0625 0.25 0.1875 0.25 0.125 0.125 0 0 0 0 0 0 

640 616 435 53 0 0.519481 0 0 0 0 0 0 0 0 0 0 0 0 0 0 0 0 0 0 0.0526316 0.0526316 0.0526316 0.157895 0.105263 0.210526 0.210526 0.157895 0 0 0 0 0 0 0 

544 523 387 53 0 0.611855 0 0 0 0 0 0 0 0 0 0 0 0 0 0 0 0 0 0 0 0.0625 0 0.0625 0.0625 0.1875 0.4375 0.0625 0.125 0 0 0 0 0 0 

576 553 401 53 0 0.578662 0 0 0 0 0 0 0 0 0 0 0 0 0 0 0 0 0 0 0 0 0 0.176471 0.235294 0.176471 0.235294 0.117647 0.0588235 0 0 0 0 0 0 

640 616 459 53 0 0.519481 0 0 0 0 0 0 0 0 0 0 0 0 0 0 0 0 0 0 0 0.0526316 0 0.0526316 0.105263 0.157895 0.263158 0.210526 0.157895 0 0 0 0 0 0 

576 554 409 53 0 0.577617 0 0 0 0 0 0 0 0 0 0 0 0 0 0 0 0 0 0 0 0.0588235 0.0588235 0 0.117647 0.0588235 0.411765 0.294118 0 0 0 0 0 0 0 

608 592 427 53 0 0.540541 0 0 0 0 0 0 0 0 0 0 0 0 0 0 0 0 0 0 0.0555556 0 0.111111 0 0.166667 0.222222 0.333333 0.0555556 0.0555556 0 0 0 0 0 0 

512 505 381 53 0 0.633663 0 0 0 0 0 0 0 0 0 0 0 0 0 0 0 0 0 0 0 0 0 0 0.266667 0.2 0.2 0.2 0.133333 0 0 0 0 0 0 

544 520 390 53 0 0.615385 0 0 0 0 0 0 0 0 0 0 0 0 0 0 0 0 0 0 0 0 0 0.125 0 0.1875 0.375 0.1875 0.125 0 0 0 0 0 0 

704 681 488 53 0 0.469897 0 0 0 0 0 0 0 0 0 0 0 0 0 0 0 0 0 0 0.047619 0.047619 0.047619 0.0952381 0.0952381 0.285714 0.0952381 0.285714 0 0 0 0 0 0 0 

544 528 390 53 0 0.606061 0 0 0 0 0 0 0 0 0 0 0 0 0 0 0 0 0 0 0 0 0.0625 0.25 0.0625 0.0625 0.25 0.0625 0.25 0 0 0 0 0 0 

512 488 367 53 0 0.655738 0 0 0 0 0 0 0 0 0 0 0 0 0 0 0 0 0 0 0 0 0 0 0.2 0.2 0.2 0.266667 0.133333 0 0 0 0 0 0 

576 557 400 53 0 0.574506 0 0 0 0 0 0 0 0 0 0 0 0 0 0 0 0 0 0 0 0.0588235 0 0.176471 0.235294 0.235294 0.117647 0.117647 0 0.0588235 0 0 0 0 0 

704 682 503 53 0 0.469208 0 0 0 0 0 0 0 0 0 0 0 0 0 0 0 0 0 0 0 0 0.047619 0 0.238095 0.190476 0.285714 0.142857 0.0952381 0 0 0 0 0 0 

576 549 398 53 0 0.582878 0 0 0 0 0 0 0 0 0 0 0 0 0 0 0 0 0 0 0 0 0 0.117647 0.235294 0.235294 0.235294 0.176471 0 0 0 0 0 0 0 

608 590 435 53 0 0.542373 0 0 0 0 0 0 0 0 0 0 0 0 0 0 0 0 0 0 0 0 0 0.166667 0.111111 0.277778 0.222222 0.0555556 0.166667 0 0 0 0 0 0 

544 531 396 53 0 0.602637 0 0 0 0 0 0 0 0 0 0 0 0 0 0 0 0 0 0 0 0 0 0.125 0.0625 0.25 0.3125 0.1875 0.0625 0 0 0 0 0 0 

576 553 397 53 0 0.578662 0 0 0 0 0 0 0 0 0 0 0 0 0 0 0 0 0 0 0.0588235 0 0.0588235 0.0588235 0.235294 0.176471 0.176471 0.235294 0 0 0 0 0 0 0 

704 679 478 53 0 0.471281 0 0 0 0 0 0 0 0 0 0 0 0 0 0 0 0 0 0 0 0.047619 0.0952381 0.190476 0.238095 0.047619 0.238095 0.142857 0 0 0 0 0 0 0 

480 458 329 53 0 0.69869 0 0 0 0 0 0 0 0 0 0 0 0 0 0 0 0 0 0 0 0.0714286 0.142857 0 0.142857 0.285714 0.214286 0 0.142857 0 0 0 0 0 0 

704 688 500 53 0 0.465116 0 0 0 0 0 0 0 0 0 0 0 0 0 0 0 0 0 0 0 0 0.0952381 0.142857 0.0952381 0.238095 0.238095 0.142857 0 0.047619 0 0 0 0 0 

448 423 321 51 0 0.756501 0 0 0 0 0 0 0 0 0 0 0 0 0 0 0 0 0 0 0 0 0 0 0.230769 0.153846 0 0.461538 0.153846 0 0 0 0 0 0 

576 553 395 53 0 0.578662 0 0 0 0 0 0 0 0 0 0 0 0 0 0 0 0 0 0 0 0.117647 0.117647 0.0588235 0.0588235 0.117647 0.352941 0.176471 0 0 0 0 0 0 0 

576 558 417 53 0 0.573477 0 0 0 0 0 0 0 0 0 0 0 0 0 0 0 0 0 0 0 0.0588235 0 0.0588235 0.0588235 0.352941 0.176471 0.0588235 0.117647 0.117647 0 0 0 0 0 

640 616 431 53 0 0.519481 0 0 0 0 0 0 0 0 0 0 0 0 0 0 0 0 0 0 0 0.0526316 0.157895 0.210526 0.157895 0.157895 0.105263 0.0526316 0.105263 0 0 0 0 0 0 

576 553 410 53 0 0.578662 0 0 0 0 0 0 0 0 0 0 0 0 0 0 0 0 0 0 0 0 0 0.0588235 0.0588235 0.411765 0.176471 0.294118 0 0 0 0 0 0 0 

608 582 427 53 0 0.549828 0 0 0 0 0 0 0 0 0 0 0 0 0 0 0 0 0 0 0 0 0.111111 0 0.0555556 0.277778 0.333333 0.222222 0 0 0 0 0 0 0 

640 619 443 53 0 0.516963 0 0 0 0 0 0 0 0 0 0 0 0 0 0 0 0 0 0 0 0 0.105263 0.210526 0.0526316 0.315789 0.105263 0.210526 0 0 0 0 0 0 0 

608 592 422 53 0 0.540541 0 0 0 0 0 0 0 0 0 0 0 0 0 0 0 0 0 0 0 0 0.0555556 0.111111 0.333333 0.277778 0.166667 0.0555556 0 0 0 0 0 0 0 

576 547 399 53 0 0.585009 0 0 0 0 0 0 0 0 0 0 0 0 0 0 0 0 0 0 0.0588235 0 0 0 0.176471 0.352941 0.176471 0.117647 0.117647 0 0 0 0 0 0 

608 586 416 53 0 0.546075 0 0 0 0 0 0 0 0 0 0 0 0 0 0 0 0 0 0 0.0555556 0.0555556 0.111111 0.0555556 0.111111 0.222222 0.222222 0.111111 0.0555556 0 0 0 0 0 0 

608 586 431 53 0 0.546075 0 0 0 0 0 0 0 0 0 0 0 0 0 0 0 0 0 0 0 0 0.111111 0.0555556 0.166667 0.111111 0.166667 0.333333 0.0555556 0 0 0 0 0 0 

640 625 454 53 0 0.512 0 0 0 0 0 0 0 0 0 0 0 0 0 0 0 0 0 0 0 0 0.105263 0.0526316 0.263158 0.157895 0.263158 0.0526316 0.105263 0 0 0 0 0 0 

608 588 416 53 0 0.544218 0 0 0 0 0 0 0 0 0 0 0 0 0 0 0 0 0 0 0.0555556 0.0555556 0.111111 0.111111 0.0555556 0.222222 0.222222 0.166667 0 0 0 0 0 0 0 

544 526 383 53 0 0.608365 0 0 0 0 0 0 0 0 0 0 0 0 0 0 0 0 0 0 0 0 0.125 0.125 0 0.25 0.3125 0.1875 0 0 0 0 0 0 0 

608 584 424 53 0 0.547945 0 0 0 0 0 0 0 0 0 0 0 0 0 0 0 0 0 0 0 0 0.0555556 0.0555556 0.166667 0.277778 0.333333 0.111111 0 0 0 0 0 0 0 

608 590 443 53 0 0.542373 0 0 0 0 0 0 0 0 0 0 0 0 0 0 0 0 0 0 0 0.0555556 0.0555556 0 0.111111 0.111111 0.222222 0.277778 0.111111 0.0555556 0 0 0 0 0 

608 595 433 53 0 0.537815 0 0 0 0 0 0 0 0 0 0 0 0 0 0 0 0 0 0.0555556 0 0 0.111111 0.111111 0.0555556 0.166667 0.222222 0.111111 0.166667 0 0 0 0 0 0 

576 555 392 53 0 0.576577 0 0 0 0 0 0 0 0 0 0 0 0 0 0 0 0 0 0 0.0588235 0 0.0588235 0.235294 0.176471 0.117647 0.176471 0.176471 0 0 0 0 0 0 0 

544 520 385 53 0 0.615385 0 0 0 0 0 0 0 0 0 0 0 0 0 0 0 0 0 0 0 0 0.0625 0 0.375 0.0625 0.125 0.1875 0.125 0.0625 0 0 0 0 0 

608 582 426 53 0 0.549828 0 0 0 0 0 0 0 0 0 0 0 0 0 0 0 0 0 0 0 0 0 0 0.388889 0.222222 0.166667 0.111111 0.111111 0 0 0 0 0 0 

576 561 422 53 0 0.57041 0 0 0 0 0 0 0 0 0 0 0 0 0 0 0 0 0 0 0 0 0 0 0.294118 0.176471 0.176471 0.117647 0.235294 0 0 0 0 0 0 

576 558 418 53 0 0.573477 0 0 0 0 0 0 0 0 0 0 0 0 0 0 0 0 0 0 0 0 0 0.0588235 0.117647 0.117647 0.470588 0.176471 0.0588235 0 0 0 0 0 0 

512 499 362 53 0 0.641283 0 0 0 0 0 0 0 0 0 0 0 0 0 0 0 0 0 0 0 0 0.133333 0.0666667 0.333333 0.133333 0 0.266667 0.0666667 0 0 0 0 0 0 

576 556 407 53 0 0.57554 0 0 0 0 0 0 0 0 0 0 0 0 0 0 0 0 0 0 0.117647 0 0 0 0.235294 0.117647 0.235294 0.117647 0.117647 0.0588235 0 0 0 0 0 

544 521 374 53 0 0.614203 0 0 0 0 0 0 0 0 0 0 0 0 0 0 0 0 0 0 0 0 0.0625 0.25 0.125 0.1875 0.1875 0.125 0.0625 0 0 0 0 0 0 

512 498 370 53 0 0.64257 0 0 0 0 0 0 0 0 0 0 0 0 0 0 0 0 0 0 0 0 0 0.0666667 0.133333 0.266667 0.4 0.0666667 0.0666667 0 0 0 0 0 0 

640 633 458 53 0 0.505529 0 0 0 0 0 0 0 0 0 0 0 0 0 0 0 0 0 0 0 0.105263 0.105263 0 0.105263 0.157895 0.421053 0.105263 0 0 0 0 0 0 0 

512 500 372 53 0 0.64 0 0 0 0 0 0 0 0 0 0 0 0 0 0 0 0 0 0 0 0 0 0.0666667 0.333333 0.133333 0.133333 0.2 0.133333 0 0 0 0 0 0 

512 494 367 53 0 0.647773 0 0 0 0 0 0 0 0 0 0 0 0 0 0 0 0 0 0 0 0 0.0666667 0.2 0 0.133333 0.2 0.266667 0.133333 0 0 0 0 0 0 

576 550 408 53 0 0.581818 0 0 0 0 0 0 0 0 0 0 0 0 0 0 0 0 0 0 0 0.0588235 0 0.117647 0.176471 0.0588235 0 0.470588 0.117647 0 0 0 0 0 0 

640 619 449 53 0 0.516963 0 0 0 0 0 0 0 0 0 0 0 0 0 0 0 0 0 0 0 0.0526316 0.105263 0.0526316 0.105263 0.157895 0.368421 0.0526316 0.105263 0 0 0 0 0 0 

640 627 453 53 0 0.510367 0 0 0 0 0 0 0 0 0 0 0 0 0 0 0 0 0 0 0 0 0 0.315789 0.105263 0.210526 0.263158 0.0526316 0 0.0526316 0 0 0 0 0 

512 497 362 53 0 0.643863 0 0 0 0 0 0 0 0 0 0 0 0 0 0 0 0 0 0 0 0 0 0.2 0.2 0.2 0.2 0.2 0 0 0 0 0 0 0 

576 559 407 53 0 0.572451 0 0 0 0 0 0 0 0 0 0 0 0 0 0 0 0 0 0 0 0 0.176471 0 0.117647 0.235294 0.235294 0.235294 0 0 0 0 0 0 0 

544 524 390 53 0 0.610687 0 0 0 0 0 0 0 0 0 0 0 0 0 0 0 0 0 0 0 0 0 0 0.1875 0.3125 0.25 0.1875 0.0625 0 0 0 0 0 0 

544 527 376 53 0 0.607211 0 0 0 0 0 0 0 0 0 0 0 0 0 0 0 0 0 0 0 0.0625 0.125 0.125 0.125 0.1875 0.1875 0.1875 0 0 0 0 0 0 0 

576 551 398 53 0 0.580762 0 0 0 0 0 0 0 0 0 0 0 0 0 0 0 0 0 0 0 0.0588235 0.0588235 0.0588235 0.235294 0.176471 0.0588235 0.352941 0 0 0 0 0 0 0 

640 617 446 53 0 0.518639 0 0 0 0 0 0 0 0 0 0 0 0 0 0 0 0 0 0 0 0 0.0526316 0.157895 0.210526 0.157895 0.263158 0.105263 0 0.0526316 0 0 0 0 0 

544 527 399 53 0 0.607211 0 0 0 0 0 0 0 0 0 0 0 0 0 0 0 0 0 0 0 0 0 0.0625 0.125 0.25 0.125 0.25 0.125 0.0625 0 0 0 0 0 

448 442 320 53 0 0.723982 0 0 0 0 0 0 0 0 0 0 0 0 0 0 0 0 0 0 0 0.0769231 0 0.230769 0.153846 0.153846 0.153846 0.230769 0 0 0 0 0 0 0 

512 493 363 53 0 0.649087 0 0 0 0 0 0 0 0 0 0 0 0 0 0 0 0 0 0 0 0 0.0666667 0 0.266667 0.0666667 0.4 0.2 0 0 0 0 0 0 0 

608 580 417 53 0 0.551724 0 0 0 0 0 0 0 0 0 0 0 0 0 0 0 0 0 0 0 0 0.0555556 0 0.444444 0.222222 0.0555556 0.166667 0.0555556 0 0 0 0 0 0 

448 430 328 53 0 0.744186 0 0 0 0 0 0 0 0 0 0 0 0 0 0 0 0 0 0 0 0 0 0 0.0769231 0.153846 0.461538 0.153846 0.153846 0 0 0 0 0 0 

544 523 384 53 0 0.611855 0 0 0 0 0 0 0 0 0 0 0 0 0 0 0 0 0 0 0 0 0 0.0625 0.1875 0.4375 0.125 0.125 0 0.0625 0 0 0 0 0 

608 580 403 53 0 0.551724 0 0 0 0 0 0 0 0 0 0 0 0 0 0 0 0 0 0 0 0 0.166667 0.222222 0.166667 0.222222 0.166667 0.0555556 0 0 0 0 0 0 0 

544 533 391 53 0 0.600375 0 0 0 0 0 0 0 0 0 0 0 0 0 0 0 0 0 0 0 0 0 0.125 0.3125 0.1875 0.125 0.1875 0.0625 0 0 0 0 0 0 

640 622 450 53 0 0.514469 0 0 0 0 0 0 0 0 0 0 0 0 0 0 0 0 0 0 0 0.0526316 0 0.0526316 0.210526 0.473684 0.0526316 0.105263 0 0.0526316 0 0 0 0 0 

576 554 408 53 0 0.577617 0 0 0 0 0 0 0 0 0 0 0 0 0 0 0 0 0 0 0 0 0 0.0588235 0.235294 0.294118 0.235294 0.0588235 0.0588235 0.0588235 0 0 0 0 0 

576 551 410 53 0 0.580762 0 0 0 0 0 0 0 0 0 0 0 0 0 0 0 0 0 0 0 0 0.0588235 0.0588235 0.117647 0.176471 0.235294 0.235294 0.0588235 0.0588235 0 0 0 0 0 

512 504 375 53 0 0.634921 0 0 0 0 0 0 0 0 0 0 0 0 0 0 0 0 0 0 0 0 0.0666667 0 0.133333 0.466667 0.133333 0.0666667 0.0666667 0.0666667 0 0 0 0 0 

512 498 365 53 0 0.64257 0 0 0 0 0 0 0 0 0 0 0 0 0 0 0 0 0 0 0 0 0 0.266667 0.133333 0.133333 0.266667 0.0666667 0.133333 0 0 0 0 0 0 

512 502 363 53 0 0.63745 0 0 0 0 0 0 0 0 0 0 0 0 0 0 0 0 0 0 0 0 0.133333 0.133333 0.266667 0.133333 0.133333 0.133333 0 0.0666667 0 0 0 0 0 

608 588 425 53 0 0.544218 0 0 0 0 0 0 0 0 0 0 0 0 0 0 0 0 0 0 0 0 0.111111 0.0555556 0.222222 0.333333 0.111111 0.0555556 0.0555556 0.0555556 0 0 0 0 0 

640 622 436 53 0 0.514469 0 0 0 0 0 0 0 0 0 0 0 0 0 0 0 0 0 0 0.0526316 0.0526316 0 0.263158 0.210526 0.157895 0.157895 0.0526316 0.0526316 0 0 0 0 0 0 

544 531 397 53 0 0.602637 0 0 0 0 0 0 0 0 0 0 0 0 0 0 0 0 0 0 0 0 0 0.0625 0.1875 0.25 0.1875 0.25 0 0.0625 0 0 0 0 0 

576 568 413 53 0 0.56338 0 0 0 0 0 0 0 0 0 0 0 0 0 0 0 0 0 0 0.0588235 0 0.0588235 0.117647 0.0588235 0.352941 0.0588235 0.294118 0 0 0 0 0 0 0 

576 551 402 53 0 0.580762 0 0 0 0 0 0 0 0 0 0 0 0 0 0 0 0 0 0 0 0 0 0.0588235 0.294118 0.352941 0.0588235 0.117647 0.117647 0 0 0 0 0 0 

608 585 422 53 0 0.547009 0 0 0 0 0 0 0 0 0 0 0 0 0 0 0 0 0 0 0 0 0.166667 0.166667 0.111111 0.111111 0.166667 0.111111 0.166667 0 0 0 0 0 0 

544 524 388 53 0 0.610687 0 0 0 0 0 0 0 0 0 0 0 0 0 0 0 0 0 0 0 0 0 0.0625 0.1875 0.3125 0.1875 0.125 0.125 0 0 0 0 0 0 

512 496 362 53 0 0.645161 0 0 0 0 0 0 0 0 0 0 0 0 0 0 0 0 0 0 0 0.0666667 0 0.0666667 0.133333 0.4 0.0666667 0.266667 0 0 0 0 0 0 0 

544 521 382 53 0 0.614203 0 0 0 0 0 0 0 0 0 0 0 0 0 0 0 0 0 0 0 0 0 0.1875 0.125 0.25 0.1875 0.1875 0 0.0625 0 0 0 0 0 

576 558 405 53 0 0.573477 0 0 0 0 0 0 0 0 0 0 0 0 0 0 0 0 0 0 0 0.0588235 0 0.0588235 0.235294 0.294118 0.235294 0 0.117647 0 0 0 0 0 0 

640 626 457 53 0 0.511182 0 0 0 0 0 0 0 0 0 0 0 0 0 0 0 0 0 0 0 0 0 0.263158 0.105263 0.210526 0.210526 0.157895 0 0.0526316 0 0 0 0 0 

544 517 381 53 0 0.618955 0 0 0 0 0 0 0 0 0 0 0 0 0 0 0 0 0 0 0 0 0 0 0.375 0.1875 0.125 0.1875 0.125 0 0 0 0 0 0 

608 594 442 53 0 0.538721 0 0 0 0 0 0 0 0 0 0 0 0 0 0 0 0 0 0 0 0 0 0.111111 0.111111 0.166667 0.333333 0.277778 0 0 0 0 0 0 0 

576 561 422 53 0 0.57041 0 0 0 0 0 0 0 0 0 0 0 0 0 0 0 0 0 0 0 0 0.0588235 0.0588235 0.0588235 0.176471 0.235294 0.294118 0.117647 0 0 0 0 0 0 

480 467 354 53 0 0.685225 0 0 0 0 0 0 0 0 0 0 0 0 0 0 0 0 0 0 0 0 0 0.0714286 0.142857 0.0714286 0.428571 0.142857 0.0714286 0.0714286 0 0 0 0 0 

576 547 381 53 0 0.585009 0 0 0 0 0 0 0 0 0 0 0 0 0 0 0 0 0 0 0 0.0588235 0.235294 0.0588235 0.294118 0 0.117647 0.235294 0 0 0 0 0 0 0 

640 615 446 53 0 0.520325 0 0 0 0 0 0 0 0 0 0 0 0 0 0 0 0 0 0 0 0 0.0526316 0.105263 0.157895 0.263158 0.210526 0.210526 0 0 0 0 0 0 0 

544 533 396 53 0 0.600375 0 0 0 0 0 0 0 0 0 0 0 0 0 0 0 0 0 0 0 0 0.0625 0 0.25 0.25 0.1875 0.125 0.0625 0.0625 0 0 0 0 0 

576 554 410 53 0 0.577617 0 0 0 0 0 0 0 0 0 0 0 0 0 0 0 0 0 0 0 0 0 0.0588235 0.176471 0.176471 0.352941 0.235294 0 0 0 0 0 0 0 

544 520 382 53 0 0.615385 0 0 0 0 0 0 0 0 0 0 0 0 0 0 0 0 0 0 0 0 0 0 0.4375 0 0.3125 0.25 0 0 0 0 0 0 0 

672 648 477 53 0 0.493827 0 0 0 0 0 0 0 0 0 0 0 0 0 0 0 0 0 0 0 0.05 0 0.1 0.15 0.1 0.3 0.2 0.1 0 0 0 0 0 0 

576 560 420 53 0 0.571429 0 0 0 0 0 0 0 0 0 0 0 0 0 0 0 0 0 0 0 0 0 0 0.235294 0.294118 0.176471 0.117647 0.117647 0.0588235 0 0 0 0 0 

512 490 362 53 0 0.653061 0 0 0 0 0 0 0 0 0 0 0 0 0 0 0 0 0 0 0 0 0.0666667 0 0.133333 0.333333 0.266667 0.133333 0 0.0666667 0 0 0 0 0 

