480 468 344 53 0 0.683761 0 0 0 0 0 0 0 0 0 0 0 0 0 0 0 0 0 0 0 0.0714286 0.0714286 0.142857 0.142857 0.0714286 0.142857 0.214286 0.0714286 0.0714286 0 0 0 0 0 

576 566 403 53 0 0.565371 0 0 0 0 0 0 0 0 0 0 0 0 0 0 0 0 0 0 0.117647 0 0 0.117647 0.176471 0.352941 0.176471 0 0 0.0588235 0 0 0 0 0 

576 549 404 53 0 0.582878 0 0 0 0 0 0 0 0 0 0 0 0 0 0 0 0 0 0 0 0 0.0588235 0 0.117647 0.352941 0.235294 0.176471 0.0588235 0 0 0 0 0 0 

672 664 485 53 0 0.481928 0 0 0 0 0 0 0 0 0 0 0 0 0 0 0 0 0 0 0 0.1 0.05 0.05 0.1 0.15 0.35 0.15 0.05 0 0 0 0 0 0 

608 586 425 53 0 0.546075 0 0 0 0 0 0 0 0 0 0 0 0 0 0 0 0 0 0 0 0 0 0.0555556 0.333333 0.333333 0.111111 0.111111 0.0555556 0 0 0 0 0 0 

576 555 395 53 0 0.576577 0 0 0 0 0 0 0 0 0 0 0 0 0 0 0 0 0 0 0 0 0.176471 0.117647 0.176471 0.176471 0.235294 0.0588235 0.0588235 0 0 0 0 0 0 

576 558 412 53 0 0.573477 0 0 0 0 0 0 0 0 0 0 0 0 0 0 0 0 0 0 0 0 0 0.0588235 0.235294 0.117647 0.411765 0.176471 0 0 0 0 0 0 0 

512 492 363 53 0 0.650406 0 0 0 0 0 0 0 0 0 0 0 0 0 0 0 0 0 0 0 0 0 0.0666667 0.266667 0.133333 0.266667 0.266667 0 0 0 0 0 0 0 

576 556 408 53 0 0.57554 0 0 0 0 0 0 0 0 0 0 0 0 0 0 0 0 0 0 0 0 0 0.235294 0.0588235 0.235294 0.235294 0.117647 0.117647 0 0 0 0 0 0 

544 536 395 53 0 0.597015 0 0 0 0 0 0 0 0 0 0 0 0 0 0 0 0 0 0 0 0 0.0625 0.125 0.1875 0.1875 0.0625 0.375 0 0 0 0 0 0 0 

640 622 461 53 0 0.514469 0 0 0 0 0 0 0 0 0 0 0 0 0 0 0 0 0 0 0 0 0.0526316 0.0526316 0.105263 0.315789 0.210526 0.157895 0.0526316 0.0526316 0 0 0 0 0 

544 535 396 53 0 0.598131 0 0 0 0 0 0 0 0 0 0 0 0 0 0 0 0 0 0 0 0.0625 0 0.1875 0 0.1875 0.25 0.25 0.0625 0 0 0 0 0 0 

512 489 361 53 0 0.654397 0 0 0 0 0 0 0 0 0 0 0 0 0 0 0 0 0 0 0 0.0666667 0 0.0666667 0.2 0.133333 0.2 0.2 0.0666667 0.0666667 0 0 0 0 0 

576 566 421 53 0 0.565371 0 0 0 0 0 0 0 0 0 0 0 0 0 0 0 0 0 0 0 0 0.0588235 0.117647 0.176471 0.176471 0.117647 0.117647 0.235294 0 0 0 0 0 0 

576 555 412 53 0 0.576577 0 0 0 0 0 0 0 0 0 0 0 0 0 0 0 0 0 0 0 0 0 0.117647 0.235294 0.117647 0.117647 0.294118 0.117647 0 0 0 0 0 0 

544 529 389 53 0 0.604915 0 0 0 0 0 0 0 0 0 0 0 0 0 0 0 0 0 0 0 0.0625 0.0625 0.125 0 0.125 0.375 0.1875 0.0625 0 0 0 0 0 0 

576 554 405 53 0 0.577617 0 0 0 0 0 0 0 0 0 0 0 0 0 0 0 0 0 0 0 0.0588235 0.0588235 0.0588235 0 0.411765 0.235294 0.0588235 0.0588235 0.0588235 0 0 0 0 0 

512 488 357 53 0 0.655738 0 0 0 0 0 0 0 0 0 0 0 0 0 0 0 0 0 0 0 0.0666667 0.0666667 0.0666667 0.133333 0.0666667 0.4 0 0.2 0 0 0 0 0 0 

544 531 388 53 0 0.602637 0 0 0 0 0 0 0 0 0 0 0 0 0 0 0 0 0 0 0 0.0625 0 0.25 0.125 0.125 0.1875 0.125 0 0.125 0 0 0 0 0 

480 456 342 53 0 0.701754 0 0 0 0 0 0 0 0 0 0 0 0 0 0 0 0 0 0 0 0.0714286 0 0 0 0.285714 0.357143 0.142857 0.0714286 0.0714286 0 0 0 0 0 

608 591 439 53 0 0.541455 0 0 0 0 0 0 0 0 0 0 0 0 0 0 0 0 0 0 0 0.0555556 0 0 0 0.444444 0.333333 0.0555556 0.111111 0 0 0 0 0 0 

672 643 459 53 0 0.497667 0 0 0 0 0 0 0 0 0 0 0 0 0 0 0 0 0 0 0 0 0.05 0.05 0.4 0.2 0.2 0.05 0.05 0 0 0 0 0 0 

640 632 450 53 0 0.506329 0 0 0 0 0 0 0 0 0 0 0 0 0 0 0 0 0 0 0 0.0526316 0.0526316 0.157895 0.263158 0.210526 0.157895 0.105263 0 0 0 0 0 0 0 

544 532 412 53 0 0.601504 0 0 0 0 0 0 0 0 0 0 0 0 0 0 0 0 0 0 0 0 0 0 0.125 0.1875 0.1875 0.1875 0.25 0 0.0625 0 0 0 0 

512 490 371 53 0 0.653061 0 0 0 0 0 0 0 0 0 0 0 0 0 0 0 0 0 0 0 0 0 0 0 0.333333 0.4 0.2 0 0.0666667 0 0 0 0 0 

576 565 419 53 0 0.566372 0 0 0 0 0 0 0 0 0 0 0 0 0 0 0 0 0 0 0 0 0.0588235 0.117647 0.176471 0.176471 0.176471 0.117647 0.117647 0.0588235 0 0 0 0 0 

608 585 446 53 0 0.547009 0 0 0 0 0 0 0 0 0 0 0 0 0 0 0 0 0 0 0 0 0 0.111111 0.111111 0.0555556 0.222222 0.166667 0.277778 0.0555556 0 0 0 0 0 

512 495 375 53 0 0.646465 0 0 0 0 0 0 0 0 0 0 0 0 0 0 0 0 0 0 0 0.0666667 0 0 0 0.266667 0.266667 0.266667 0.0666667 0.0666667 0 0 0 0 0 

704 682 494 53 0 0.469208 0 0 0 0 0 0 0 0 0 0 0 0 0 0 0 0 0 0 0.047619 0 0.0952381 0.047619 0.190476 0.190476 0.0952381 0.238095 0.0952381 0 0 0 0 0 0 

576 565 420 53 0 0.566372 0 0 0 0 0 0 0 0 0 0 0 0 0 0 0 0 0 0 0.0588235 0 0 0.117647 0 0.294118 0.117647 0.352941 0.0588235 0 0 0 0 0 0 

576 560 410 53 0 0.571429 0 0 0 0 0 0 0 0 0 0 0 0 0 0 0 0 0 0 0 0 0.117647 0.117647 0.0588235 0.294118 0.0588235 0.294118 0.0588235 0 0 0 0 0 0 

640 613 454 53 0 0.522023 0 0 0 0 0 0 0 0 0 0 0 0 0 0 0 0 0 0 0 0 0.0526316 0.105263 0.157895 0.157895 0.105263 0.263158 0.105263 0.0526316 0 0 0 0 0 

608 590 430 53 0 0.542373 0 0 0 0 0 0 0 0 0 0 0 0 0 0 0 0 0 0 0.0555556 0.0555556 0 0.222222 0 0.0555556 0.222222 0.333333 0.0555556 0 0 0 0 0 0 

608 586 423 53 0 0.546075 0 0 0 0 0 0 0 0 0 0 0 0 0 0 0 0 0 0 0.0555556 0 0 0.111111 0.277778 0.166667 0.166667 0.111111 0.111111 0 0 0 0 0 0 

608 590 426 53 0 0.542373 0 0 0 0 0 0 0 0 0 0 0 0 0 0 0 0 0 0 0 0 0.0555556 0.166667 0.222222 0.166667 0.222222 0.111111 0.0555556 0 0 0 0 0 0 

576 554 402 53 0 0.577617 0 0 0 0 0 0 0 0 0 0 0 0 0 0 0 0 0.0588235 0 0 0 0.0588235 0 0.176471 0.294118 0.176471 0.117647 0.0588235 0.0588235 0 0 0 0 0 

672 654 468 53 0 0.489297 0 0 0 0 0 0 0 0 0 0 0 0 0 0 0 0 0 0.05 0 0.05 0 0.05 0.2 0.35 0.15 0.1 0.05 0 0 0 0 0 0 

544 520 383 53 0 0.615385 0 0 0 0 0 0 0 0 0 0 0 0 0 0 0 0 0 0 0 0.0625 0 0.125 0.1875 0.125 0.1875 0.0625 0.1875 0.0625 0 0 0 0 0 

608 587 437 53 0 0.545145 0 0 0 0 0 0 0 0 0 0 0 0 0 0 0 0 0 0 0 0 0 0.111111 0.111111 0.277778 0.111111 0.277778 0.111111 0 0 0 0 0 0 

576 554 407 53 0 0.577617 0 0 0 0 0 0 0 0 0 0 0 0 0 0 0 0 0 0 0 0 0.0588235 0.117647 0.117647 0.176471 0.294118 0.117647 0.117647 0 0 0 0 0 0 

576 552 408 53 0 0.57971 0 0 0 0 0 0 0 0 0 0 0 0 0 0 0 0 0 0 0 0 0 0 0.176471 0.411765 0.235294 0.0588235 0.117647 0 0 0 0 0 0 

576 547 398 53 0 0.585009 0 0 0 0 0 0 0 0 0 0 0 0 0 0 0 0 0 0 0 0 0 0.0588235 0.235294 0.294118 0.235294 0.176471 0 0 0 0 0 0 0 

544 519 373 53 0 0.61657 0 0 0 0 0 0 0 0 0 0 0 0 0 0 0 0 0 0 0 0 0.0625 0.0625 0.25 0.3125 0.1875 0.125 0 0 0 0 0 0 0 

576 566 410 53 0 0.565371 0 0 0 0 0 0 0 0 0 0 0 0 0 0 0 0 0 0 0 0 0.0588235 0.117647 0.235294 0.294118 0.176471 0.0588235 0.0588235 0 0 0 0 0 0 

576 561 424 53 0 0.57041 0 0 0 0 0 0 0 0 0 0 0 0 0 0 0 0 0 0 0 0 0 0.176471 0 0.235294 0.235294 0.0588235 0.235294 0.0588235 0 0 0 0 0 

544 530 397 53 0 0.603774 0 0 0 0 0 0 0 0 0 0 0 0 0 0 0 0 0 0 0 0 0.0625 0 0.125 0.125 0.4375 0.1875 0.0625 0 0 0 0 0 0 

576 560 417 53 0 0.571429 0 0 0 0 0 0 0 0 0 0 0 0 0 0 0 0 0 0 0 0 0 0.0588235 0.117647 0.411765 0.0588235 0.294118 0.0588235 0 0 0 0 0 0 

544 531 392 53 0 0.602637 0 0 0 0 0 0 0 0 0 0 0 0 0 0 0 0 0 0 0 0 0.0625 0.0625 0.125 0.1875 0.4375 0.0625 0.0625 0 0 0 0 0 0 

512 493 358 53 0 0.649087 0 0 0 0 0 0 0 0 0 0 0 0 0 0 0 0 0 0 0 0 0.0666667 0.0666667 0.2 0.266667 0.266667 0.133333 0 0 0 0 0 0 0 

544 523 368 53 0 0.611855 0 0 0 0 0 0 0 0 0 0 0 0 0 0 0 0 0 0 0 0.125 0 0.1875 0.375 0 0.1875 0.0625 0 0.0625 0 0 0 0 0 

608 588 427 53 0 0.544218 0 0 0 0 0 0 0 0 0 0 0 0 0 0 0 0 0 0 0 0 0.0555556 0.111111 0.166667 0.222222 0.277778 0.166667 0 0 0 0 0 0 0 

608 587 422 53 0 0.545145 0 0 0 0 0 0 0 0 0 0 0 0 0 0 0 0 0 0.0555556 0 0 0 0.111111 0.111111 0.333333 0.277778 0.111111 0 0 0 0 0 0 0 

544 522 385 53 0 0.613027 0 0 0 0 0 0 0 0 0 0 0 0 0 0 0 0 0 0 0 0 0 0.125 0.0625 0.25 0.375 0.1875 0 0 0 0 0 0 0 

608 598 430 53 0 0.535117 0 0 0 0 0 0 0 0 0 0 0 0 0 0 0 0 0 0 0.0555556 0 0.0555556 0.166667 0.111111 0.222222 0.333333 0 0 0.0555556 0 0 0 0 0 

608 582 430 53 0 0.549828 0 0 0 0 0 0 0 0 0 0 0 0 0 0 0 0 0 0 0 0 0 0.111111 0.111111 0.277778 0.166667 0.277778 0.0555556 0 0 0 0 0 0 

544 516 378 53 0 0.620155 0 0 0 0 0 0 0 0 0 0 0 0 0 0 0 0 0 0 0 0 0.0625 0.125 0.0625 0.25 0.1875 0.25 0.0625 0 0 0 0 0 0 

608 586 425 53 0 0.546075 0 0 0 0 0 0 0 0 0 0 0 0 0 0 0 0 0 0 0 0 0.111111 0.0555556 0.111111 0.444444 0 0.222222 0.0555556 0 0 0 0 0 0 

544 523 394 53 0 0.611855 0 0 0 0 0 0 0 0 0 0 0 0 0 0 0 0 0 0 0 0 0 0 0.25 0.1875 0.1875 0.1875 0.125 0.0625 0 0 0 0 0 

640 617 452 53 0 0.518639 0 0 0 0 0 0 0 0 0 0 0 0 0 0 0 0 0 0 0 0 0 0.105263 0.105263 0.421053 0.105263 0.263158 0 0 0 0 0 0 0 

544 521 382 53 0 0.614203 0 0 0 0 0 0 0 0 0 0 0 0 0 0 0 0 0 0 0 0 0 0 0.1875 0.375 0.375 0.0625 0 0 0 0 0 0 0 

608 589 434 53 0 0.543294 0 0 0 0 0 0 0 0 0 0 0 0 0 0 0 0 0 0 0 0 0 0.111111 0.166667 0.333333 0.166667 0.111111 0.0555556 0.0555556 0 0 0 0 0 

480 472 350 53 0 0.677966 0 0 0 0 0 0 0 0 0 0 0 0 0 0 0 0 0 0 0 0 0.0714286 0.142857 0.214286 0.142857 0.214286 0 0.0714286 0.142857 0 0 0 0 0 

512 488 352 53 0 0.655738 0 0 0 0 0 0 0 0 0 0 0 0 0 0 0 0 0 0 0.0666667 0 0.0666667 0 0.133333 0.266667 0.333333 0.133333 0 0 0 0 0 0 0 

480 471 353 53 0 0.679406 0 0 0 0 0 0 0 0 0 0 0 0 0 0 0 0 0 0 0 0 0.0714286 0.0714286 0.142857 0.214286 0.0714286 0.357143 0 0.0714286 0 0 0 0 0 

608 589 427 53 0 0.543294 0 0 0 0 0 0 0 0 0 0 0 0 0 0 0 0 0 0 0 0 0 0.222222 0.166667 0.222222 0.222222 0.111111 0.0555556 0 0 0 0 0 0 

576 555 403 53 0 0.576577 0 0 0 0 0 0 0 0 0 0 0 0 0 0 0 0 0 0 0 0.0588235 0.0588235 0.0588235 0.0588235 0.352941 0.235294 0.117647 0.0588235 0 0 0 0 0 0 

576 555 397 53 0 0.576577 0 0 0 0 0 0 0 0 0 0 0 0 0 0 0 0 0 0 0 0.0588235 0 0 0.294118 0.470588 0.117647 0.0588235 0 0 0 0 0 0 0 

480 471 354 53 0 0.679406 0 0 0 0 0 0 0 0 0 0 0 0 0 0 0 0 0 0 0 0 0 0.0714286 0.142857 0.142857 0.428571 0.142857 0.0714286 0 0 0 0 0 0 

512 500 370 53 0 0.64 0 0 0 0 0 0 0 0 0 0 0 0 0 0 0 0 0 0 0 0 0.133333 0 0.133333 0.0666667 0.466667 0.2 0 0 0 0 0 0 0 

576 554 406 53 0 0.577617 0 0 0 0 0 0 0 0 0 0 0 0 0 0 0 0 0 0 0 0 0 0 0.294118 0.352941 0.176471 0.117647 0.0588235 0 0 0 0 0 0 

544 516 367 53 0 0.620155 0 0 0 0 0 0 0 0 0 0 0 0 0 0 0 0 0 0 0 0 0 0.125 0.375 0.3125 0.0625 0.125 0 0 0 0 0 0 0 

640 619 458 53 0 0.516963 0 0 0 0 0 0 0 0 0 0 0 0 0 0 0 0 0 0 0 0 0.0526316 0.0526316 0.105263 0.157895 0.421053 0.157895 0.0526316 0 0 0 0 0 0 

576 561 407 53 0 0.57041 0 0 0 0 0 0 0 0 0 0 0 0 0 0 0 0 0 0 0 0 0 0 0.411765 0.294118 0.235294 0.0588235 0 0 0 0 0 0 0 

608 592 451 53 0 0.540541 0 0 0 0 0 0 0 0 0 0 0 0 0 0 0 0 0 0 0.0555556 0 0 0.0555556 0.0555556 0.166667 0.166667 0.277778 0.0555556 0.111111 0.0555556 0 0 0 0 

512 485 345 53 0 0.659794 0 0 0 0 0 0 0 0 0 0 0 0 0 0 0 0 0 0 0.0666667 0 0.0666667 0.2 0.133333 0.0666667 0.2 0.266667 0 0 0 0 0 0 0 

640 618 454 53 0 0.517799 0 0 0 0 0 0 0 0 0 0 0 0 0 0 0 0 0 0 0 0 0 0.157895 0.0526316 0.368421 0.210526 0.105263 0.105263 0 0 0 0 0 0 

704 682 485 53 0 0.469208 0 0 0 0 0 0 0 0 0 0 0 0 0 0 0 0 0 0 0 0.0952381 0.142857 0.047619 0.142857 0.190476 0.0952381 0.285714 0 0 0 0 0 0 0 

480 462 341 53 0 0.692641 0 0 0 0 0 0 0 0 0 0 0 0 0 0 0 0 0 0 0.0714286 0 0 0 0.0714286 0.428571 0.214286 0.0714286 0.142857 0 0 0 0 0 0 

448 436 321 45 0 0.733945 0 0 0 0 0 0 0 0 0 0 0 0 0 0 0 0 0 0 0 0 0.0769231 0.153846 0.153846 0.0769231 0.307692 0.153846 0.0769231 0 0 0 0 0 0 

512 505 368 53 0 0.633663 0 0 0 0 0 0 0 0 0 0 0 0 0 0 0 0 0 0 0.0666667 0 0 0.2 0.0666667 0.266667 0.133333 0.266667 0 0 0 0 0 0 0 

544 529 384 53 0 0.604915 0 0 0 0 0 0 0 0 0 0 0 0 0 0 0 0 0 0 0 0 0.0625 0.0625 0.125 0.375 0.375 0 0 0 0 0 0 0 0 

544 532 402 53 0 0.601504 0 0 0 0 0 0 0 0 0 0 0 0 0 0 0 0 0 0 0 0 0.0625 0.0625 0 0.125 0.4375 0.1875 0.125 0 0 0 0 0 0 

480 461 346 53 0 0.694143 0 0 0 0 0 0 0 0 0 0 0 0 0 0 0 0 0 0 0 0 0 0.0714286 0 0.285714 0.428571 0.142857 0.0714286 0 0 0 0 0 0 

576 559 403 53 0 0.572451 0 0 0 0 0 0 0 0 0 0 0 0 0 0 0 0 0 0 0 0 0 0.117647 0.411765 0.235294 0.117647 0.0588235 0 0.0588235 0 0 0 0 0 

512 497 377 53 0 0.643863 0 0 0 0 0 0 0 0 0 0 0 0 0 0 0 0 0 0 0 0 0 0 0.2 0.133333 0.333333 0.2 0.0666667 0.0666667 0 0 0 0 0 

544 519 377 53 0 0.61657 0 0 0 0 0 0 0 0 0 0 0 0 0 0 0 0 0 0 0 0 0.0625 0.0625 0.3125 0.1875 0.1875 0.0625 0.0625 0.0625 0 0 0 0 0 

576 555 408 53 0 0.576577 0 0 0 0 0 0 0 0 0 0 0 0 0 0 0 0 0 0 0 0 0 0.117647 0.294118 0.0588235 0.294118 0.117647 0.117647 0 0 0 0 0 0 

576 560 410 53 0 0.571429 0 0 0 0 0 0 0 0 0 0 0 0 0 0 0 0 0 0 0 0 0.0588235 0.0588235 0.235294 0.235294 0.294118 0 0.0588235 0.0588235 0 0 0 0 0 

544 527 389 53 0 0.607211 0 0 0 0 0 0 0 0 0 0 0 0 0 0 0 0 0 0 0 0 0.0625 0 0.0625 0.375 0.375 0.125 0 0 0 0 0 0 0 

480 451 321 50 0 0.709534 0 0 0 0 0 0 0 0 0 0 0 0 0 0 0 0 0 0 0 0.142857 0 0.0714286 0.0714286 0.5 0.0714286 0 0.142857 0 0 0 0 0 0 

512 495 359 53 0 0.646465 0 0 0 0 0 0 0 0 0 0 0 0 0 0 0 0 0 0 0 0 0 0.133333 0.333333 0.133333 0.333333 0 0.0666667 0 0 0 0 0 0 

640 620 436 53 0 0.516129 0 0 0 0 0 0 0 0 0 0 0 0 0 0 0 0 0 0 0.0526316 0 0.210526 0.105263 0.105263 0.263158 0.0526316 0.157895 0.0526316 0 0 0 0 0 0 

512 500 365 53 0 0.64 0 0 0 0 0 0 0 0 0 0 0 0 0 0 0 0 0 0 0 0 0.0666667 0.2 0.2 0.0666667 0.2 0.2 0.0666667 0 0 0 0 0 0 

608 592 437 53 0 0.540541 0 0 0 0 0 0 0 0 0 0 0 0 0 0 0 0 0 0 0 0 0 0.111111 0.0555556 0.444444 0.166667 0.166667 0.0555556 0 0 0 0 0 0 

640 616 451 53 0 0.519481 0 0 0 0 0 0 0 0 0 0 0 0 0 0 0 0 0 0 0 0 0.0526316 0.157895 0.157895 0.157895 0.157895 0.157895 0.157895 0 0 0 0 0 0 

448 440 332 53 0 0.727273 0 0 0 0 0 0 0 0 0 0 0 0 0 0 0 0 0 0 0 0 0.153846 0 0.0769231 0.153846 0.230769 0.230769 0.0769231 0.0769231 0 0 0 0 0 

512 485 347 53 0 0.659794 0 0 0 0 0 0 0 0 0 0 0 0 0 0 0 0 0 0 0 0 0.0666667 0.0666667 0.266667 0.4 0.0666667 0.0666667 0.0666667 0 0 0 0 0 0 

512 501 368 53 0 0.638723 0 0 0 0 0 0 0 0 0 0 0 0 0 0 0 0 0 0 0 0 0.133333 0 0.266667 0.0666667 0.333333 0.133333 0.0666667 0 0 0 0 0 0 

512 502 378 53 0 0.63745 0 0 0 0 0 0 0 0 0 0 0 0 0 0 0 0 0 0 0 0 0 0 0.133333 0.466667 0.0666667 0.266667 0 0.0666667 0 0 0 0 0 

608 582 420 53 0 0.549828 0 0 0 0 0 0 0 0 0 0 0 0 0 0 0 0 0 0 0 0 0.0555556 0.0555556 0.277778 0.222222 0.277778 0.0555556 0.0555556 0 0 0 0 0 0 

