1280 1261 920 84 0 0.634417 0 0 0 0 0 0 0 0 0 0 0 0 0 0 0 0 0 0 0.025641 0 0.025641 0.0769231 0.205128 0.282051 0.102564 0.153846 0.102564 0.025641 0 0 0 0 0 

1216 1196 871 84 0 0.668896 0 0 0 0 0 0 0 0 0 0 0 0 0 0 0 0 0 0 0 0 0.027027 0.0810811 0.27027 0.189189 0.189189 0.189189 0.0540541 0 0 0 0 0 0 

1216 1194 860 84 0 0.670017 0 0 0 0 0 0 0 0 0 0 0 0 0 0 0 0 0 0 0.027027 0.027027 0.0540541 0.027027 0.243243 0.243243 0.216216 0.0540541 0.0810811 0.027027 0 0 0 0 0 

1248 1227 895 84 0 0.651997 0 0 0 0 0 0 0 0 0 0 0 0 0 0 0 0 0 0 0 0.0526316 0.0263158 0.105263 0.0789474 0.236842 0.263158 0.157895 0.0526316 0.0263158 0 0 0 0 0 

1280 1261 904 84 0 0.634417 0 0 0 0 0 0 0 0 0 0 0 0 0 0 0 0 0 0 0 0.025641 0.025641 0.153846 0.282051 0.102564 0.25641 0.128205 0 0.025641 0 0 0 0 0 

1280 1261 927 84 0 0.634417 0 0 0 0 0 0 0 0 0 0 0 0 0 0 0 0 0 0 0 0 0.0512821 0.102564 0.179487 0.153846 0.179487 0.205128 0.128205 0 0 0 0 0 0 

1216 1196 880 84 0 0.668896 0 0 0 0 0 0 0 0 0 0 0 0 0 0 0 0.027027 0 0 0 0 0.027027 0.0810811 0.0810811 0.216216 0.243243 0.243243 0.0540541 0.027027 0 0 0 0 0 

1248 1224 893 84 0 0.653595 0 0 0 0 0 0 0 0 0 0 0 0 0 0 0 0 0 0 0 0 0.0789474 0.0526316 0.0789474 0.342105 0.289474 0.0526316 0.105263 0 0 0 0 0 0 

1344 1319 965 84 0 0.60652 0 0 0 0 0 0 0 0 0 0 0 0 0 0 0 0 0 0 0 0 0.0487805 0.121951 0.097561 0.195122 0.268293 0.219512 0.0487805 0 0 0 0 0 0 

1152 1125 807 84 0 0.711111 0 0 0 0 0 0 0 0 0 0 0 0 0 0 0 0 0 0 0.0285714 0.0285714 0.0285714 0.142857 0.114286 0.228571 0.228571 0.171429 0.0285714 0 0 0 0 0 0 

1248 1227 886 84 0 0.651997 0 0 0 0 0 0 0 0 0 0 0 0 0 0 0 0 0 0 0 0.0263158 0.0526316 0.157895 0.157895 0.131579 0.236842 0.184211 0.0526316 0 0 0 0 0 0 

1216 1195 883 84 0 0.669456 0 0 0 0 0 0 0 0 0 0 0 0 0 0 0 0 0 0 0.027027 0 0 0.0810811 0.0810811 0.324324 0.189189 0.162162 0.108108 0.027027 0 0 0 0 0 

1152 1125 807 84 0 0.711111 0 0 0 0 0 0 0 0 0 0 0 0 0 0 0 0 0 0.0285714 0 0.0285714 0 0.171429 0.0857143 0.285714 0.2 0.171429 0.0285714 0 0 0 0 0 0 

1280 1261 933 84 0 0.634417 0 0 0 0 0 0 0 0 0 0 0 0 0 0 0 0 0 0 0 0 0.0512821 0.0769231 0.0769231 0.205128 0.358974 0.128205 0.0512821 0.0512821 0 0 0 0 0 

1120 1098 823 84 0 0.728597 0 0 0 0 0 0 0 0 0 0 0 0 0 0 0 0 0 0 0 0.0294118 0.0294118 0.0294118 0.0588235 0.176471 0.294118 0.235294 0.117647 0.0294118 0 0 0 0 0 

1184 1158 834 84 0 0.690846 0 0 0 0 0 0 0 0 0 0 0 0 0 0 0 0 0 0.0277778 0 0.0277778 0.0555556 0.0833333 0.222222 0.194444 0.111111 0.138889 0.111111 0.0277778 0 0 0 0 0 

1120 1100 802 83 0 0.727273 0 0 0 0 0 0 0 0 0 0 0 0 0 0 0 0 0 0 0.0294118 0.0294118 0 0.0588235 0.205882 0.147059 0.323529 0.117647 0.0882353 0 0 0 0 0 0 

1120 1098 812 84 0 0.728597 0 0 0 0 0 0 0 0 0 0 0 0 0 0 0 0 0 0 0 0 0 0.117647 0.0882353 0.235294 0.294118 0.176471 0.0882353 0 0 0 0 0 0 

1216 1196 870 84 0 0.668896 0 0 0 0 0 0 0 0 0 0 0 0 0 0 0 0 0 0 0.027027 0 0.027027 0.0810811 0.0810811 0.351351 0.243243 0.162162 0.027027 0 0 0 0 0 0 

1248 1227 910 84 0 0.651997 0 0 0 0 0 0 0 0 0 0 0 0 0 0 0 0 0 0 0 0.0263158 0 0.0526316 0.105263 0.289474 0.263158 0.105263 0.131579 0.0263158 0 0 0 0 0 

1152 1125 816 84 0 0.711111 0 0 0 0 0 0 0 0 0 0 0 0 0 0 0 0 0 0 0 0 0.114286 0.114286 0.114286 0.142857 0.257143 0.2 0.0285714 0.0285714 0 0 0 0 0 

1280 1261 907 84 0 0.634417 0 0 0 0 0 0 0 0 0 0 0 0 0 0 0 0 0 0 0.025641 0 0.0769231 0.153846 0.128205 0.205128 0.230769 0.0769231 0.0769231 0.025641 0 0 0 0 0 

1216 1194 851 84 0 0.670017 0 0 0 0 0 0 0 0 0 0 0 0 0 0 0 0 0 0 0.0540541 0.027027 0.0810811 0.0540541 0.189189 0.162162 0.27027 0.108108 0.0540541 0 0 0 0 0 0 

1248 1226 890 84 0 0.652529 0 0 0 0 0 0 0 0 0 0 0 0 0 0 0 0 0 0 0 0.0263158 0.0789474 0.0263158 0.210526 0.236842 0.236842 0.0789474 0.0526316 0.0526316 0 0 0 0 0 

1248 1226 905 84 0 0.652529 0 0 0 0 0 0 0 0 0 0 0 0 0 0 0 0 0 0 0 0 0 0.0789474 0.210526 0.184211 0.289474 0.105263 0.105263 0.0263158 0 0 0 0 0 

1248 1226 885 84 0 0.652529 0 0 0 0 0 0 0 0 0 0 0 0 0 0 0 0 0 0.0263158 0 0 0.0263158 0.131579 0.184211 0.263158 0.157895 0.105263 0.0789474 0.0263158 0 0 0 0 0 

1248 1228 890 84 0 0.651466 0 0 0 0 0 0 0 0 0 0 0 0 0 0 0 0 0 0 0 0.0526316 0.0263158 0.131579 0.131579 0.184211 0.210526 0.210526 0.0526316 0 0 0 0 0 0 

1280 1261 921 84 0 0.634417 0 0 0 0 0 0 0 0 0 0 0 0 0 0 0 0 0 0 0 0.025641 0.0512821 0.025641 0.205128 0.307692 0.153846 0.102564 0.0769231 0.0512821 0 0 0 0 0 

1216 1194 876 84 0 0.670017 0 0 0 0 0 0 0 0 0 0 0 0 0 0 0 0 0 0 0 0 0.0540541 0.108108 0.189189 0.135135 0.216216 0.162162 0.108108 0.027027 0 0 0 0 0 

1184 1159 843 84 0 0.69025 0 0 0 0 0 0 0 0 0 0 0 0 0 0 0 0 0 0 0 0 0.0555556 0.111111 0.25 0.111111 0.25 0.0555556 0.166667 0 0 0 0 0 0 

1248 1227 895 84 0 0.651997 0 0 0 0 0 0 0 0 0 0 0 0 0 0 0 0 0 0 0 0 0.0526316 0.105263 0.157895 0.210526 0.210526 0.210526 0.0526316 0 0 0 0 0 0 

1248 1225 888 84 0 0.653061 0 0 0 0 0 0 0 0 0 0 0 0 0 0 0 0 0 0 0 0.0263158 0.0263158 0.131579 0.157895 0.263158 0.184211 0.0789474 0.131579 0 0 0 0 0 0 

1088 1074 802 84 0 0.744879 0 0 0 0 0 0 0 0 0 0 0 0 0 0 0 0 0 0 0 0.030303 0 0 0.212121 0.272727 0.181818 0.151515 0.030303 0.0909091 0.030303 0 0 0 0 

1248 1224 867 84 0 0.653595 0 0 0 0 0 0 0 0 0 0 0 0 0 0 0 0 0 0 0.0526316 0 0.0526316 0.157895 0.184211 0.236842 0.157895 0.105263 0.0526316 0 0 0 0 0 0 

1280 1261 906 84 0 0.634417 0 0 0 0 0 0 0 0 0 0 0 0 0 0 0 0 0 0 0 0.025641 0.0512821 0.102564 0.230769 0.282051 0.0769231 0.179487 0.0512821 0 0 0 0 0 0 

1152 1125 819 84 0 0.711111 0 0 0 0 0 0 0 0 0 0 0 0 0 0 0 0 0 0.0285714 0 0.0285714 0.0285714 0.0571429 0.0857143 0.257143 0.285714 0.142857 0.0857143 0 0 0 0 0 0 

1184 1159 851 84 0 0.69025 0 0 0 0 0 0 0 0 0 0 0 0 0 0 0 0 0 0 0 0.0277778 0 0.0833333 0.138889 0.305556 0.194444 0.194444 0 0 0.0555556 0 0 0 0 

1248 1227 899 84 0 0.651997 0 0 0 0 0 0 0 0 0 0 0 0 0 0 0 0 0 0 0 0 0.0263158 0.0789474 0.105263 0.342105 0.263158 0.105263 0.0789474 0 0 0 0 0 0 

1216 1194 858 84 0 0.670017 0 0 0 0 0 0 0 0 0 0 0 0 0 0 0 0 0 0 0 0 0.0810811 0.108108 0.162162 0.243243 0.324324 0.0540541 0 0.027027 0 0 0 0 0 

1088 1080 802 84 0 0.740741 0 0 0 0 0 0 0 0 0 0 0 0 0 0 0 0 0 0 0 0 0.030303 0.030303 0.121212 0.333333 0.212121 0.181818 0.0909091 0 0 0 0 0 0 

1120 1114 824 84 0 0.718133 0 0 0 0 0 0 0 0 0 0 0 0 0 0 0 0 0 0 0 0.0588235 0.0294118 0.0588235 0.205882 0.0882353 0.176471 0.264706 0.0588235 0.0588235 0 0 0 0 0 

1248 1227 903 84 0 0.651997 0 0 0 0 0 0 0 0 0 0 0 0 0 0 0 0 0 0 0.0263158 0 0 0.105263 0.105263 0.236842 0.184211 0.289474 0.0526316 0 0 0 0 0 0 

1216 1196 886 84 0 0.668896 0 0 0 0 0 0 0 0 0 0 0 0 0 0 0 0 0 0 0 0 0.0810811 0.0540541 0.0810811 0.189189 0.162162 0.405405 0.027027 0 0 0 0 0 0 

1184 1157 841 84 0 0.691443 0 0 0 0 0 0 0 0 0 0 0 0 0 0 0 0 0 0 0.0277778 0.0277778 0.0277778 0.138889 0.138889 0.222222 0.111111 0.138889 0.0833333 0.0833333 0 0 0 0 0 

1248 1226 902 84 0 0.652529 0 0 0 0 0 0 0 0 0 0 0 0 0 0 0 0 0 0 0 0 0.0263158 0.0526316 0.157895 0.289474 0.131579 0.342105 0 0 0 0 0 0 0 

1184 1157 856 84 0 0.691443 0 0 0 0 0 0 0 0 0 0 0 0 0 0 0 0 0 0 0 0 0.0277778 0.0277778 0.0555556 0.361111 0.305556 0.138889 0.0833333 0 0 0 0 0 0 

1216 1196 871 84 0 0.668896 0 0 0 0 0 0 0 0 0 0 0 0 0 0 0 0 0 0 0 0 0.0540541 0.108108 0.216216 0.108108 0.324324 0.0810811 0.108108 0 0 0 0 0 0 

1152 1125 832 84 0 0.711111 0 0 0 0 0 0 0 0 0 0 0 0 0 0 0 0 0 0 0 0.0285714 0 0.0571429 0.114286 0.2 0.371429 0.114286 0.0857143 0.0285714 0 0 0 0 0 

1344 1319 950 84 0 0.60652 0 0 0 0 0 0 0 0 0 0 0 0 0 0 0 0 0 0 0 0 0.121951 0.121951 0.097561 0.170732 0.317073 0.121951 0.0487805 0 0 0 0 0 0 

1216 1194 886 84 0 0.670017 0 0 0 0 0 0 0 0 0 0 0 0 0 0 0 0 0 0 0 0.0540541 0 0.027027 0.135135 0.243243 0.216216 0.162162 0.108108 0.0540541 0 0 0 0 0 

1120 1113 827 84 0 0.718778 0 0 0 0 0 0 0 0 0 0 0 0 0 0 0 0 0 0 0 0 0 0.0882353 0.205882 0.147059 0.235294 0.235294 0.0882353 0 0 0 0 0 0 

1216 1194 876 84 0 0.670017 0 0 0 0 0 0 0 0 0 0 0 0 0 0 0 0 0 0 0.027027 0.027027 0.027027 0.0540541 0.108108 0.216216 0.297297 0.108108 0.108108 0.027027 0 0 0 0 0 

1248 1227 884 84 0 0.651997 0 0 0 0 0 0 0 0 0 0 0 0 0 0 0 0 0 0 0 0.0263158 0.0263158 0.0789474 0.184211 0.315789 0.236842 0.131579 0 0 0 0 0 0 0 

1248 1227 898 84 0 0.651997 0 0 0 0 0 0 0 0 0 0 0 0 0 0 0 0 0 0 0 0.0263158 0.0526316 0.0526316 0.0526316 0.342105 0.289474 0.131579 0.0263158 0 0.0263158 0 0 0 0 

1088 1075 802 84 0 0.744186 0 0 0 0 0 0 0 0 0 0 0 0 0 0 0 0 0 0 0 0 0.030303 0.0606061 0.181818 0.212121 0.212121 0.0909091 0.121212 0.0909091 0 0 0 0 0 

1216 1194 887 84 0 0.670017 0 0 0 0 0 0 0 0 0 0 0 0 0 0 0 0 0 0 0 0 0.027027 0.108108 0.0810811 0.135135 0.297297 0.27027 0.0810811 0 0 0 0 0 0 

1120 1099 810 84 0 0.727934 0 0 0 0 0 0 0 0 0 0 0 0 0 0 0 0 0 0 0 0 0.0588235 0.147059 0.0588235 0.205882 0.235294 0.117647 0.147059 0.0294118 0 0 0 0 0 

1088 1076 802 83 0 0.743494 0 0 0 0 0 0 0 0 0 0 0 0 0 0 0 0 0 0 0 0 0 0 0.212121 0.30303 0.242424 0.0909091 0.121212 0.030303 0 0 0 0 0 

1216 1196 860 84 0 0.668896 0 0 0 0 0 0 0 0 0 0 0 0 0 0 0 0 0 0 0 0 0.027027 0.162162 0.243243 0.135135 0.324324 0.0810811 0.027027 0 0 0 0 0 0 

1280 1261 937 84 0 0.634417 0 0 0 0 0 0 0 0 0 0 0 0 0 0 0 0 0 0 0 0 0 0.025641 0.179487 0.307692 0.205128 0.205128 0.0512821 0 0 0.025641 0 0 0 

1216 1194 870 84 0 0.670017 0 0 0 0 0 0 0 0 0 0 0 0 0 0 0 0 0 0 0 0 0.0810811 0.0810811 0.189189 0.216216 0.135135 0.189189 0.108108 0 0 0 0 0 0 

1216 1196 881 84 0 0.668896 0 0 0 0 0 0 0 0 0 0 0 0 0 0 0 0 0 0 0 0 0.0810811 0.027027 0.162162 0.216216 0.216216 0.189189 0.0810811 0.027027 0 0 0 0 0 

1248 1226 889 84 0 0.652529 0 0 0 0 0 0 0 0 0 0 0 0 0 0 0 0 0 0 0 0.0263158 0.0263158 0.0263158 0.289474 0.157895 0.315789 0.131579 0.0263158 0 0 0 0 0 0 

1152 1125 820 84 0 0.711111 0 0 0 0 0 0 0 0 0 0 0 0 0 0 0 0 0 0 0 0.0285714 0.0571429 0.0571429 0.0857143 0.314286 0.2 0.2 0.0571429 0 0 0 0 0 0 

1184 1159 841 84 0 0.69025 0 0 0 0 0 0 0 0 0 0 0 0 0 0 0 0 0 0 0 0.0277778 0.0277778 0.0833333 0.222222 0.25 0.111111 0.194444 0.0833333 0 0 0 0 0 0 

1216 1194 855 84 0 0.670017 0 0 0 0 0 0 0 0 0 0 0 0 0 0 0 0 0 0 0 0.027027 0.0540541 0.108108 0.27027 0.162162 0.189189 0.162162 0.027027 0 0 0 0 0 0 

1216 1194 870 84 0 0.670017 0 0 0 0 0 0 0 0 0 0 0 0 0 0 0 0 0 0 0 0 0.027027 0.0540541 0.189189 0.324324 0.243243 0.108108 0.0540541 0 0 0 0 0 0 

1152 1125 835 84 0 0.711111 0 0 0 0 0 0 0 0 0 0 0 0 0 0 0 0 0 0 0 0 0 0.0857143 0.0857143 0.285714 0.228571 0.228571 0.0571429 0.0285714 0 0 0 0 0 

1248 1227 895 84 0 0.651997 0 0 0 0 0 0 0 0 0 0 0 0 0 0 0 0 0 0 0 0.0263158 0.0263158 0.105263 0.157895 0.236842 0.210526 0.157895 0.0526316 0 0.0263158 0 0 0 0 

1152 1124 817 84 0 0.711744 0 0 0 0 0 0 0 0 0 0 0 0 0 0 0 0 0.0285714 0 0 0.0285714 0.0285714 0.114286 0.114286 0.114286 0.2 0.342857 0.0285714 0 0 0 0 0 0 

1152 1125 822 84 0 0.711111 0 0 0 0 0 0 0 0 0 0 0 0 0 0 0 0 0 0.0285714 0 0.0285714 0 0.0857143 0.171429 0.2 0.2 0.142857 0.0857143 0.0571429 0 0 0 0 0 

1216 1195 848 84 0 0.669456 0 0 0 0 0 0 0 0 0 0 0 0 0 0 0 0 0 0 0.027027 0 0.027027 0.243243 0.243243 0.0810811 0.243243 0.0810811 0.0540541 0 0 0 0 0 0 

1280 1261 910 84 0 0.634417 0 0 0 0 0 0 0 0 0 0 0 0 0 0 0 0 0 0.025641 0 0 0.0512821 0.0512821 0.153846 0.307692 0.307692 0.0512821 0.0512821 0 0 0 0 0 0 

1184 1157 862 84 0 0.691443 0 0 0 0 0 0 0 0 0 0 0 0 0 0 0 0 0 0 0 0 0.0833333 0.0555556 0.111111 0.138889 0.222222 0.166667 0.166667 0.0555556 0 0 0 0 0 

1120 1098 802 82 0 0.728597 0 0 0 0 0 0 0 0 0 0 0 0 0 0 0 0 0 0 0 0.0294118 0.0294118 0.117647 0.0588235 0.176471 0.411765 0.147059 0.0294118 0 0 0 0 0 0 

1248 1227 878 84 0 0.651997 0 0 0 0 0 0 0 0 0 0 0 0 0 0 0 0 0 0 0 0.0263158 0.0526316 0.157895 0.210526 0.184211 0.263158 0 0.0789474 0.0263158 0 0 0 0 0 

1184 1156 851 84 0 0.692042 0 0 0 0 0 0 0 0 0 0 0 0 0 0 0 0 0 0 0 0 0.0555556 0.0277778 0.166667 0.194444 0.277778 0.222222 0.0277778 0.0277778 0 0 0 0 0 

1120 1099 802 84 0 0.727934 0 0 0 0 0 0 0 0 0 0 0 0 0 0 0 0 0 0 0 0 0 0.0882353 0.264706 0.235294 0.235294 0.0882353 0.0588235 0.0294118 0 0 0 0 0 

1248 1225 880 84 0 0.653061 0 0 0 0 0 0 0 0 0 0 0 0 0 0 0 0 0 0 0 0 0.0526316 0.157895 0.184211 0.263158 0.131579 0.184211 0.0263158 0 0 0 0 0 0 

1280 1261 914 84 0 0.634417 0 0 0 0 0 0 0 0 0 0 0 0 0 0 0 0 0 0 0.025641 0.025641 0.102564 0.025641 0.102564 0.205128 0.358974 0.102564 0 0.025641 0.025641 0 0 0 0 

1248 1227 887 84 0 0.651997 0 0 0 0 0 0 0 0 0 0 0 0 0 0 0 0 0 0 0 0.0263158 0.0263158 0.0789474 0.210526 0.263158 0.236842 0.105263 0.0526316 0 0 0 0 0 0 

1120 1092 802 84 0 0.732601 0 0 0 0 0 0 0 0 0 0 0 0 0 0 0 0 0 0 0 0 0.0588235 0.0588235 0.176471 0.235294 0.117647 0.264706 0.0588235 0.0294118 0 0 0 0 0 

1120 1102 802 84 0 0.725953 0 0 0 0 0 0 0 0 0 0 0 0 0 0 0 0 0 0 0 0.0294118 0.0294118 0.147059 0.205882 0.117647 0.147059 0.264706 0.0294118 0.0294118 0 0 0 0 0 

1184 1159 849 84 0 0.69025 0 0 0 0 0 0 0 0 0 0 0 0 0 0 0 0 0 0 0 0 0.0555556 0.111111 0.166667 0.222222 0.111111 0.25 0.0277778 0.0277778 0.0277778 0 0 0 0 

1184 1158 845 84 0 0.690846 0 0 0 0 0 0 0 0 0 0 0 0 0 0 0 0 0 0 0 0 0.0555556 0.111111 0.166667 0.166667 0.277778 0.0833333 0.138889 0 0 0 0 0 0 

1248 1228 897 84 0 0.651466 0 0 0 0 0 0 0 0 0 0 0 0 0 0 0 0 0 0 0 0.0263158 0.0263158 0.0526316 0.236842 0.131579 0.289474 0.184211 0.0526316 0 0 0 0 0 0 

1216 1196 863 84 0 0.668896 0 0 0 0 0 0 0 0 0 0 0 0 0 0 0 0 0 0 0.027027 0 0.0810811 0.0540541 0.216216 0.243243 0.108108 0.216216 0.0540541 0 0 0 0 0 0 

1152 1125 834 84 0 0.711111 0 0 0 0 0 0 0 0 0 0 0 0 0 0 0 0 0 0 0 0 0 0.114286 0.114286 0.228571 0.228571 0.142857 0.171429 0 0 0 0 0 0 

1216 1196 889 84 0 0.668896 0 0 0 0 0 0 0 0 0 0 0 0 0 0 0 0 0 0 0 0.027027 0.0540541 0.027027 0.0540541 0.216216 0.324324 0.162162 0.108108 0.027027 0 0 0 0 0 

1216 1194 882 84 0 0.670017 0 0 0 0 0 0 0 0 0 0 0 0 0 0 0 0 0 0 0 0 0.027027 0.0540541 0.189189 0.243243 0.162162 0.216216 0.0810811 0.027027 0 0 0 0 0 

1216 1196 867 84 0 0.668896 0 0 0 0 0 0 0 0 0 0 0 0 0 0 0 0 0 0 0 0 0.0540541 0.108108 0.162162 0.243243 0.243243 0.162162 0.027027 0 0 0 0 0 0 

1216 1196 860 84 0 0.668896 0 0 0 0 0 0 0 0 0 0 0 0 0 0 0 0 0 0 0.027027 0 0 0.108108 0.243243 0.27027 0.243243 0.0810811 0 0.027027 0 0 0 0 0 

1120 1098 818 84 0 0.728597 0 0 0 0 0 0 0 0 0 0 0 0 0 0 0 0 0 0 0 0 0.0588235 0.0294118 0.205882 0.147059 0.147059 0.235294 0.117647 0.0588235 0 0 0 0 0 

1248 1228 898 84 0 0.651466 0 0 0 0 0 0 0 0 0 0 0 0 0 0 0 0 0 0 0 0 0.0526316 0.105263 0.105263 0.210526 0.263158 0.263158 0 0 0 0 0 0 0 

1216 1196 876 84 0 0.668896 0 0 0 0 0 0 0 0 0 0 0 0 0 0 0 0 0 0 0 0 0.027027 0.108108 0.108108 0.243243 0.324324 0.135135 0.0540541 0 0 0 0 0 0 

1120 1096 808 84 0 0.729927 0 0 0 0 0 0 0 0 0 0 0 0 0 0 0 0 0 0 0 0.0294118 0.0294118 0.117647 0.147059 0.117647 0.235294 0.117647 0.176471 0.0294118 0 0 0 0 0 

1184 1158 850 84 0 0.690846 0 0 0 0 0 0 0 0 0 0 0 0 0 0 0 0 0 0 0 0 0.0555556 0.0277778 0.138889 0.277778 0.305556 0.0833333 0.111111 0 0 0 0 0 0 

1248 1225 886 84 0 0.653061 0 0 0 0 0 0 0 0 0 0 0 0 0 0 0 0 0 0.0263158 0 0 0.0789474 0.0263158 0.210526 0.210526 0.236842 0.157895 0.0263158 0.0263158 0 0 0 0 0 

1120 1098 805 84 0 0.728597 0 0 0 0 0 0 0 0 0 0 0 0 0 0 0 0 0 0 0 0 0.0588235 0.0588235 0.205882 0.176471 0.235294 0.205882 0 0.0588235 0 0 0 0 0 

1216 1196 875 84 0 0.668896 0 0 0 0 0 0 0 0 0 0 0 0 0 0 0 0 0 0 0 0 0.0540541 0.108108 0.162162 0.162162 0.27027 0.135135 0.108108 0 0 0 0 0 0 

1280 1261 907 84 0 0.634417 0 0 0 0 0 0 0 0 0 0 0 0 0 0 0 0 0 0 0 0.025641 0.0769231 0.102564 0.179487 0.25641 0.128205 0.179487 0.0512821 0 0 0 0 0 0 

1248 1227 917 84 0 0.651997 0 0 0 0 0 0 0 0 0 0 0 0 0 0 0 0 0 0 0 0 0 0.0263158 0.210526 0.210526 0.210526 0.210526 0.0789474 0.0263158 0.0263158 0 0 0 0 

1216 1196 867 84 0 0.668896 0 0 0 0 0 0 0 0 0 0 0 0 0 0 0 0 0 0 0.027027 0 0.0810811 0 0.189189 0.243243 0.324324 0.0540541 0.0810811 0 0 0 0 0 0 

1248 1225 888 84 0 0.653061 0 0 0 0 0 0 0 0 0 0 0 0 0 0 0 0 0 0 0.0526316 0 0.0526316 0.0789474 0.0789474 0.263158 0.210526 0.210526 0.0526316 0 0 0 0 0 0 

1120 1098 815 84 0 0.728597 0 0 0 0 0 0 0 0 0 0 0 0 0 0 0 0 0 0 0 0 0.0294118 0.0882353 0.147059 0.147059 0.294118 0.176471 0.0294118 0.0882353 0 0 0 0 0 

1216 1196 883 84 0 0.668896 0 0 0 0 0 0 0 0 0 0 0 0 0 0 0 0 0 0 0 0.027027 0.0810811 0.027027 0.108108 0.189189 0.243243 0.189189 0.108108 0.027027 0 0 0 0 0 

1216 1194 867 84 0 0.670017 0 0 0 0 0 0 0 0 0 0 0 0 0 0 0 0 0 0.027027 0 0.027027 0 0.135135 0.135135 0.189189 0.243243 0.135135 0.108108 0 0 0 0 0 0 

1120 1114 823 84 0 0.718133 0 0 0 0 0 0 0 0 0 0 0 0 0 0 0 0 0 0 0 0.0294118 0.0294118 0.117647 0.176471 0.0882353 0.176471 0.264706 0.117647 0 0 0 0 0 0 

1248 1227 895 84 0 0.651997 0 0 0 0 0 0 0 0 0 0 0 0 0 0 0 0 0 0 0 0 0.0526316 0.0789474 0.0789474 0.368421 0.236842 0.131579 0.0526316 0 0 0 0 0 0 

1120 1113 815 84 0 0.718778 0 0 0 0 0 0 0 0 0 0 0 0 0 0 0 0 0 0 0 0 0.0588235 0.147059 0.117647 0.205882 0.235294 0.147059 0.0588235 0.0294118 0 0 0 0 0 

1216 1196 882 84 0 0.668896 0 0 0 0 0 0 0 0 0 0 0 0 0 0 0 0 0 0 0 0.027027 0.0540541 0.027027 0.135135 0.243243 0.216216 0.189189 0.0540541 0.0540541 0 0 0 0 0 

1216 1196 867 84 0 0.668896 0 0 0 0 0 0 0 0 0 0 0 0 0 0 0 0 0 0 0 0.027027 0.027027 0.0810811 0.216216 0.216216 0.27027 0.0810811 0.0810811 0 0 0 0 0 0 

1216 1194 874 84 0 0.670017 0 0 0 0 0 0 0 0 0 0 0 0 0 0 0 0 0 0 0 0 0.0540541 0.0540541 0.243243 0.108108 0.27027 0.216216 0.0540541 0 0 0 0 0 0 

1152 1125 826 84 0 0.711111 0 0 0 0 0 0 0 0 0 0 0 0 0 0 0 0 0 0 0 0 0.0285714 0 0.228571 0.285714 0.228571 0.142857 0.0857143 0 0 0 0 0 0 

1120 1098 808 84 0 0.728597 0 0 0 0 0 0 0 0 0 0 0 0 0 0 0 0 0 0 0 0.0294118 0 0.0294118 0.147059 0.352941 0.176471 0.176471 0.0882353 0 0 0 0 0 0 

1120 1111 825 84 0 0.720072 0 0 0 0 0 0 0 0 0 0 0 0 0 0 0 0 0 0 0 0.0588235 0.0294118 0.0294118 0.0882353 0.205882 0.323529 0.117647 0.0882353 0.0588235 0 0 0 0 0 

1184 1157 848 84 0 0.691443 0 0 0 0 0 0 0 0 0 0 0 0 0 0 0 0 0 0 0 0 0.0555556 0.0555556 0.166667 0.194444 0.333333 0.111111 0.0277778 0.0555556 0 0 0 0 0 

1184 1157 852 84 0 0.691443 0 0 0 0 0 0 0 0 0 0 0 0 0 0 0 0 0 0 0 0 0.0277778 0.111111 0.0833333 0.277778 0.194444 0.194444 0.111111 0 0 0 0 0 0 

1216 1196 874 84 0 0.668896 0 0 0 0 0 0 0 0 0 0 0 0 0 0 0 0 0 0 0 0 0.027027 0.0810811 0.189189 0.216216 0.324324 0.0810811 0.0810811 0 0 0 0 0 0 

1280 1261 925 84 0 0.634417 0 0 0 0 0 0 0 0 0 0 0 0 0 0 0 0 0 0 0 0 0.025641 0.128205 0.153846 0.282051 0.153846 0.0769231 0.153846 0.025641 0 0 0 0 0 

1216 1196 883 84 0 0.668896 0 0 0 0 0 0 0 0 0 0 0 0 0 0 0 0 0 0 0 0 0.027027 0.0810811 0.135135 0.216216 0.243243 0.216216 0.0810811 0 0 0 0 0 0 

1088 1078 802 84 0 0.742115 0 0 0 0 0 0 0 0 0 0 0 0 0 0 0 0 0 0 0 0 0.030303 0.030303 0.212121 0.151515 0.242424 0.242424 0.0909091 0 0 0 0 0 0 

1248 1226 891 84 0 0.652529 0 0 0 0 0 0 0 0 0 0 0 0 0 0 0 0 0 0 0 0.0526316 0 0.0789474 0.157895 0.315789 0.210526 0.0789474 0.0789474 0.0263158 0 0 0 0 0 

1120 1096 802 84 0 0.729927 0 0 0 0 0 0 0 0 0 0 0 0 0 0 0 0 0 0 0 0 0 0.147059 0.205882 0.235294 0.147059 0.176471 0.0294118 0.0294118 0.0294118 0 0 0 0 

1216 1196 869 84 0 0.668896 0 0 0 0 0 0 0 0 0 0 0 0 0 0 0 0 0 0 0 0.027027 0.0540541 0.0810811 0.162162 0.162162 0.27027 0.243243 0 0 0 0 0 0 0 

1280 1262 903 84 0 0.633914 0 0 0 0 0 0 0 0 0 0 0 0 0 0 0 0 0 0 0.025641 0.0512821 0.0769231 0.0512821 0.102564 0.333333 0.25641 0.025641 0.0512821 0.025641 0 0 0 0 0 

1120 1102 802 84 0 0.725953 0 0 0 0 0 0 0 0 0 0 0 0 0 0 0 0 0 0 0 0 0.0882353 0.0588235 0.205882 0.205882 0.235294 0.147059 0.0294118 0 0.0294118 0 0 0 0 

1120 1114 814 84 0 0.718133 0 0 0 0 0 0 0 0 0 0 0 0 0 0 0 0 0 0 0.0294118 0 0 0.117647 0.205882 0.205882 0.235294 0.147059 0.0294118 0 0.0294118 0 0 0 0 

1216 1196 862 84 0 0.668896 0 0 0 0 0 0 0 0 0 0 0 0 0 0 0 0 0 0 0 0.027027 0.0540541 0.135135 0.189189 0.189189 0.216216 0.0810811 0.108108 0 0 0 0 0 0 

1280 1261 908 84 0 0.634417 0 0 0 0 0 0 0 0 0 0 0 0 0 0 0 0 0 0 0 0.025641 0.0769231 0.102564 0.205128 0.179487 0.230769 0.0769231 0.102564 0 0 0 0 0 0 

1216 1194 857 84 0 0.670017 0 0 0 0 0 0 0 0 0 0 0 0 0 0 0 0 0 0 0.027027 0 0.0810811 0.135135 0.216216 0.162162 0.162162 0.108108 0.0810811 0 0.027027 0 0 0 0 

1184 1156 849 84 0 0.692042 0 0 0 0 0 0 0 0 0 0 0 0 0 0 0 0 0 0.0277778 0 0.0277778 0 0.111111 0.111111 0.138889 0.194444 0.277778 0.111111 0 0 0 0 0 0 

1248 1226 905 84 0 0.652529 0 0 0 0 0 0 0 0 0 0 0 0 0 0 0 0 0 0 0 0 0.0263158 0.0789474 0.105263 0.289474 0.236842 0.131579 0.131579 0 0 0 0 0 0 

1216 1196 876 84 0 0.668896 0 0 0 0 0 0 0 0 0 0 0 0 0 0 0 0 0 0 0 0.0810811 0.027027 0.027027 0.216216 0.108108 0.216216 0.189189 0.108108 0.027027 0 0 0 0 0 

1184 1158 863 84 0 0.690846 0 0 0 0 0 0 0 0 0 0 0 0 0 0 0 0 0 0 0 0 0.0555556 0 0.138889 0.194444 0.277778 0.166667 0.166667 0 0 0 0 0 0 

1248 1224 879 84 0 0.653595 0 0 0 0 0 0 0 0 0 0 0 0 0 0 0 0 0 0 0.0263158 0 0.0789474 0 0.342105 0.157895 0.184211 0.184211 0.0263158 0 0 0 0 0 0 

1216 1196 872 84 0 0.668896 0 0 0 0 0 0 0 0 0 0 0 0 0 0 0 0 0 0 0 0 0.027027 0.162162 0.135135 0.189189 0.297297 0.135135 0 0.0540541 0 0 0 0 0 

1216 1194 871 84 0 0.670017 0 0 0 0 0 0 0 0 0 0 0 0 0 0 0 0 0 0 0 0 0 0.0810811 0.216216 0.297297 0.216216 0.162162 0 0.027027 0 0 0 0 0 

1280 1261 909 84 0 0.634417 0 0 0 0 0 0 0 0 0 0 0 0 0 0 0 0 0 0 0.025641 0.025641 0.0512821 0.128205 0.179487 0.128205 0.282051 0.0512821 0.102564 0.025641 0 0 0 0 0 

1152 1125 823 84 0 0.711111 0 0 0 0 0 0 0 0 0 0 0 0 0 0 0 0 0 0 0 0 0.0285714 0.0857143 0.285714 0.171429 0.114286 0.2 0.0571429 0.0571429 0 0 0 0 0 

1280 1261 935 84 0 0.634417 0 0 0 0 0 0 0 0 0 0 0 0 0 0 0 0 0 0 0 0 0.0512821 0.0769231 0.153846 0.153846 0.153846 0.333333 0.0512821 0 0.025641 0 0 0 0 

1120 1099 802 82 0 0.727934 0 0 0 0 0 0 0 0 0 0 0 0 0 0 0 0 0 0 0.0294118 0 0.117647 0 0.147059 0.323529 0.0588235 0.205882 0.0588235 0.0294118 0.0294118 0 0 0 0 

1216 1196 871 84 0 0.668896 0 0 0 0 0 0 0 0 0 0 0 0 0 0 0 0 0 0 0 0.027027 0.108108 0.0810811 0.135135 0.135135 0.27027 0.0540541 0.189189 0 0 0 0 0 0 

1216 1194 871 84 0 0.670017 0 0 0 0 0 0 0 0 0 0 0 0 0 0 0 0 0 0 0 0 0.0540541 0.0540541 0.189189 0.216216 0.324324 0.0810811 0.0810811 0 0 0 0 0 0 

1184 1157 846 84 0 0.691443 0 0 0 0 0 0 0 0 0 0 0 0 0 0 0 0 0 0 0 0 0 0.138889 0.222222 0.194444 0.194444 0.111111 0.111111 0.0277778 0 0 0 0 0 

1184 1157 841 84 0 0.691443 0 0 0 0 0 0 0 0 0 0 0 0 0 0 0 0 0 0 0 0.0277778 0.0277778 0.0833333 0.111111 0.333333 0.166667 0.222222 0.0277778 0 0 0 0 0 0 

1280 1261 901 84 0 0.634417 0 0 0 0 0 0 0 0 0 0 0 0 0 0 0 0 0 0 0 0.025641 0.025641 0.153846 0.230769 0.230769 0.205128 0.102564 0.025641 0 0 0 0 0 0 

1120 1104 802 80 0 0.724638 0 0 0 0 0 0 0 0 0 0 0 0 0 0 0 0 0 0 0 0.0294118 0.0882353 0.0882353 0.176471 0.205882 0.0882353 0.205882 0.117647 0 0 0 0 0 0 

1248 1227 896 84 0 0.651997 0 0 0 0 0 0 0 0 0 0 0 0 0 0 0 0 0 0 0 0 0.0263158 0.0789474 0.0789474 0.421053 0.236842 0.131579 0 0.0263158 0 0 0 0 0 

1248 1227 894 84 0 0.651997 0 0 0 0 0 0 0 0 0 0 0 0 0 0 0 0 0 0 0 0 0 0.184211 0.184211 0.184211 0.263158 0.0789474 0.0526316 0.0526316 0 0 0 0 0 

1280 1261 911 84 0 0.634417 0 0 0 0 0 0 0 0 0 0 0 0 0 0 0 0 0 0 0 0 0.102564 0.128205 0.128205 0.179487 0.282051 0.128205 0.025641 0.025641 0 0 0 0 0 

1120 1113 819 84 0 0.718778 0 0 0 0 0 0 0 0 0 0 0 0 0 0 0 0 0 0 0 0.0294118 0.0588235 0.0294118 0.205882 0.176471 0.294118 0.0588235 0.0882353 0.0588235 0 0 0 0 0 

1248 1227 875 84 0 0.651997 0 0 0 0 0 0 0 0 0 0 0 0 0 0 0 0 0 0 0 0.0263158 0.0526316 0.105263 0.210526 0.289474 0.210526 0.105263 0 0 0 0 0 0 0 

1280 1261 911 84 0 0.634417 0 0 0 0 0 0 0 0 0 0 0 0 0 0 0 0 0 0 0.025641 0 0.025641 0.0512821 0.307692 0.230769 0.179487 0.0769231 0.102564 0 0 0 0 0 0 

1280 1261 916 84 0 0.634417 0 0 0 0 0 0 0 0 0 0 0 0 0 0 0 0 0 0 0 0 0 0.102564 0.205128 0.307692 0.230769 0.128205 0.025641 0 0 0 0 0 0 

1280 1262 900 84 0 0.633914 0 0 0 0 0 0 0 0 0 0 0 0 0 0 0 0 0 0 0.0512821 0 0.0512821 0.0512821 0.230769 0.282051 0.230769 0.0769231 0.025641 0 0 0 0 0 0 

1120 1098 809 84 0 0.728597 0 0 0 0 0 0 0 0 0 0 0 0 0 0 0 0 0 0 0 0.0294118 0.0294118 0.0588235 0.117647 0.264706 0.235294 0.117647 0.117647 0.0294118 0 0 0 0 0 

1280 1261 909 84 0 0.634417 0 0 0 0 0 0 0 0 0 0 0 0 0 0 0 0 0 0.025641 0 0.025641 0.0769231 0.0512821 0.153846 0.25641 0.153846 0.205128 0.0512821 0 0 0 0 0 0 

1248 1225 900 84 0 0.653061 0 0 0 0 0 0 0 0 0 0 0 0 0 0 0 0 0 0 0 0 0.0526316 0.131579 0.157895 0.157895 0.236842 0.105263 0.0789474 0.0526316 0.0263158 0 0 0 0 

1280 1261 908 84 0 0.634417 0 0 0 0 0 0 0 0 0 0 0 0 0 0 0 0 0 0 0 0.025641 0 0.0512821 0.307692 0.333333 0.153846 0.0769231 0.0512821 0 0 0 0 0 0 

1216 1194 864 84 0 0.670017 0 0 0 0 0 0 0 0 0 0 0 0 0 0 0 0 0 0 0 0 0.027027 0.0810811 0.216216 0.351351 0.108108 0.216216 0 0 0 0 0 0 0 

1216 1194 872 84 0 0.670017 0 0 0 0 0 0 0 0 0 0 0 0 0 0 0 0 0 0 0 0.027027 0.0540541 0.0540541 0.0810811 0.351351 0.216216 0.108108 0.108108 0 0 0 0 0 0 

1088 1083 800 80 0 0.738689 0 0 0 0 0 0 0 0 0 0 0 0 0 0 0 0 0 0 0 0 0.0909091 0.0606061 0.151515 0.181818 0.212121 0.151515 0.121212 0 0.030303 0 0 0 0 

1216 1194 868 84 0 0.670017 0 0 0 0 0 0 0 0 0 0 0 0 0 0 0 0 0 0 0 0.027027 0.0810811 0.027027 0.135135 0.297297 0.189189 0.189189 0.0540541 0 0 0 0 0 0 

1120 1092 802 81 0 0.732601 0 0 0 0 0 0 0 0 0 0 0 0 0 0 0 0 0 0.0294118 0 0.0294118 0.0294118 0.0294118 0.264706 0.0882353 0.0882353 0.264706 0.147059 0.0294118 0 0 0 0 0 

1216 1196 875 84 0 0.668896 0 0 0 0 0 0 0 0 0 0 0 0 0 0 0 0 0 0 0 0 0.027027 0.0810811 0.135135 0.216216 0.432432 0.0540541 0.0540541 0 0 0 0 0 0 

1216 1194 870 84 0 0.670017 0 0 0 0 0 0 0 0 0 0 0 0 0 0 0 0 0 0 0 0.027027 0 0.135135 0.0810811 0.378378 0.135135 0.162162 0.0810811 0 0 0 0 0 0 

1280 1259 902 84 0 0.635425 0 0 0 0 0 0 0 0 0 0 0 0 0 0 0 0 0 0 0 0.0769231 0.025641 0.153846 0.0769231 0.230769 0.25641 0.179487 0 0 0 0 0 0 0 

1280 1262 912 84 0 0.633914 0 0 0 0 0 0 0 0 0 0 0 0 0 0 0 0 0 0 0 0 0.0769231 0.128205 0.0769231 0.282051 0.307692 0.102564 0.025641 0 0 0 0 0 0 

1280 1261 922 84 0 0.634417 0 0 0 0 0 0 0 0 0 0 0 0 0 0 0 0 0 0 0 0 0.025641 0.102564 0.179487 0.230769 0.25641 0.102564 0.102564 0 0 0 0 0 0 

1216 1194 864 84 0 0.670017 0 0 0 0 0 0 0 0 0 0 0 0 0 0 0 0 0 0 0 0 0.027027 0.108108 0.243243 0.351351 0.0810811 0.0810811 0.0540541 0.0540541 0 0 0 0 0 

1216 1194 866 84 0 0.670017 0 0 0 0 0 0 0 0 0 0 0 0 0 0 0 0 0 0 0 0 0.0810811 0.162162 0.162162 0.0810811 0.27027 0.162162 0.0540541 0.027027 0 0 0 0 0 

1184 1156 847 84 0 0.692042 0 0 0 0 0 0 0 0 0 0 0 0 0 0 0 0 0 0 0 0 0 0.0277778 0.277778 0.25 0.194444 0.194444 0.0555556 0 0 0 0 0 0 

1088 1074 802 83 0 0.744879 0 0 0 0 0 0 0 0 0 0 0 0 0 0 0 0 0 0 0 0.030303 0.0606061 0 0.121212 0.0909091 0.333333 0.242424 0.121212 0 0 0 0 0 0 

1216 1194 885 84 0 0.670017 0 0 0 0 0 0 0 0 0 0 0 0 0 0 0 0 0 0 0 0 0 0.108108 0.135135 0.297297 0.135135 0.108108 0.216216 0 0 0 0 0 0 

1280 1261 910 84 0 0.634417 0 0 0 0 0 0 0 0 0 0 0 0 0 0 0 0 0 0 0 0.025641 0.0512821 0.102564 0.205128 0.205128 0.230769 0.128205 0.025641 0.025641 0 0 0 0 0 

1248 1225 881 84 0 0.653061 0 0 0 0 0 0 0 0 0 0 0 0 0 0 0 0 0 0 0 0.0263158 0 0.157895 0.184211 0.263158 0.210526 0.131579 0.0263158 0 0 0 0 0 0 

1216 1196 875 84 0 0.668896 0 0 0 0 0 0 0 0 0 0 0 0 0 0 0 0 0 0 0.027027 0 0.0540541 0.0540541 0.189189 0.216216 0.135135 0.243243 0.027027 0.0540541 0 0 0 0 0 

1280 1261 925 84 0 0.634417 0 0 0 0 0 0 0 0 0 0 0 0 0 0 0 0 0 0 0 0 0.025641 0.128205 0.153846 0.205128 0.25641 0.102564 0.102564 0.025641 0 0 0 0 0 

