608 588 434 53 0 0.544218 0 0 0 0 0 0 0 0 0 0 0 0 0 0 0 0 0 0 0 0.0555556 0.0555556 0 0.0555556 0.222222 0.444444 0.111111 0 0.0555556 0 0 0 0 0 

672 649 467 53 0 0.493066 0 0 0 0 0 0 0 0 0 0 0 0 0 0 0 0 0.05 0 0 0.05 0 0.1 0.15 0.25 0.1 0.2 0.1 0 0 0 0 0 0 

704 681 484 53 0 0.469897 0 0 0 0 0 0 0 0 0 0 0 0 0 0 0 0 0 0 0.047619 0.047619 0.047619 0.190476 0.047619 0.190476 0.285714 0.0952381 0.047619 0 0 0 0 0 0 

544 523 385 53 0 0.611855 0 0 0 0 0 0 0 0 0 0 0 0 0 0 0 0 0 0 0 0 0.0625 0.0625 0.1875 0.25 0.125 0.1875 0.125 0 0 0 0 0 0 

544 536 395 53 0 0.597015 0 0 0 0 0 0 0 0 0 0 0 0 0 0 0 0 0 0 0 0 0 0.125 0.25 0.25 0.125 0.1875 0.0625 0 0 0 0 0 0 

608 597 432 53 0 0.536013 0 0 0 0 0 0 0 0 0 0 0 0 0 0 0 0 0 0 0 0 0.0555556 0.166667 0.166667 0.222222 0.333333 0 0.0555556 0 0 0 0 0 0 

544 538 397 53 0 0.594796 0 0 0 0 0 0 0 0 0 0 0 0 0 0 0 0 0 0 0.0625 0 0.0625 0.0625 0.0625 0.1875 0.3125 0.1875 0.0625 0 0 0 0 0 0 

544 523 395 53 0 0.611855 0 0 0 0 0 0 0 0 0 0 0 0 0 0 0 0 0 0 0 0 0 0.0625 0 0.3125 0.3125 0.125 0.1875 0 0 0 0 0 0 

544 523 387 53 0 0.611855 0 0 0 0 0 0 0 0 0 0 0 0 0 0 0 0 0 0 0 0 0 0.125 0.0625 0.25 0.3125 0.25 0 0 0 0 0 0 0 

544 527 385 53 0 0.607211 0 0 0 0 0 0 0 0 0 0 0 0 0 0 0 0 0 0 0 0 0.0625 0.0625 0.1875 0.375 0.0625 0.1875 0.0625 0 0 0 0 0 0 

608 589 426 53 0 0.543294 0 0 0 0 0 0 0 0 0 0 0 0 0 0 0 0 0 0 0 0.0555556 0.111111 0.0555556 0.0555556 0.333333 0.111111 0.277778 0 0 0 0 0 0 0 

448 441 337 53 0 0.725624 0 0 0 0 0 0 0 0 0 0 0 0 0 0 0 0 0 0 0 0 0.0769231 0 0 0.230769 0.307692 0.230769 0.153846 0 0 0 0 0 0 

544 533 390 53 0 0.600375 0 0 0 0 0 0 0 0 0 0 0 0 0 0 0 0 0 0 0 0 0 0.125 0.125 0.5 0.125 0.0625 0.0625 0 0 0 0 0 0 

544 524 389 53 0 0.610687 0 0 0 0 0 0 0 0 0 0 0 0 0 0 0 0 0 0 0 0 0.0625 0 0.0625 0.3125 0.3125 0.25 0 0 0 0 0 0 0 

544 536 393 53 0 0.597015 0 0 0 0 0 0 0 0 0 0 0 0 0 0 0 0 0 0 0 0 0 0.125 0.25 0.3125 0.125 0.125 0.0625 0 0 0 0 0 0 

544 523 388 53 0 0.611855 0 0 0 0 0 0 0 0 0 0 0 0 0 0 0 0 0 0 0 0 0 0.125 0.0625 0.25 0.4375 0 0.0625 0.0625 0 0 0 0 0 

544 524 384 53 0 0.610687 0 0 0 0 0 0 0 0 0 0 0 0 0 0 0 0 0 0 0 0 0 0.0625 0.125 0.5 0.125 0.1875 0 0 0 0 0 0 0 

544 524 389 53 0 0.610687 0 0 0 0 0 0 0 0 0 0 0 0 0 0 0 0 0 0 0.0625 0 0 0.0625 0.0625 0.25 0.1875 0.25 0.125 0 0 0 0 0 0 

544 523 384 53 0 0.611855 0 0 0 0 0 0 0 0 0 0 0 0 0 0 0 0 0 0 0 0 0 0.125 0.1875 0.25 0.25 0.0625 0.125 0 0 0 0 0 0 

608 598 433 53 0 0.535117 0 0 0 0 0 0 0 0 0 0 0 0 0 0 0 0 0 0 0 0 0.111111 0.111111 0.166667 0.166667 0.333333 0.111111 0 0 0 0 0 0 0 

544 524 382 53 0 0.610687 0 0 0 0 0 0 0 0 0 0 0 0 0 0 0 0 0 0 0 0 0.0625 0.125 0.0625 0.3125 0.25 0.1875 0 0 0 0 0 0 0 

608 589 432 53 0 0.543294 0 0 0 0 0 0 0 0 0 0 0 0 0 0 0 0 0 0 0 0 0.0555556 0.0555556 0.111111 0.388889 0.222222 0.0555556 0.111111 0 0 0 0 0 0 

544 533 385 53 0 0.600375 0 0 0 0 0 0 0 0 0 0 0 0 0 0 0 0 0 0 0 0.0625 0 0.0625 0.25 0.3125 0.25 0.0625 0 0 0 0 0 0 0 

544 524 390 53 0 0.610687 0 0 0 0 0 0 0 0 0 0 0 0 0 0 0 0 0 0 0 0 0 0.0625 0.0625 0.375 0.25 0.1875 0.0625 0 0 0 0 0 0 

544 533 385 53 0 0.600375 0 0 0 0 0 0 0 0 0 0 0 0 0 0 0 0 0 0 0 0 0.0625 0.125 0.375 0.0625 0.1875 0.1875 0 0 0 0 0 0 0 

544 523 394 53 0 0.611855 0 0 0 0 0 0 0 0 0 0 0 0 0 0 0 0 0 0 0 0 0 0 0.125 0.3125 0.25 0.1875 0.0625 0.0625 0 0 0 0 0 

544 523 388 53 0 0.611855 0 0 0 0 0 0 0 0 0 0 0 0 0 0 0 0 0 0 0 0 0.0625 0.0625 0.1875 0.1875 0.1875 0.0625 0.25 0 0 0 0 0 0 

544 533 389 53 0 0.600375 0 0 0 0 0 0 0 0 0 0 0 0 0 0 0 0 0 0 0.0625 0.0625 0 0 0.1875 0.25 0.125 0.3125 0 0 0 0 0 0 0 

544 533 388 53 0 0.600375 0 0 0 0 0 0 0 0 0 0 0 0 0 0 0 0 0 0 0 0.0625 0 0.0625 0.3125 0.1875 0.125 0.25 0 0 0 0 0 0 0 

576 562 411 53 0 0.569395 0 0 0 0 0 0 0 0 0 0 0 0 0 0 0 0 0 0 0 0 0 0.0588235 0.294118 0.235294 0.294118 0.117647 0 0 0 0 0 0 0 

544 524 383 53 0 0.610687 0 0 0 0 0 0 0 0 0 0 0 0 0 0 0 0 0 0 0 0 0.0625 0.0625 0.1875 0.1875 0.375 0.0625 0.0625 0 0 0 0 0 0 

608 598 434 53 0 0.535117 0 0 0 0 0 0 0 0 0 0 0 0 0 0 0 0 0 0 0 0.0555556 0.0555556 0.166667 0.166667 0.0555556 0.277778 0.166667 0.0555556 0 0 0 0 0 0 

544 533 379 53 0 0.600375 0 0 0 0 0 0 0 0 0 0 0 0 0 0 0 0 0 0 0 0.0625 0 0.25 0.1875 0.25 0.1875 0.0625 0 0 0 0 0 0 0 

544 523 387 53 0 0.611855 0 0 0 0 0 0 0 0 0 0 0 0 0 0 0 0 0 0 0 0 0.0625 0.0625 0.125 0.3125 0.1875 0.0625 0.125 0.0625 0 0 0 0 0 

544 523 395 53 0 0.611855 0 0 0 0 0 0 0 0 0 0 0 0 0 0 0 0 0 0 0 0 0 0.0625 0.125 0.125 0.3125 0.1875 0.1875 0 0 0 0 0 0 

544 523 386 53 0 0.611855 0 0 0 0 0 0 0 0 0 0 0 0 0 0 0 0 0 0 0 0 0.0625 0 0.25 0.125 0.3125 0.1875 0.0625 0 0 0 0 0 0 

576 561 406 53 0 0.57041 0 0 0 0 0 0 0 0 0 0 0 0 0 0 0 0 0 0 0 0.0588235 0 0.117647 0.176471 0.235294 0.352941 0 0.0588235 0 0 0 0 0 0 

544 523 389 53 0 0.611855 0 0 0 0 0 0 0 0 0 0 0 0 0 0 0 0 0 0 0 0 0 0.0625 0.1875 0.25 0.1875 0.25 0 0.0625 0 0 0 0 0 

608 597 434 53 0 0.536013 0 0 0 0 0 0 0 0 0 0 0 0 0 0 0 0 0 0 0 0 0.111111 0.111111 0.0555556 0.333333 0.333333 0 0 0.0555556 0 0 0 0 0 

544 523 388 53 0 0.611855 0 0 0 0 0 0 0 0 0 0 0 0 0 0 0 0 0 0 0 0 0 0 0.25 0.25 0.3125 0.0625 0.125 0 0 0 0 0 0 

608 598 436 53 0 0.535117 0 0 0 0 0 0 0 0 0 0 0 0 0 0 0 0 0 0 0 0.0555556 0 0.0555556 0.222222 0.277778 0.222222 0.166667 0 0 0 0 0 0 0 

544 533 384 53 0 0.600375 0 0 0 0 0 0 0 0 0 0 0 0 0 0 0 0 0 0 0 0.0625 0.0625 0.0625 0.1875 0.3125 0.1875 0.125 0 0 0 0 0 0 0 

576 562 413 53 0 0.569395 0 0 0 0 0 0 0 0 0 0 0 0 0 0 0 0 0 0 0 0 0.0588235 0.0588235 0.176471 0.294118 0.117647 0.294118 0 0 0 0 0 0 0 

544 523 377 53 0 0.611855 0 0 0 0 0 0 0 0 0 0 0 0 0 0 0 0 0 0 0.0625 0 0.0625 0 0.25 0.1875 0.25 0.1875 0 0 0 0 0 0 0 

544 524 393 53 0 0.610687 0 0 0 0 0 0 0 0 0 0 0 0 0 0 0 0 0 0 0 0 0 0 0.1875 0.125 0.5 0.0625 0.125 0 0 0 0 0 0 

544 523 396 53 0 0.611855 0 0 0 0 0 0 0 0 0 0 0 0 0 0 0 0 0 0 0 0 0 0 0.125 0.125 0.375 0.3125 0.0625 0 0 0 0 0 0 

544 528 385 53 0 0.606061 0 0 0 0 0 0 0 0 0 0 0 0 0 0 0 0 0 0 0 0.0625 0 0 0.3125 0.25 0.1875 0.125 0.0625 0 0 0 0 0 0 

608 598 435 53 0 0.535117 0 0 0 0 0 0 0 0 0 0 0 0 0 0 0 0 0 0 0 0.0555556 0.111111 0.0555556 0.222222 0.0555556 0.333333 0.0555556 0.0555556 0.0555556 0 0 0 0 0 

544 533 397 53 0 0.600375 0 0 0 0 0 0 0 0 0 0 0 0 0 0 0 0 0 0 0 0 0 0.1875 0.125 0.125 0.25 0.1875 0.125 0 0 0 0 0 0 

544 523 382 53 0 0.611855 0 0 0 0 0 0 0 0 0 0 0 0 0 0 0 0 0 0 0 0 0.0625 0.125 0.125 0.25 0.1875 0.1875 0.0625 0 0 0 0 0 0 

544 533 381 53 0 0.600375 0 0 0 0 0 0 0 0 0 0 0 0 0 0 0 0 0 0 0 0 0.0625 0.25 0.25 0.1875 0.0625 0.1875 0 0 0 0 0 0 0 

544 524 383 53 0 0.610687 0 0 0 0 0 0 0 0 0 0 0 0 0 0 0 0 0 0 0 0 0 0 0.375 0.25 0.25 0.0625 0.0625 0 0 0 0 0 0 

608 596 423 53 0 0.536913 0 0 0 0 0 0 0 0 0 0 0 0 0 0 0 0 0 0 0.0555556 0 0.111111 0.0555556 0.277778 0.277778 0.111111 0.0555556 0.0555556 0 0 0 0 0 0 

576 562 408 53 0 0.569395 0 0 0 0 0 0 0 0 0 0 0 0 0 0 0 0 0 0 0 0 0.0588235 0.0588235 0.294118 0.294118 0.117647 0.117647 0.0588235 0 0 0 0 0 0 

544 523 399 53 0 0.611855 0 0 0 0 0 0 0 0 0 0 0 0 0 0 0 0 0 0 0 0 0 0.0625 0.1875 0.0625 0.1875 0.1875 0.25 0.0625 0 0 0 0 0 

544 537 400 53 0 0.595903 0 0 0 0 0 0 0 0 0 0 0 0 0 0 0 0 0 0 0 0 0 0.0625 0.0625 0.25 0.625 0 0 0 0 0 0 0 0 

608 597 434 53 0 0.536013 0 0 0 0 0 0 0 0 0 0 0 0 0 0 0 0 0 0 0 0 0.0555556 0.0555556 0.333333 0.277778 0.166667 0 0.0555556 0.0555556 0 0 0 0 0 

544 523 388 53 0 0.611855 0 0 0 0 0 0 0 0 0 0 0 0 0 0 0 0 0 0 0 0 0 0.125 0.125 0.1875 0.1875 0.375 0 0 0 0 0 0 0 

576 562 403 53 0 0.569395 0 0 0 0 0 0 0 0 0 0 0 0 0 0 0 0 0 0 0 0.0588235 0.117647 0.0588235 0.235294 0.235294 0.117647 0.0588235 0.117647 0 0 0 0 0 0 

544 525 393 53 0 0.609524 0 0 0 0 0 0 0 0 0 0 0 0 0 0 0 0 0 0.0625 0 0 0 0.0625 0.125 0.125 0.1875 0.25 0.125 0 0.0625 0 0 0 0 

544 524 378 53 0 0.610687 0 0 0 0 0 0 0 0 0 0 0 0 0 0 0 0 0 0.0625 0 0 0 0.25 0.0625 0.125 0.3125 0.0625 0.125 0 0 0 0 0 0 

544 533 395 53 0 0.600375 0 0 0 0 0 0 0 0 0 0 0 0 0 0 0 0 0 0 0 0 0 0.1875 0.125 0.25 0.125 0.1875 0.125 0 0 0 0 0 0 

576 562 403 53 0 0.569395 0 0 0 0 0 0 0 0 0 0 0 0 0 0 0 0 0 0 0 0 0.176471 0 0.235294 0.352941 0.117647 0.0588235 0.0588235 0 0 0 0 0 0 

608 594 434 53 0 0.538721 0 0 0 0 0 0 0 0 0 0 0 0 0 0 0 0 0 0 0 0 0.0555556 0.166667 0.166667 0.222222 0.166667 0.0555556 0.166667 0 0 0 0 0 0 

608 595 433 53 0 0.537815 0 0 0 0 0 0 0 0 0 0 0 0 0 0 0 0 0 0.0555556 0 0 0.111111 0.0555556 0.0555556 0.222222 0.277778 0.111111 0.111111 0 0 0 0 0 0 

608 598 435 53 0 0.535117 0 0 0 0 0 0 0 0 0 0 0 0 0 0 0 0 0 0 0 0 0 0.277778 0.111111 0.111111 0.388889 0.111111 0 0 0 0 0 0 0 

544 533 390 53 0 0.600375 0 0 0 0 0 0 0 0 0 0 0 0 0 0 0 0 0 0 0 0 0.0625 0 0.25 0.3125 0.3125 0 0.0625 0 0 0 0 0 0 

608 598 433 53 0 0.535117 0 0 0 0 0 0 0 0 0 0 0 0 0 0 0 0 0 0 0 0 0.0555556 0.166667 0.0555556 0.444444 0.166667 0.111111 0 0 0 0 0 0 0 

544 523 395 53 0 0.611855 0 0 0 0 0 0 0 0 0 0 0 0 0 0 0 0 0 0 0 0 0 0 0.125 0.25 0.25 0.25 0.125 0 0 0 0 0 0 

608 589 417 53 0 0.543294 0 0 0 0 0 0 0 0 0 0 0 0 0 0 0 0 0 0 0.0555556 0 0.111111 0.0555556 0.222222 0.166667 0.388889 0 0 0 0 0 0 0 0 

544 524 392 53 0 0.610687 0 0 0 0 0 0 0 0 0 0 0 0 0 0 0 0 0 0 0 0 0 0 0.1875 0.3125 0.125 0.3125 0.0625 0 0 0 0 0 0 

544 532 401 53 0 0.601504 0 0 0 0 0 0 0 0 0 0 0 0 0 0 0 0 0 0 0 0 0 0.125 0.125 0.0625 0.375 0.1875 0.0625 0.0625 0 0 0 0 0 

576 561 420 53 0 0.57041 0 0 0 0 0 0 0 0 0 0 0 0 0 0 0 0 0 0 0 0.0588235 0 0.0588235 0.117647 0.117647 0.294118 0.176471 0.176471 0 0 0 0 0 0 

576 561 410 53 0 0.57041 0 0 0 0 0 0 0 0 0 0 0 0 0 0 0 0 0 0 0 0.0588235 0.0588235 0.0588235 0.176471 0.235294 0.117647 0.176471 0.117647 0 0 0 0 0 0 

608 594 424 53 0 0.538721 0 0 0 0 0 0 0 0 0 0 0 0 0 0 0 0 0 0 0 0.111111 0.111111 0.111111 0 0.222222 0.333333 0.111111 0 0 0 0 0 0 0 

544 523 385 53 0 0.611855 0 0 0 0 0 0 0 0 0 0 0 0 0 0 0 0 0 0 0 0 0.0625 0 0.125 0.375 0.25 0.125 0.0625 0 0 0 0 0 0 

544 524 391 53 0 0.610687 0 0 0 0 0 0 0 0 0 0 0 0 0 0 0 0 0 0 0 0 0 0.0625 0.125 0.3125 0.1875 0.1875 0.125 0 0 0 0 0 0 

544 523 388 53 0 0.611855 0 0 0 0 0 0 0 0 0 0 0 0 0 0 0 0 0 0 0 0 0 0 0.1875 0.3125 0.3125 0.125 0.0625 0 0 0 0 0 0 

544 524 385 53 0 0.610687 0 0 0 0 0 0 0 0 0 0 0 0 0 0 0 0 0 0 0 0.0625 0 0 0.25 0.25 0.1875 0.125 0.125 0 0 0 0 0 0 

544 524 390 53 0 0.610687 0 0 0 0 0 0 0 0 0 0 0 0 0 0 0 0 0 0 0 0 0 0 0.1875 0.25 0.375 0.125 0.0625 0 0 0 0 0 0 

576 562 408 53 0 0.569395 0 0 0 0 0 0 0 0 0 0 0 0 0 0 0 0 0 0 0 0 0.117647 0.117647 0.176471 0.235294 0.117647 0.117647 0.117647 0 0 0 0 0 0 

544 533 394 53 0 0.600375 0 0 0 0 0 0 0 0 0 0 0 0 0 0 0 0 0 0 0.0625 0 0 0 0.125 0.4375 0.125 0.125 0.125 0 0 0 0 0 0 

608 595 440 53 0 0.537815 0 0 0 0 0 0 0 0 0 0 0 0 0 0 0 0 0 0 0 0 0.111111 0 0 0.5 0.166667 0.166667 0 0.0555556 0 0 0 0 0 

544 523 388 53 0 0.611855 0 0 0 0 0 0 0 0 0 0 0 0 0 0 0 0 0 0 0 0.0625 0 0.0625 0.125 0.1875 0.3125 0.0625 0.125 0.0625 0 0 0 0 0 

608 594 437 53 0 0.538721 0 0 0 0 0 0 0 0 0 0 0 0 0 0 0 0 0 0 0.0555556 0 0.0555556 0.0555556 0.111111 0.166667 0.333333 0.0555556 0.166667 0 0 0 0 0 0 

544 524 383 53 0 0.610687 0 0 0 0 0 0 0 0 0 0 0 0 0 0 0 0 0 0 0 0 0.0625 0.25 0.0625 0.125 0.125 0.3125 0.0625 0 0 0 0 0 0 

608 594 429 53 0 0.538721 0 0 0 0 0 0 0 0 0 0 0 0 0 0 0 0 0 0.0555556 0 0 0.166667 0.0555556 0.0555556 0.222222 0.222222 0.166667 0 0 0.0555556 0 0 0 0 

672 650 469 53 0 0.492308 0 0 0 0 0 0 0 0 0 0 0 0 0 0 0 0 0 0 0 0 0.05 0.15 0.15 0.35 0.15 0.1 0 0.05 0 0 0 0 0 

544 524 388 53 0 0.610687 0 0 0 0 0 0 0 0 0 0 0 0 0 0 0 0 0 0 0 0 0 0.125 0.1875 0.0625 0.375 0.1875 0.0625 0 0 0 0 0 0 

544 523 381 53 0 0.611855 0 0 0 0 0 0 0 0 0 0 0 0 0 0 0 0 0 0 0 0 0 0.1875 0.1875 0.1875 0.25 0.125 0.0625 0 0 0 0 0 0 

544 523 387 53 0 0.611855 0 0 0 0 0 0 0 0 0 0 0 0 0 0 0 0 0 0 0 0 0 0.125 0.0625 0.3125 0.3125 0.0625 0.125 0 0 0 0 0 0 

608 589 428 53 0 0.543294 0 0 0 0 0 0 0 0 0 0 0 0 0 0 0 0 0 0 0 0 0.0555556 0.0555556 0.277778 0.222222 0.222222 0.111111 0.0555556 0 0 0 0 0 0 

608 596 428 53 0 0.536913 0 0 0 0 0 0 0 0 0 0 0 0 0 0 0 0 0 0 0 0.0555556 0 0.0555556 0.388889 0.166667 0.277778 0.0555556 0 0 0 0 0 0 0 

544 533 397 53 0 0.600375 0 0 0 0 0 0 0 0 0 0 0 0 0 0 0 0 0 0 0 0 0.0625 0.0625 0.125 0.25 0.25 0.0625 0.1875 0 0 0 0 0 0 

544 523 381 53 0 0.611855 0 0 0 0 0 0 0 0 0 0 0 0 0 0 0 0 0 0 0.0625 0.0625 0 0.125 0.0625 0.125 0.25 0.1875 0.125 0 0 0 0 0 0 

544 524 383 53 0 0.610687 0 0 0 0 0 0 0 0 0 0 0 0 0 0 0 0 0 0 0 0.0625 0.125 0.0625 0.0625 0.1875 0.0625 0.375 0.0625 0 0 0 0 0 0 

544 533 386 53 0 0.600375 0 0 0 0 0 0 0 0 0 0 0 0 0 0 0 0 0 0 0.0625 0.0625 0.0625 0 0.25 0.125 0.25 0.0625 0.0625 0.0625 0 0 0 0 0 

608 595 437 53 0 0.537815 0 0 0 0 0 0 0 0 0 0 0 0 0 0 0 0 0 0 0 0.0555556 0 0.0555556 0.166667 0.277778 0.222222 0.166667 0.0555556 0 0 0 0 0 0 

608 598 442 53 0 0.535117 0 0 0 0 0 0 0 0 0 0 0 0 0 0 0 0 0 0 0 0 0.0555556 0.111111 0.277778 0.0555556 0.222222 0.166667 0 0.111111 0 0 0 0 0 

544 537 386 53 0 0.595903 0 0 0 0 0 0 0 0 0 0 0 0 0 0 0 0 0 0 0 0 0.125 0.125 0.1875 0.375 0.0625 0.0625 0.0625 0 0 0 0 0 0 

