736 716 525 53 0 0.446927 0 0 0 0 0 0 0 0 0 0 0 0 0 0 0 0 0 0 0 0 0 0.227273 0.136364 0.136364 0.181818 0.227273 0.0909091 0 0 0 0 0 0 

608 592 435 53 0 0.540541 0 0 0 0 0 0 0 0 0 0 0 0 0 0 0 0 0 0 0 0 0.111111 0.0555556 0.111111 0.166667 0.277778 0.277778 0 0 0 0 0 0 0 

736 720 502 53 0 0.444444 0 0 0 0 0 0 0 0 0 0 0 0 0 0 0 0 0 0.0454545 0.0454545 0.0454545 0 0.136364 0.227273 0.272727 0.181818 0.0454545 0 0 0 0 0 0 0 

608 589 434 53 0 0.543294 0 0 0 0 0 0 0 0 0 0 0 0 0 0 0 0 0.0555556 0 0 0.0555556 0.0555556 0 0.0555556 0.166667 0.222222 0.222222 0.111111 0.0555556 0 0 0 0 0 

544 527 395 53 0 0.607211 0 0 0 0 0 0 0 0 0 0 0 0 0 0 0 0 0 0 0 0 0 0 0 0.4375 0.4375 0.0625 0.0625 0 0 0 0 0 0 

576 550 396 53 0 0.581818 0 0 0 0 0 0 0 0 0 0 0 0 0 0 0 0 0 0.0588235 0 0 0.0588235 0 0.235294 0.235294 0.176471 0.176471 0.0588235 0 0 0 0 0 0 

576 550 402 53 0 0.581818 0 0 0 0 0 0 0 0 0 0 0 0 0 0 0 0 0 0 0 0 0 0.117647 0.176471 0.176471 0.411765 0.0588235 0.0588235 0 0 0 0 0 0 

736 717 512 53 0 0.446304 0 0 0 0 0 0 0 0 0 0 0 0 0 0 0 0 0 0 0 0.0454545 0.0909091 0.0454545 0.227273 0.318182 0.136364 0.0909091 0.0454545 0 0 0 0 0 0 

544 525 389 53 0 0.609524 0 0 0 0 0 0 0 0 0 0 0 0 0 0 0 0 0 0 0 0 0 0.0625 0.125 0.3125 0.3125 0.125 0.0625 0 0 0 0 0 0 

608 592 412 53 0 0.540541 0 0 0 0 0 0 0 0 0 0 0 0 0 0 0 0 0 0 0.0555556 0.0555556 0.166667 0.111111 0.222222 0.111111 0.111111 0.166667 0 0 0 0 0 0 0 

576 550 403 53 0 0.581818 0 0 0 0 0 0 0 0 0 0 0 0 0 0 0 0 0 0 0 0 0.0588235 0.117647 0.176471 0.235294 0.0588235 0.235294 0.0588235 0.0588235 0 0 0 0 0 

544 524 394 53 0 0.610687 0 0 0 0 0 0 0 0 0 0 0 0 0 0 0 0 0 0.0625 0 0 0 0 0.0625 0.25 0.1875 0.1875 0.25 0 0 0 0 0 0 

608 592 426 53 0 0.540541 0 0 0 0 0 0 0 0 0 0 0 0 0 0 0 0 0 0 0 0 0.166667 0.0555556 0.166667 0.222222 0.277778 0.0555556 0.0555556 0 0 0 0 0 0 

608 592 441 53 0 0.540541 0 0 0 0 0 0 0 0 0 0 0 0 0 0 0 0 0 0 0 0 0 0 0.111111 0.388889 0.333333 0.111111 0.0555556 0 0 0 0 0 0 

544 527 395 53 0 0.607211 0 0 0 0 0 0 0 0 0 0 0 0 0 0 0 0 0 0 0 0 0 0.0625 0.1875 0.3125 0.125 0.0625 0.1875 0.0625 0 0 0 0 0 

576 550 401 53 0 0.581818 0 0 0 0 0 0 0 0 0 0 0 0 0 0 0 0 0 0 0 0.0588235 0.0588235 0.117647 0.0588235 0.235294 0.235294 0.0588235 0.117647 0.0588235 0 0 0 0 0 

576 550 396 53 0 0.581818 0 0 0 0 0 0 0 0 0 0 0 0 0 0 0 0 0 0 0 0.0588235 0.117647 0 0.235294 0.176471 0.0588235 0.352941 0 0 0 0 0 0 0 

544 524 392 53 0 0.610687 0 0 0 0 0 0 0 0 0 0 0 0 0 0 0 0 0 0 0 0 0 0.0625 0.125 0.25 0.25 0.25 0 0.0625 0 0 0 0 0 

544 534 392 53 0 0.599251 0 0 0 0 0 0 0 0 0 0 0 0 0 0 0 0 0 0 0 0.125 0 0 0.125 0.3125 0.1875 0.1875 0.0625 0 0 0 0 0 0 

576 550 400 53 0 0.581818 0 0 0 0 0 0 0 0 0 0 0 0 0 0 0 0 0 0 0 0 0 0.0588235 0.176471 0.411765 0.235294 0.117647 0 0 0 0 0 0 0 

736 716 521 53 0 0.446927 0 0 0 0 0 0 0 0 0 0 0 0 0 0 0 0 0 0 0 0 0.0909091 0.181818 0 0.318182 0.136364 0.181818 0.0909091 0 0 0 0 0 0 

544 524 391 53 0 0.610687 0 0 0 0 0 0 0 0 0 0 0 0 0 0 0 0 0 0 0 0 0 0.125 0.25 0.0625 0.125 0.25 0.1875 0 0 0 0 0 0 

576 550 395 53 0 0.581818 0 0 0 0 0 0 0 0 0 0 0 0 0 0 0 0 0 0 0 0 0 0.117647 0.294118 0.352941 0.117647 0.0588235 0.0588235 0 0 0 0 0 0 

544 520 387 53 0 0.615385 0 0 0 0 0 0 0 0 0 0 0 0 0 0 0 0 0 0 0 0 0.0625 0.0625 0.125 0.1875 0.1875 0.25 0.0625 0.0625 0 0 0 0 0 

576 550 391 53 0 0.581818 0 0 0 0 0 0 0 0 0 0 0 0 0 0 0 0 0 0 0 0 0.117647 0.117647 0.235294 0.117647 0.352941 0.0588235 0 0 0 0 0 0 0 

576 550 415 53 0 0.581818 0 0 0 0 0 0 0 0 0 0 0 0 0 0 0 0 0 0 0 0.0588235 0 0 0.0588235 0.235294 0.235294 0.235294 0.0588235 0.117647 0 0 0 0 0 

576 550 390 53 0 0.581818 0 0 0 0 0 0 0 0 0 0 0 0 0 0 0 0 0 0 0 0 0.0588235 0.117647 0.235294 0.411765 0.117647 0.0588235 0 0 0 0 0 0 0 

544 525 392 53 0 0.609524 0 0 0 0 0 0 0 0 0 0 0 0 0 0 0 0 0 0 0 0 0 0.0625 0.0625 0.25 0.375 0.25 0 0 0 0 0 0 0 

608 595 428 53 0 0.537815 0 0 0 0 0 0 0 0 0 0 0 0 0 0 0 0 0 0.0555556 0 0.111111 0 0.0555556 0.222222 0.0555556 0.277778 0.111111 0.111111 0 0 0 0 0 0 

576 550 390 53 0 0.581818 0 0 0 0 0 0 0 0 0 0 0 0 0 0 0 0 0 0 0 0.117647 0 0.235294 0 0.294118 0.294118 0 0 0.0588235 0 0 0 0 0 

576 550 399 53 0 0.581818 0 0 0 0 0 0 0 0 0 0 0 0 0 0 0 0 0 0 0 0 0.0588235 0.117647 0.117647 0.352941 0.117647 0.176471 0.0588235 0 0 0 0 0 0 

544 525 383 53 0 0.609524 0 0 0 0 0 0 0 0 0 0 0 0 0 0 0 0 0 0 0 0 0.0625 0.125 0.3125 0.125 0.125 0.125 0.0625 0 0.0625 0 0 0 0 

768 746 532 53 0 0.428954 0 0 0 0 0 0 0 0 0 0 0 0 0 0 0 0 0 0 0 0 0.173913 0.173913 0.130435 0.0869565 0.217391 0.173913 0.0434783 0 0 0 0 0 0 

608 592 437 53 0 0.540541 0 0 0 0 0 0 0 0 0 0 0 0 0 0 0 0 0 0 0 0 0 0.0555556 0.222222 0.333333 0.111111 0.222222 0.0555556 0 0 0 0 0 0 

608 592 431 53 0 0.540541 0 0 0 0 0 0 0 0 0 0 0 0 0 0 0 0 0 0 0 0 0 0.166667 0.166667 0.277778 0.277778 0.0555556 0.0555556 0 0 0 0 0 0 

576 550 398 53 0 0.581818 0 0 0 0 0 0 0 0 0 0 0 0 0 0 0 0 0 0 0 0 0.0588235 0.117647 0.117647 0.235294 0.352941 0.117647 0 0 0 0 0 0 0 

544 534 395 53 0 0.599251 0 0 0 0 0 0 0 0 0 0 0 0 0 0 0 0 0 0 0 0 0.125 0.0625 0 0.4375 0.125 0.125 0.0625 0.0625 0 0 0 0 0 

608 592 426 53 0 0.540541 0 0 0 0 0 0 0 0 0 0 0 0 0 0 0 0 0 0 0 0.0555556 0.0555556 0.166667 0.277778 0.0555556 0.166667 0.111111 0.0555556 0.0555556 0 0 0 0 0 

576 550 402 53 0 0.581818 0 0 0 0 0 0 0 0 0 0 0 0 0 0 0 0 0 0 0 0.0588235 0.0588235 0 0.117647 0.352941 0.235294 0.0588235 0.0588235 0 0.0588235 0 0 0 0 

576 550 398 53 0 0.581818 0 0 0 0 0 0 0 0 0 0 0 0 0 0 0 0 0 0 0 0 0.176471 0.0588235 0.0588235 0.294118 0.176471 0.117647 0.117647 0 0 0 0 0 0 

608 592 425 53 0 0.540541 0 0 0 0 0 0 0 0 0 0 0 0 0 0 0 0 0 0 0 0 0.0555556 0.166667 0.166667 0.222222 0.388889 0 0 0 0 0 0 0 0 

480 459 347 53 0 0.697168 0 0 0 0 0 0 0 0 0 0 0 0 0 0 0 0 0 0 0 0 0 0 0.214286 0.142857 0.285714 0.142857 0.214286 0 0 0 0 0 0 

576 550 413 53 0 0.581818 0 0 0 0 0 0 0 0 0 0 0 0 0 0 0 0 0 0 0 0 0 0 0.176471 0.294118 0.176471 0.176471 0.117647 0.0588235 0 0 0 0 0 

608 592 443 53 0 0.540541 0 0 0 0 0 0 0 0 0 0 0 0 0 0 0 0 0 0 0 0.0555556 0 0.111111 0.111111 0.166667 0.111111 0.277778 0.111111 0 0.0555556 0 0 0 0 

576 550 406 53 0 0.581818 0 0 0 0 0 0 0 0 0 0 0 0 0 0 0 0 0 0 0 0 0 0 0.235294 0.235294 0.294118 0.235294 0 0 0 0 0 0 0 

544 532 401 53 0 0.601504 0 0 0 0 0 0 0 0 0 0 0 0 0 0 0 0 0 0 0 0 0 0.0625 0.1875 0.25 0.125 0.1875 0.125 0.0625 0 0 0 0 0 

608 585 427 53 0 0.547009 0 0 0 0 0 0 0 0 0 0 0 0 0 0 0 0 0 0 0.0555556 0 0 0.0555556 0.222222 0.166667 0.333333 0.0555556 0.0555556 0.0555556 0 0 0 0 0 

544 520 384 53 0 0.615385 0 0 0 0 0 0 0 0 0 0 0 0 0 0 0 0 0 0 0 0 0.0625 0.125 0.0625 0.1875 0.1875 0.3125 0.0625 0 0 0 0 0 0 

544 525 388 53 0 0.609524 0 0 0 0 0 0 0 0 0 0 0 0 0 0 0 0 0 0 0 0 0 0.0625 0.25 0.25 0.1875 0.125 0.125 0 0 0 0 0 0 

544 534 394 53 0 0.599251 0 0 0 0 0 0 0 0 0 0 0 0 0 0 0 0 0 0 0 0 0 0.1875 0.125 0.1875 0.3125 0.125 0.0625 0 0 0 0 0 0 

544 534 393 53 0 0.599251 0 0 0 0 0 0 0 0 0 0 0 0 0 0 0 0 0 0 0 0 0 0.0625 0.3125 0.1875 0.3125 0.0625 0.0625 0 0 0 0 0 0 

544 527 389 53 0 0.607211 0 0 0 0 0 0 0 0 0 0 0 0 0 0 0 0 0 0 0 0 0 0.125 0.25 0.0625 0.25 0.3125 0 0 0 0 0 0 0 

608 592 422 53 0 0.540541 0 0 0 0 0 0 0 0 0 0 0 0 0 0 0 0 0 0.0555556 0 0 0 0.166667 0.222222 0.277778 0.166667 0.0555556 0.0555556 0 0 0 0 0 0 

608 591 437 53 0 0.541455 0 0 0 0 0 0 0 0 0 0 0 0 0 0 0 0 0 0 0 0 0.0555556 0 0.111111 0.277778 0.444444 0.0555556 0.0555556 0 0 0 0 0 0 

576 550 397 53 0 0.581818 0 0 0 0 0 0 0 0 0 0 0 0 0 0 0 0 0 0 0 0.0588235 0 0.117647 0.117647 0.352941 0.117647 0.235294 0 0 0 0 0 0 0 

576 550 406 53 0 0.581818 0 0 0 0 0 0 0 0 0 0 0 0 0 0 0 0 0 0 0 0 0 0.0588235 0.117647 0.352941 0.235294 0.176471 0.0588235 0 0 0 0 0 0 

576 550 391 53 0 0.581818 0 0 0 0 0 0 0 0 0 0 0 0 0 0 0 0 0 0 0.0588235 0.0588235 0 0.176471 0 0.294118 0.294118 0.117647 0 0 0 0 0 0 0 

576 548 394 53 0 0.583942 0 0 0 0 0 0 0 0 0 0 0 0 0 0 0 0 0 0 0 0.0588235 0.117647 0 0.117647 0.294118 0.294118 0 0.117647 0 0 0 0 0 0 

576 550 404 53 0 0.581818 0 0 0 0 0 0 0 0 0 0 0 0 0 0 0 0 0 0 0 0 0.0588235 0.117647 0.117647 0.294118 0.0588235 0.235294 0.0588235 0.0588235 0 0 0 0 0 

608 592 434 53 0 0.540541 0 0 0 0 0 0 0 0 0 0 0 0 0 0 0 0 0 0 0 0 0 0.222222 0.111111 0.166667 0.333333 0.0555556 0.111111 0 0 0 0 0 0 

544 532 394 53 0 0.601504 0 0 0 0 0 0 0 0 0 0 0 0 0 0 0 0 0 0 0 0.0625 0 0.125 0.125 0.1875 0.125 0.3125 0 0.0625 0 0 0 0 0 

576 550 396 53 0 0.581818 0 0 0 0 0 0 0 0 0 0 0 0 0 0 0 0 0 0 0 0 0.176471 0.0588235 0.117647 0.235294 0.235294 0.117647 0 0.0588235 0 0 0 0 0 

544 534 396 53 0 0.599251 0 0 0 0 0 0 0 0 0 0 0 0 0 0 0 0 0 0 0 0 0 0.1875 0.125 0.1875 0.25 0.125 0.125 0 0 0 0 0 0 

576 550 398 53 0 0.581818 0 0 0 0 0 0 0 0 0 0 0 0 0 0 0 0 0 0 0 0 0.0588235 0.176471 0.0588235 0.352941 0.117647 0.176471 0.0588235 0 0 0 0 0 0 

576 550 393 53 0 0.581818 0 0 0 0 0 0 0 0 0 0 0 0 0 0 0 0 0 0 0 0 0.0588235 0.176471 0.235294 0.176471 0.235294 0.0588235 0.0588235 0 0 0 0 0 0 

544 525 391 53 0 0.609524 0 0 0 0 0 0 0 0 0 0 0 0 0 0 0 0 0 0 0 0 0 0.0625 0.3125 0.0625 0.3125 0.0625 0.125 0.0625 0 0 0 0 0 

576 550 398 53 0 0.581818 0 0 0 0 0 0 0 0 0 0 0 0 0 0 0 0 0 0 0 0.0588235 0.0588235 0.117647 0.117647 0.235294 0.117647 0.176471 0.117647 0 0 0 0 0 0 

544 527 390 53 0 0.607211 0 0 0 0 0 0 0 0 0 0 0 0 0 0 0 0 0 0 0 0 0 0.0625 0.1875 0.375 0.125 0.125 0.125 0 0 0 0 0 0 

736 716 522 53 0 0.446927 0 0 0 0 0 0 0 0 0 0 0 0 0 0 0 0 0 0 0.0454545 0 0.0454545 0.0454545 0.181818 0.0909091 0.409091 0.136364 0.0454545 0 0 0 0 0 0 

544 525 393 53 0 0.609524 0 0 0 0 0 0 0 0 0 0 0 0 0 0 0 0 0 0 0.0625 0 0 0 0.125 0.25 0.1875 0.1875 0.125 0.0625 0 0 0 0 0 

544 534 403 53 0 0.599251 0 0 0 0 0 0 0 0 0 0 0 0 0 0 0 0 0 0 0 0 0 0.0625 0.125 0.25 0.3125 0.125 0 0.125 0 0 0 0 0 

608 592 433 53 0 0.540541 0 0 0 0 0 0 0 0 0 0 0 0 0 0 0 0 0 0 0 0 0.0555556 0.0555556 0.222222 0.222222 0.277778 0.111111 0.0555556 0 0 0 0 0 0 

576 550 397 53 0 0.581818 0 0 0 0 0 0 0 0 0 0 0 0 0 0 0 0 0 0 0.0588235 0 0.0588235 0.0588235 0.176471 0.176471 0.235294 0.176471 0.0588235 0 0 0 0 0 0 

544 534 394 53 0 0.599251 0 0 0 0 0 0 0 0 0 0 0 0 0 0 0 0 0 0 0 0.0625 0 0.125 0.1875 0.1875 0.125 0.125 0.1875 0 0 0 0 0 0 

480 454 343 53 0 0.704846 0 0 0 0 0 0 0 0 0 0 0 0 0 0 0 0 0 0 0 0 0 0 0.214286 0.142857 0.357143 0.0714286 0.142857 0 0.0714286 0 0 0 0 

544 527 388 53 0 0.607211 0 0 0 0 0 0 0 0 0 0 0 0 0 0 0 0 0 0 0 0 0 0.1875 0.125 0.1875 0.25 0.1875 0.0625 0 0 0 0 0 0 

608 591 435 53 0 0.541455 0 0 0 0 0 0 0 0 0 0 0 0 0 0 0 0 0 0 0 0 0 0.111111 0.166667 0.333333 0.222222 0.0555556 0.0555556 0.0555556 0 0 0 0 0 

576 550 401 53 0 0.581818 0 0 0 0 0 0 0 0 0 0 0 0 0 0 0 0 0 0 0 0 0 0.117647 0.117647 0.294118 0.352941 0.117647 0 0 0 0 0 0 0 

608 591 434 53 0 0.541455 0 0 0 0 0 0 0 0 0 0 0 0 0 0 0 0 0 0 0 0 0 0.166667 0.166667 0.277778 0.166667 0.0555556 0.166667 0 0 0 0 0 0 

576 550 401 53 0 0.581818 0 0 0 0 0 0 0 0 0 0 0 0 0 0 0 0 0 0 0 0 0.0588235 0.176471 0.0588235 0.176471 0.294118 0.176471 0.0588235 0 0 0 0 0 0 

544 520 390 53 0 0.615385 0 0 0 0 0 0 0 0 0 0 0 0 0 0 0 0 0 0 0 0 0 0 0.1875 0.125 0.3125 0.375 0 0 0 0 0 0 0 

544 525 401 53 0 0.609524 0 0 0 0 0 0 0 0 0 0 0 0 0 0 0 0 0 0 0 0 0 0 0.0625 0.25 0.25 0.25 0.1875 0 0 0 0 0 0 

544 527 396 53 0 0.607211 0 0 0 0 0 0 0 0 0 0 0 0 0 0 0 0 0 0 0 0.0625 0 0.0625 0 0.1875 0.375 0.25 0 0 0.0625 0 0 0 0 

544 534 396 53 0 0.599251 0 0 0 0 0 0 0 0 0 0 0 0 0 0 0 0 0 0 0 0 0 0.0625 0.1875 0.375 0.125 0.1875 0.0625 0 0 0 0 0 0 

608 592 433 53 0 0.540541 0 0 0 0 0 0 0 0 0 0 0 0 0 0 0 0 0 0 0 0 0.111111 0.0555556 0.0555556 0.277778 0.333333 0.166667 0 0 0 0 0 0 0 

576 550 409 53 0 0.581818 0 0 0 0 0 0 0 0 0 0 0 0 0 0 0 0 0 0 0 0 0.0588235 0 0.176471 0.235294 0.352941 0 0.0588235 0.0588235 0.0588235 0 0 0 0 

576 550 402 53 0 0.581818 0 0 0 0 0 0 0 0 0 0 0 0 0 0 0 0 0 0 0 0 0 0.0588235 0.235294 0.411765 0.0588235 0.117647 0.117647 0 0 0 0 0 0 

576 550 406 53 0 0.581818 0 0 0 0 0 0 0 0 0 0 0 0 0 0 0 0 0 0 0 0 0.117647 0.0588235 0.117647 0 0.411765 0.176471 0.117647 0 0 0 0 0 0 

576 550 391 53 0 0.581818 0 0 0 0 0 0 0 0 0 0 0 0 0 0 0 0 0 0 0 0.0588235 0.0588235 0.0588235 0.352941 0.176471 0.117647 0.117647 0.0588235 0 0 0 0 0 0 

544 534 388 53 0 0.599251 0 0 0 0 0 0 0 0 0 0 0 0 0 0 0 0 0 0.0625 0 0.0625 0 0 0.125 0.375 0.1875 0.125 0.0625 0 0 0 0 0 0 

576 550 405 53 0 0.581818 0 0 0 0 0 0 0 0 0 0 0 0 0 0 0 0 0 0 0 0 0 0.0588235 0.0588235 0.470588 0.235294 0.117647 0.0588235 0 0 0 0 0 0 

544 527 399 53 0 0.607211 0 0 0 0 0 0 0 0 0 0 0 0 0 0 0 0 0 0 0 0 0.0625 0 0.0625 0.1875 0.25 0.3125 0.125 0 0 0 0 0 0 

576 550 405 53 0 0.581818 0 0 0 0 0 0 0 0 0 0 0 0 0 0 0 0 0 0 0 0.0588235 0 0.0588235 0.294118 0 0.176471 0.294118 0.117647 0 0 0 0 0 0 

608 595 430 53 0 0.537815 0 0 0 0 0 0 0 0 0 0 0 0 0 0 0 0 0 0 0 0.111111 0.0555556 0 0.166667 0.388889 0.0555556 0.111111 0.111111 0 0 0 0 0 0 

576 550 409 53 0 0.581818 0 0 0 0 0 0 0 0 0 0 0 0 0 0 0 0 0 0 0 0 0 0.0588235 0.117647 0.294118 0.176471 0.294118 0.0588235 0 0 0 0 0 0 

576 550 405 53 0 0.581818 0 0 0 0 0 0 0 0 0 0 0 0 0 0 0 0 0 0 0 0 0 0.117647 0 0.411765 0.294118 0.117647 0.0588235 0 0 0 0 0 0 

608 592 425 53 0 0.540541 0 0 0 0 0 0 0 0 0 0 0 0 0 0 0 0 0 0 0 0 0.111111 0.222222 0.111111 0.277778 0.0555556 0.166667 0 0.0555556 0 0 0 0 0 

576 550 398 53 0 0.581818 0 0 0 0 0 0 0 0 0 0 0 0 0 0 0 0 0 0 0 0.117647 0.117647 0 0.117647 0.117647 0.117647 0.352941 0.0588235 0 0 0 0 0 0 

576 550 403 53 0 0.581818 0 0 0 0 0 0 0 0 0 0 0 0 0 0 0 0 0 0 0 0 0.0588235 0.176471 0.117647 0.117647 0.176471 0.235294 0.117647 0 0 0 0 0 0 

576 548 400 53 0 0.583942 0 0 0 0 0 0 0 0 0 0 0 0 0 0 0 0 0 0 0 0 0.0588235 0.0588235 0.117647 0.352941 0.235294 0.0588235 0.117647 0 0 0 0 0 0 

