992 967 711 75 0 0.661841 0 0 0 0 0 0 0 0 0 0 0 0 0 0 0 0 0 0 0 0 0 0.0333333 0.2 0.366667 0.133333 0.2 0.0666667 0 0 0 0 0 0 

960 931 685 75 0 0.687433 0 0 0 0 0 0 0 0 0 0 0 0 0 0 0 0 0 0 0 0.0344828 0 0.0344828 0.103448 0.275862 0.344828 0.137931 0.0689655 0 0 0 0 0 0 

992 967 701 75 0 0.661841 0 0 0 0 0 0 0 0 0 0 0 0 0 0 0 0 0 0 0 0 0 0.2 0.166667 0.233333 0.133333 0.233333 0.0333333 0 0 0 0 0 0 

1088 1060 765 75 0 0.603774 0 0 0 0 0 0 0 0 0 0 0 0 0 0 0 0 0 0.030303 0 0.0606061 0 0.151515 0.0606061 0.151515 0.30303 0.181818 0.0606061 0 0 0 0 0 0 

928 900 670 75 0 0.711111 0 0 0 0 0 0 0 0 0 0 0 0 0 0 0 0 0 0 0 0 0 0 0.142857 0.285714 0.392857 0.0714286 0.0714286 0 0.0357143 0 0 0 0 

992 964 699 75 0 0.6639 0 0 0 0 0 0 0 0 0 0 0 0 0 0 0 0 0 0 0.0333333 0.0333333 0.0333333 0.0666667 0.133333 0.266667 0.166667 0.166667 0.0666667 0.0333333 0 0 0 0 0 

992 964 696 75 0 0.6639 0 0 0 0 0 0 0 0 0 0 0 0 0 0 0 0 0 0 0 0.0333333 0.1 0.0666667 0.1 0.266667 0.233333 0.133333 0.0333333 0.0333333 0 0 0 0 0 

992 964 705 75 0 0.6639 0 0 0 0 0 0 0 0 0 0 0 0 0 0 0 0 0 0 0 0 0 0.166667 0.166667 0.133333 0.3 0.166667 0.0333333 0.0333333 0 0 0 0 0 

992 969 710 75 0 0.660475 0 0 0 0 0 0 0 0 0 0 0 0 0 0 0 0 0 0 0 0 0 0.0666667 0.166667 0.333333 0.266667 0.1 0.0666667 0 0 0 0 0 0 

992 971 700 75 0 0.659114 0 0 0 0 0 0 0 0 0 0 0 0 0 0 0 0 0 0 0 0.0333333 0.0333333 0.133333 0.166667 0.2 0.266667 0.133333 0.0333333 0 0 0 0 0 0 

