256 238 175 37 0 0.672269 0 0 0 0 0 0 0 0 0 0 0 0 0 0 0 0 0 0 0 0 0.142857 0 0.285714 0.142857 0.142857 0.285714 0 0 0 0 0 0 0 

288 277 197 37 0 0.577617 0 0 0 0 0 0 0 0 0 0 0 0 0 0 0 0 0 0 0 0.125 0 0.25 0.375 0.125 0 0 0.125 0 0 0 0 0 0 

256 234 181 37 0 0.683761 0 0 0 0 0 0 0 0 0 0 0 0 0 0 0 0 0 0 0 0 0 0.142857 0 0.142857 0.142857 0.285714 0.142857 0.142857 0 0 0 0 0 

288 276 205 37 0 0.57971 0 0 0 0 0 0 0 0 0 0 0 0 0 0 0 0 0 0 0 0.125 0 0 0.125 0.125 0.5 0.125 0 0 0 0 0 0 0 

288 276 200 37 0 0.57971 0 0 0 0 0 0 0 0 0 0 0 0 0 0 0 0 0 0 0 0.125 0.125 0 0.25 0.125 0.25 0 0.125 0 0 0 0 0 0 

256 234 176 37 0 0.683761 0 0 0 0 0 0 0 0 0 0 0 0 0 0 0 0 0 0 0 0 0.142857 0.142857 0 0 0.428571 0 0.142857 0.142857 0 0 0 0 0 

288 269 199 37 0 0.594796 0 0 0 0 0 0 0 0 0 0 0 0 0 0 0 0 0 0 0 0 0.125 0 0.125 0.25 0.375 0 0.125 0 0 0 0 0 0 

288 276 201 37 0 0.57971 0 0 0 0 0 0 0 0 0 0 0 0 0 0 0 0 0 0 0 0 0 0.25 0.25 0.25 0.125 0.125 0 0 0 0 0 0 0 

256 230 170 37 0 0.695652 0 0 0 0 0 0 0 0 0 0 0 0 0 0 0 0 0 0 0 0 0 0.285714 0.142857 0 0.142857 0.285714 0.142857 0 0 0 0 0 0 

288 275 212 37 0 0.581818 0 0 0 0 0 0 0 0 0 0 0 0 0 0 0 0 0 0 0 0 0 0 0.25 0.125 0.125 0.375 0 0.125 0 0 0 0 0 

