3104 3086 2267 120 0 0.518471 0 0 0 0 0 0 0 0 0 0 0 0 0 0 0 0 0 0 0.0104167 0.0104167 0.03125 0.104167 0.09375 0.239583 0.197917 0.197917 0.09375 0.0208333 0 0 0 0 0 

3264 3252 2380 120 0 0.492005 0 0 0 0 0 0 0 0 0 0 0 0 0 0 0 0 0 0 0.00990099 0 0.0594059 0.0990099 0.138614 0.158416 0.287129 0.118812 0.108911 0.019802 0 0 0 0 0 

3264 3251 2349 120 0 0.492156 0 0 0 0 0 0 0 0 0 0 0 0 0 0 0 0 0.00990099 0 0 0.029703 0.0693069 0.108911 0.0990099 0.247525 0.207921 0.148515 0.039604 0.039604 0 0 0 0 0 

3072 3057 2226 120 0 0.523389 0 0 0 0 0 0 0 0 0 0 0 0 0 0 0 0 0 0 0 0.0315789 0.0421053 0.0947368 0.0947368 0.252632 0.263158 0.147368 0.0631579 0.0105263 0 0 0 0 0 

3104 3096 2280 120 0 0.516796 0 0 0 0 0 0 0 0 0 0 0 0 0 0 0 0 0 0 0 0 0.03125 0.0625 0.135417 0.28125 0.208333 0.229167 0.03125 0.0104167 0.0104167 0 0 0 0 

3264 3252 2358 120 0 0.492005 0 0 0 0 0 0 0 0 0 0 0 0 0 0 0 0 0 0 0 0.00990099 0.039604 0.118812 0.178218 0.207921 0.247525 0.128713 0.0594059 0.00990099 0 0 0 0 0 

3296 3277 2386 120 0 0.488251 0 0 0 0 0 0 0 0 0 0 0 0 0 0 0 0 0.00980392 0 0 0.0196078 0.0294118 0.0882353 0.156863 0.22549 0.205882 0.176471 0.0784314 0.00980392 0 0 0 0 0 

3104 3093 2244 120 0 0.517297 0 0 0 0 0 0 0 0 0 0 0 0 0 0 0 0 0 0 0.0104167 0.0104167 0.0625 0.114583 0.145833 0.1875 0.229167 0.15625 0.0625 0.0208333 0 0 0 0 0 

3104 3096 2253 120 0 0.516796 0 0 0 0 0 0 0 0 0 0 0 0 0 0 0 0 0 0 0.0208333 0.0104167 0.0104167 0.09375 0.197917 0.229167 0.197917 0.166667 0.0520833 0.0104167 0.0104167 0 0 0 0 

3264 3251 2340 120 0 0.492156 0 0 0 0 0 0 0 0 0 0 0 0 0 0 0 0 0 0.00990099 0 0.039604 0.0594059 0.0792079 0.188119 0.158416 0.267327 0.148515 0.039604 0.00990099 0 0 0 0 0 

