416 395 289 37 0 0.405063 0 0 0 0 0 0 0 0 0 0 0 0 0 0 0 0 0 0 0 0 0 0.0833333 0.25 0.166667 0.416667 0.0833333 0 0 0 0 0 0 0 

384 367 277 37 0 0.435967 0 0 0 0 0 0 0 0 0 0 0 0 0 0 0 0 0 0 0 0 0 0.0909091 0.181818 0.181818 0.181818 0.0909091 0.272727 0 0 0 0 0 0 

352 335 262 37 0 0.477612 0 0 0 0 0 0 0 0 0 0 0 0 0 0 0 0 0 0 0 0 0 0 0 0.2 0.2 0.3 0.3 0 0 0 0 0 0 

384 367 278 37 0 0.435967 0 0 0 0 0 0 0 0 0 0 0 0 0 0 0 0 0 0 0 0 0 0.181818 0 0.181818 0.363636 0.0909091 0.0909091 0 0.0909091 0 0 0 0 

480 469 344 37 0 0.341151 0 0 0 0 0 0 0 0 0 0 0 0 0 0 0 0 0 0 0 0.0714286 0 0.214286 0.142857 0.0714286 0.285714 0.0714286 0.0714286 0.0714286 0 0 0 0 0 

544 532 394 37 0 0.300752 0 0 0 0 0 0 0 0 0 0 0 0 0 0 0 0 0 0 0 0 0 0.125 0.25 0.1875 0.0625 0.3125 0.0625 0 0 0 0 0 0 

352 336 257 37 0 0.47619 0 0 0 0 0 0 0 0 0 0 0 0 0 0 0 0 0 0 0 0 0 0 0.1 0.3 0.2 0.2 0.2 0 0 0 0 0 0 

480 461 339 37 0 0.347072 0 0 0 0 0 0 0 0 0 0 0 0 0 0 0 0 0 0 0 0 0.142857 0 0.214286 0.285714 0.0714286 0.0714286 0.142857 0.0714286 0 0 0 0 0 

256 229 160 34 0 0.69869 0 0 0 0 0 0 0 0 0 0 0 0 0 0 0 0 0 0 0 0 0.285714 0 0.142857 0.428571 0.142857 0 0 0 0 0 0 0 0 

256 244 183 37 0 0.655738 0 0 0 0 0 0 0 0 0 0 0 0 0 0 0 0 0 0 0 0 0.142857 0.142857 0.142857 0 0 0.571429 0 0 0 0 0 0 0 

256 236 173 37 0 0.677966 0 0 0 0 0 0 0 0 0 0 0 0 0 0 0 0 0 0 0 0 0 0.285714 0.142857 0.142857 0.142857 0.285714 0 0 0 0 0 0 0 

288 270 199 37 0 0.592593 0 0 0 0 0 0 0 0 0 0 0 0 0 0 0 0 0 0 0 0 0.125 0.125 0.125 0.125 0.125 0.375 0 0 0 0 0 0 0 

256 229 160 31 0 0.69869 0 0 0 0 0 0 0 0 0 0 0 0 0 0 0 0 0 0 0 0.142857 0.142857 0 0.142857 0.285714 0.285714 0 0 0 0 0 0 0 0 

256 227 160 26 0 0.704846 0 0 0 0 0 0 0 0 0 0 0 0 0 0 0 0 0 0 0 0 0 0.142857 0.428571 0.285714 0.142857 0 0 0 0 0 0 0 0 

256 241 180 37 0 0.6639 0 0 0 0 0 0 0 0 0 0 0 0 0 0 0 0 0 0 0 0 0.142857 0 0.142857 0.285714 0.142857 0.142857 0.142857 0 0 0 0 0 0 

256 236 177 37 0 0.677966 0 0 0 0 0 0 0 0 0 0 0 0 0 0 0 0 0 0 0 0 0 0 0 0.571429 0.285714 0.142857 0 0 0 0 0 0 0 

320 297 229 37 0 0.538721 0 0 0 0 0 0 0 0 0 0 0 0 0 0 0 0 0 0 0 0 0 0 0 0.333333 0 0.555556 0.111111 0 0 0 0 0 0 

352 329 243 37 0 0.486322 0 0 0 0 0 0 0 0 0 0 0 0 0 0 0 0 0 0 0 0.1 0 0 0.2 0 0.5 0.1 0.1 0 0 0 0 0 0 

384 358 254 37 0 0.446927 0 0 0 0 0 0 0 0 0 0 0 0 0 0 0 0 0 0 0 0 0.0909091 0 0.545455 0.181818 0 0.181818 0 0 0 0 0 0 0 

416 396 290 37 0 0.40404 0 0 0 0 0 0 0 0 0 0 0 0 0 0 0 0 0 0 0 0.166667 0 0 0.0833333 0.166667 0.333333 0.166667 0.0833333 0 0 0 0 0 0 

384 376 276 37 0 0.425532 0 0 0 0 0 0 0 0 0 0 0 0 0 0 0 0 0 0 0 0.0909091 0.0909091 0 0.0909091 0.272727 0.272727 0.181818 0 0 0 0 0 0 0 

416 391 296 37 0 0.409207 0 0 0 0 0 0 0 0 0 0 0 0 0 0 0 0 0 0 0 0 0 0.0833333 0.0833333 0.0833333 0.25 0.416667 0.0833333 0 0 0 0 0 0 

320 297 221 37 0 0.538721 0 0 0 0 0 0 0 0 0 0 0 0 0 0 0 0 0 0 0 0 0 0.222222 0.111111 0.222222 0.111111 0.111111 0.111111 0.111111 0 0 0 0 0 

320 302 223 37 0 0.529801 0 0 0 0 0 0 0 0 0 0 0 0 0 0 0 0 0 0 0.111111 0 0 0 0.111111 0.333333 0.111111 0.222222 0.111111 0 0 0 0 0 0 

512 499 375 37 0 0.320641 0 0 0 0 0 0 0 0 0 0 0 0 0 0 0 0 0 0 0 0 0 0.266667 0.0666667 0.133333 0.2 0.0666667 0.133333 0.0666667 0.0666667 0 0 0 0 

416 407 313 37 0 0.39312 0 0 0 0 0 0 0 0 0 0 0 0 0 0 0 0 0 0 0 0 0 0 0.166667 0.333333 0.166667 0.0833333 0.0833333 0.0833333 0.0833333 0 0 0 0 

320 310 226 37 0 0.516129 0 0 0 0 0 0 0 0 0 0 0 0 0 0 0 0 0 0 0 0 0.111111 0 0.444444 0.111111 0.222222 0.111111 0 0 0 0 0 0 0 

256 240 179 37 0 0.666667 0 0 0 0 0 0 0 0 0 0 0 0 0 0 0 0 0 0 0 0 0 0 0.142857 0.428571 0.428571 0 0 0 0 0 0 0 0 

288 265 192 37 0 0.603774 0 0 0 0 0 0 0 0 0 0 0 0 0 0 0 0 0 0 0 0 0 0.125 0.25 0.375 0.125 0.125 0 0 0 0 0 0 0 

416 401 294 37 0 0.399002 0 0 0 0 0 0 0 0 0 0 0 0 0 0 0 0 0 0 0 0.0833333 0.0833333 0.25 0 0 0.25 0.0833333 0.25 0 0 0 0 0 0 

256 238 180 37 0 0.672269 0 0 0 0 0 0 0 0 0 0 0 0 0 0 0 0 0 0 0 0 0 0 0.285714 0.285714 0 0.285714 0.142857 0 0 0 0 0 0 

352 337 259 37 0 0.474777 0 0 0 0 0 0 0 0 0 0 0 0 0 0 0 0 0 0 0 0 0 0 0 0.4 0.3 0.1 0.1 0.1 0 0 0 0 0 

288 274 213 37 0 0.583942 0 0 0 0 0 0 0 0 0 0 0 0 0 0 0 0 0 0 0 0 0 0 0.125 0.25 0.125 0.25 0.125 0.125 0 0 0 0 0 

288 262 198 37 0 0.610687 0 0 0 0 0 0 0 0 0 0 0 0 0 0 0 0 0 0 0 0 0 0.125 0 0 0.5 0.375 0 0 0 0 0 0 0 

320 308 228 37 0 0.519481 0 0 0 0 0 0 0 0 0 0 0 0 0 0 0 0 0 0 0 0 0.222222 0.111111 0 0.111111 0.222222 0.222222 0.111111 0 0 0 0 0 0 

384 372 280 37 0 0.430108 0 0 0 0 0 0 0 0 0 0 0 0 0 0 0 0 0 0 0 0 0.0909091 0.0909091 0.0909091 0.0909091 0.0909091 0.545455 0 0 0 0 0 0 0 

416 390 282 37 0 0.410256 0 0 0 0 0 0 0 0 0 0 0 0 0 0 0 0 0 0 0 0 0.0833333 0.0833333 0.166667 0.333333 0.0833333 0.25 0 0 0 0 0 0 0 

288 277 209 37 0 0.577617 0 0 0 0 0 0 0 0 0 0 0 0 0 0 0 0 0 0 0 0 0 0 0.375 0 0.5 0 0.125 0 0 0 0 0 0 

288 268 201 37 0 0.597015 0 0 0 0 0 0 0 0 0 0 0 0 0 0 0 0 0 0 0 0 0 0.125 0 0.375 0.125 0.375 0 0 0 0 0 0 0 

256 236 183 37 0 0.677966 0 0 0 0 0 0 0 0 0 0 0 0 0 0 0 0 0 0 0 0 0 0 0.142857 0.142857 0 0.571429 0.142857 0 0 0 0 0 0 

352 336 253 37 0 0.47619 0 0 0 0 0 0 0 0 0 0 0 0 0 0 0 0 0 0 0 0 0 0.1 0.1 0.1 0.5 0.1 0.1 0 0 0 0 0 0 

288 273 212 37 0 0.586081 0 0 0 0 0 0 0 0 0 0 0 0 0 0 0 0 0 0 0 0 0 0 0.125 0.25 0.25 0.125 0 0.25 0 0 0 0 0 

352 340 246 37 0 0.470588 0 0 0 0 0 0 0 0 0 0 0 0 0 0 0 0 0 0 0 0.1 0 0.2 0.1 0.3 0.1 0.2 0 0 0 0 0 0 0 

224 215 160 33 0 0.744186 0 0 0 0 0 0 0 0 0 0 0 0 0 0 0 0 0 0 0 0 0.166667 0.166667 0 0.333333 0 0.333333 0 0 0 0 0 0 0 

480 455 327 37 0 0.351648 0 0 0 0 0 0 0 0 0 0 0 0 0 0 0 0 0 0 0 0.0714286 0.214286 0 0.142857 0 0.285714 0.214286 0.0714286 0 0 0 0 0 0 

288 274 209 37 0 0.583942 0 0 0 0 0 0 0 0 0 0 0 0 0 0 0 0 0 0 0 0 0 0 0 0.5 0.125 0.375 0 0 0 0 0 0 0 

288 274 200 37 0 0.583942 0 0 0 0 0 0 0 0 0 0 0 0 0 0 0 0 0 0 0 0 0 0.125 0.5 0.125 0.125 0 0.125 0 0 0 0 0 0 

416 398 304 37 0 0.40201 0 0 0 0 0 0 0 0 0 0 0 0 0 0 0 0 0 0 0 0 0 0.0833333 0.0833333 0.166667 0.25 0.25 0 0.166667 0 0 0 0 0 

288 261 189 37 0 0.613027 0 0 0 0 0 0 0 0 0 0 0 0 0 0 0 0 0 0 0 0 0.125 0 0.25 0.125 0.375 0.125 0 0 0 0 0 0 0 

352 327 240 37 0 0.489297 0 0 0 0 0 0 0 0 0 0 0 0 0 0 0 0 0 0 0 0 0.1 0 0.2 0.2 0.3 0.1 0.1 0 0 0 0 0 0 

352 326 244 37 0 0.490798 0 0 0 0 0 0 0 0 0 0 0 0 0 0 0 0 0 0 0 0 0 0.1 0.1 0.2 0.3 0.1 0.2 0 0 0 0 0 0 

320 294 212 37 0 0.544218 0 0 0 0 0 0 0 0 0 0 0 0 0 0 0 0 0 0 0 0 0.111111 0.111111 0.222222 0.111111 0.333333 0 0.111111 0 0 0 0 0 0 

320 305 233 37 0 0.52459 0 0 0 0 0 0 0 0 0 0 0 0 0 0 0 0 0 0 0 0 0 0 0.111111 0.444444 0 0.222222 0.222222 0 0 0 0 0 0 

352 338 246 37 0 0.473373 0 0 0 0 0 0 0 0 0 0 0 0 0 0 0 0 0 0 0 0 0.1 0 0.3 0.3 0.2 0.1 0 0 0 0 0 0 0 

320 296 207 37 0 0.540541 0 0 0 0 0 0 0 0 0 0 0 0 0 0 0 0 0 0 0.111111 0 0.111111 0 0.222222 0.333333 0.222222 0 0 0 0 0 0 0 0 

320 301 224 37 0 0.531561 0 0 0 0 0 0 0 0 0 0 0 0 0 0 0 0 0 0 0 0 0 0 0.222222 0.444444 0.111111 0.111111 0.111111 0 0 0 0 0 0 

288 273 203 37 0 0.586081 0 0 0 0 0 0 0 0 0 0 0 0 0 0 0 0 0 0 0 0 0 0 0 0.75 0.25 0 0 0 0 0 0 0 0 

416 406 307 37 0 0.394089 0 0 0 0 0 0 0 0 0 0 0 0 0 0 0 0 0 0 0 0 0 0 0.166667 0.166667 0.5 0.0833333 0.0833333 0 0 0 0 0 0 

320 309 232 37 0 0.517799 0 0 0 0 0 0 0 0 0 0 0 0 0 0 0 0 0 0 0 0 0 0 0.222222 0.333333 0.333333 0 0.111111 0 0 0 0 0 0 

320 310 240 37 0 0.516129 0 0 0 0 0 0 0 0 0 0 0 0 0 0 0 0 0 0 0 0 0 0 0.333333 0 0.222222 0 0.444444 0 0 0 0 0 0 

416 402 294 37 0 0.39801 0 0 0 0 0 0 0 0 0 0 0 0 0 0 0 0 0 0 0 0 0.0833333 0 0.25 0.333333 0.166667 0.166667 0 0 0 0 0 0 0 

576 560 418 37 0 0.285714 0 0 0 0 0 0 0 0 0 0 0 0 0 0 0 0 0 0 0 0 0 0.176471 0.117647 0.176471 0.176471 0.117647 0.235294 0 0 0 0 0 0 

288 275 204 37 0 0.581818 0 0 0 0 0 0 0 0 0 0 0 0 0 0 0 0 0 0 0 0 0 0.125 0.125 0.375 0.25 0.125 0 0 0 0 0 0 0 

608 598 431 37 0 0.267559 0 0 0 0 0 0 0 0 0 0 0 0 0 0 0 0 0 0 0 0.111111 0 0.111111 0.111111 0.277778 0.277778 0.111111 0 0 0 0 0 0 0 

544 534 402 37 0 0.299625 0 0 0 0 0 0 0 0 0 0 0 0 0 0 0 0 0 0 0 0.0625 0 0.0625 0.0625 0.125 0.3125 0.25 0.125 0 0 0 0 0 0 

256 232 177 37 0 0.689655 0 0 0 0 0 0 0 0 0 0 0 0 0 0 0 0 0 0 0 0 0 0.142857 0.142857 0 0 0.571429 0.142857 0 0 0 0 0 0 

576 552 408 37 0 0.289855 0 0 0 0 0 0 0 0 0 0 0 0 0 0 0 0 0 0 0.0588235 0 0 0.117647 0 0.176471 0.352941 0.176471 0.117647 0 0 0 0 0 0 

256 242 181 37 0 0.661157 0 0 0 0 0 0 0 0 0 0 0 0 0 0 0 0 0 0 0 0 0 0 0.285714 0.142857 0.571429 0 0 0 0 0 0 0 0 

320 305 233 37 0 0.52459 0 0 0 0 0 0 0 0 0 0 0 0 0 0 0 0 0 0 0 0 0 0 0 0.555556 0.111111 0.111111 0.222222 0 0 0 0 0 0 

320 307 226 37 0 0.521173 0 0 0 0 0 0 0 0 0 0 0 0 0 0 0 0 0 0 0 0 0.111111 0 0.333333 0.222222 0.111111 0.111111 0.111111 0 0 0 0 0 0 

352 342 256 37 0 0.467836 0 0 0 0 0 0 0 0 0 0 0 0 0 0 0 0 0 0 0 0 0.1 0 0.1 0.3 0.3 0.1 0.1 0 0 0 0 0 0 

544 525 397 37 0 0.304762 0 0 0 0 0 0 0 0 0 0 0 0 0 0 0 0 0 0 0 0 0 0 0.1875 0.1875 0.1875 0.3125 0.125 0 0 0 0 0 0 

224 209 160 25 0 0.76555 0 0 0 0 0 0 0 0 0 0 0 0 0 0 0 0 0 0 0 0 0 0 0.166667 0.333333 0.166667 0.166667 0.166667 0 0 0 0 0 0 

256 230 160 32 0 0.695652 0 0 0 0 0 0 0 0 0 0 0 0 0 0 0 0 0 0 0.142857 0 0 0.142857 0.142857 0.428571 0.142857 0 0 0 0 0 0 0 0 

256 228 161 37 0 0.701754 0 0 0 0 0 0 0 0 0 0 0 0 0 0 0 0 0 0 0 0 0 0.428571 0.142857 0.142857 0.142857 0.142857 0 0 0 0 0 0 0 

256 243 178 37 0 0.658436 0 0 0 0 0 0 0 0 0 0 0 0 0 0 0 0 0 0 0 0 0 0.285714 0.142857 0.142857 0.428571 0 0 0 0 0 0 0 0 

224 212 160 28 0 0.754717 0 0 0 0 0 0 0 0 0 0 0 0 0 0 0 0 0 0 0 0 0 0 0.166667 0.333333 0.5 0 0 0 0 0 0 0 0 

224 209 163 37 0 0.76555 0 0 0 0 0 0 0 0 0 0 0 0 0 0 0 0 0 0 0 0 0 0 0.166667 0.166667 0.166667 0.166667 0.333333 0 0 0 0 0 0 

224 214 160 30 0 0.747664 0 0 0 0 0 0 0 0 0 0 0 0 0 0 0 0 0 0 0 0 0 0 0.333333 0.5 0 0.166667 0 0 0 0 0 0 0 

288 274 199 37 0 0.583942 0 0 0 0 0 0 0 0 0 0 0 0 0 0 0 0 0 0 0 0 0 0.125 0.375 0.375 0 0.125 0 0 0 0 0 0 0 

256 236 174 37 0 0.677966 0 0 0 0 0 0 0 0 0 0 0 0 0 0 0 0 0 0 0 0 0 0.285714 0 0.142857 0.428571 0.142857 0 0 0 0 0 0 0 

352 340 252 37 0 0.470588 0 0 0 0 0 0 0 0 0 0 0 0 0 0 0 0 0 0 0 0 0.1 0.1 0.1 0.2 0.2 0.3 0 0 0 0 0 0 0 

256 239 176 37 0 0.669456 0 0 0 0 0 0 0 0 0 0 0 0 0 0 0 0 0 0 0 0 0 0.428571 0.142857 0.142857 0 0 0.142857 0.142857 0 0 0 0 0 

224 211 160 29 0 0.758294 0 0 0 0 0 0 0 0 0 0 0 0 0 0 0 0 0 0 0 0 0 0.166667 0.166667 0.166667 0.166667 0.166667 0.166667 0 0 0 0 0 0 

256 233 173 37 0 0.686695 0 0 0 0 0 0 0 0 0 0 0 0 0 0 0 0 0 0 0 0 0 0.142857 0.142857 0.285714 0 0.428571 0 0 0 0 0 0 0 

256 244 178 37 0 0.655738 0 0 0 0 0 0 0 0 0 0 0 0 0 0 0 0 0 0 0 0.142857 0 0 0.285714 0.285714 0.142857 0.142857 0 0 0 0 0 0 0 

224 210 160 26 0 0.761905 0 0 0 0 0 0 0 0 0 0 0 0 0 0 0 0 0 0 0 0 0 0.166667 0.166667 0 0.333333 0.166667 0.166667 0 0 0 0 0 0 

288 267 202 37 0 0.599251 0 0 0 0 0 0 0 0 0 0 0 0 0 0 0 0 0 0 0 0 0 0 0.125 0.125 0.5 0.25 0 0 0 0 0 0 0 

224 213 160 30 0 0.751174 0 0 0 0 0 0 0 0 0 0 0 0 0 0 0 0 0 0 0 0 0 0 0 0.833333 0.166667 0 0 0 0 0 0 0 0 

256 226 164 32 0 0.707965 0 0 0 0 0 0 0 0 0 0 0 0 0 0 0 0 0 0 0 0 0.142857 0.142857 0.142857 0 0.285714 0.142857 0.142857 0 0 0 0 0 0 

288 262 192 37 0 0.610687 0 0 0 0 0 0 0 0 0 0 0 0 0 0 0 0 0 0 0 0 0 0 0.125 0.625 0.125 0.125 0 0 0 0 0 0 0 

224 214 160 32 0 0.747664 0 0 0 0 0 0 0 0 0 0 0 0 0 0 0 0 0 0 0 0 0 0.166667 0.166667 0.166667 0.5 0 0 0 0 0 0 0 0 

224 214 161 37 0 0.747664 0 0 0 0 0 0 0 0 0 0 0 0 0 0 0 0 0 0 0 0 0.166667 0.166667 0 0.166667 0.166667 0.166667 0.166667 0 0 0 0 0 0 

256 233 170 37 0 0.686695 0 0 0 0 0 0 0 0 0 0 0 0 0 0 0 0 0 0 0 0 0.142857 0.142857 0 0.142857 0.428571 0.142857 0 0 0 0 0 0 0 

256 232 168 37 0 0.689655 0 0 0 0 0 0 0 0 0 0 0 0 0 0 0 0 0 0 0 0 0.142857 0 0.285714 0.285714 0 0.285714 0 0 0 0 0 0 0 

256 229 174 37 0 0.69869 0 0 0 0 0 0 0 0 0 0 0 0 0 0 0 0 0 0 0 0 0 0 0 0.285714 0.428571 0.142857 0.142857 0 0 0 0 0 0 

320 296 224 37 0 0.540541 0 0 0 0 0 0 0 0 0 0 0 0 0 0 0 0 0 0 0 0 0 0 0.222222 0.222222 0.222222 0.111111 0.111111 0.111111 0 0 0 0 0 

320 292 212 37 0 0.547945 0 0 0 0 0 0 0 0 0 0 0 0 0 0 0 0 0 0 0 0 0 0.222222 0 0.444444 0.111111 0.222222 0 0 0 0 0 0 0 

288 264 191 37 0 0.606061 0 0 0 0 0 0 0 0 0 0 0 0 0 0 0 0 0 0 0 0 0 0.125 0.25 0.25 0.375 0 0 0 0 0 0 0 0 

256 237 174 37 0 0.675106 0 0 0 0 0 0 0 0 0 0 0 0 0 0 0 0 0 0 0 0 0 0.142857 0.142857 0.285714 0.428571 0 0 0 0 0 0 0 0 

