256 232 170 37 0 0.689655 0 0 0 0 0 0 0 0 0 0 0 0 0 0 0 0 0 0 0 0 0 0.142857 0.142857 0.142857 0.571429 0 0 0 0 0 0 0 0 

288 273 207 37 0 0.586081 0 0 0 0 0 0 0 0 0 0 0 0 0 0 0 0 0 0 0 0 0 0 0.125 0.25 0.375 0.25 0 0 0 0 0 0 0 

256 236 175 37 0 0.677966 0 0 0 0 0 0 0 0 0 0 0 0 0 0 0 0 0 0 0 0 0 0 0.428571 0 0.428571 0.142857 0 0 0 0 0 0 0 

320 295 212 37 0 0.542373 0 0 0 0 0 0 0 0 0 0 0 0 0 0 0 0 0 0 0.111111 0 0 0.222222 0.111111 0.111111 0.111111 0.222222 0.111111 0 0 0 0 0 0 

288 261 185 37 0 0.613027 0 0 0 0 0 0 0 0 0 0 0 0 0 0 0 0 0 0 0 0 0.125 0 0.375 0.25 0.25 0 0 0 0 0 0 0 0 

288 274 202 37 0 0.583942 0 0 0 0 0 0 0 0 0 0 0 0 0 0 0 0 0 0 0 0 0 0.25 0.125 0.375 0 0.125 0.125 0 0 0 0 0 0 

320 297 222 37 0 0.538721 0 0 0 0 0 0 0 0 0 0 0 0 0 0 0 0 0 0 0 0 0 0 0.222222 0.222222 0.222222 0.333333 0 0 0 0 0 0 0 

288 277 211 37 0 0.577617 0 0 0 0 0 0 0 0 0 0 0 0 0 0 0 0 0 0 0 0 0 0.125 0 0.375 0.25 0.125 0 0.125 0 0 0 0 0 

288 281 217 37 0 0.569395 0 0 0 0 0 0 0 0 0 0 0 0 0 0 0 0 0 0 0 0 0.125 0 0 0.125 0.25 0.375 0.125 0 0 0 0 0 0 

288 275 202 37 0 0.581818 0 0 0 0 0 0 0 0 0 0 0 0 0 0 0 0 0 0 0 0 0.125 0.125 0.25 0.125 0.25 0 0 0.125 0 0 0 0 0 

256 245 183 37 0 0.653061 0 0 0 0 0 0 0 0 0 0 0 0 0 0 0 0 0 0 0 0 0 0.142857 0.285714 0.142857 0.285714 0 0.142857 0 0 0 0 0 0 

288 278 203 37 0 0.57554 0 0 0 0 0 0 0 0 0 0 0 0 0 0 0 0 0 0 0.125 0 0 0.25 0 0.125 0.25 0.25 0 0 0 0 0 0 0 

320 307 218 37 0 0.521173 0 0 0 0 0 0 0 0 0 0 0 0 0 0 0 0 0 0 0 0.111111 0.222222 0.111111 0 0.333333 0 0.222222 0 0 0 0 0 0 0 

320 303 222 37 0 0.528053 0 0 0 0 0 0 0 0 0 0 0 0 0 0 0 0 0 0 0 0 0 0.111111 0.222222 0.444444 0 0.222222 0 0 0 0 0 0 0 

256 239 177 37 0 0.669456 0 0 0 0 0 0 0 0 0 0 0 0 0 0 0 0 0 0 0 0 0.142857 0.142857 0 0 0.571429 0.142857 0 0 0 0 0 0 0 

256 242 181 37 0 0.661157 0 0 0 0 0 0 0 0 0 0 0 0 0 0 0 0 0 0 0 0 0.142857 0.142857 0.142857 0 0.285714 0.142857 0 0.142857 0 0 0 0 0 

288 274 202 37 0 0.583942 0 0 0 0 0 0 0 0 0 0 0 0 0 0 0 0 0 0 0 0 0.125 0 0.125 0.375 0.25 0.125 0 0 0 0 0 0 0 

256 238 183 37 0 0.672269 0 0 0 0 0 0 0 0 0 0 0 0 0 0 0 0 0 0 0 0 0 0 0.142857 0.142857 0.428571 0 0.285714 0 0 0 0 0 0 

288 273 201 37 0 0.586081 0 0 0 0 0 0 0 0 0 0 0 0 0 0 0 0 0 0 0 0 0 0.125 0.25 0.125 0.5 0 0 0 0 0 0 0 0 

320 309 233 37 0 0.517799 0 0 0 0 0 0 0 0 0 0 0 0 0 0 0 0 0 0 0 0 0 0.111111 0.111111 0.111111 0.555556 0 0.111111 0 0 0 0 0 0 

288 273 207 37 0 0.586081 0 0 0 0 0 0 0 0 0 0 0 0 0 0 0 0 0 0 0 0 0 0.125 0 0.25 0.25 0.375 0 0 0 0 0 0 0 

256 235 181 37 0 0.680851 0 0 0 0 0 0 0 0 0 0 0 0 0 0 0 0 0 0 0 0 0 0 0 0.142857 0.571429 0.142857 0.142857 0 0 0 0 0 0 

288 276 203 37 0 0.57971 0 0 0 0 0 0 0 0 0 0 0 0 0 0 0 0 0 0 0 0 0.125 0.125 0 0.375 0.25 0.125 0 0 0 0 0 0 0 

288 266 195 37 0 0.601504 0 0 0 0 0 0 0 0 0 0 0 0 0 0 0 0 0 0 0 0 0 0 0.25 0.375 0.375 0 0 0 0 0 0 0 0 

320 297 207 37 0 0.538721 0 0 0 0 0 0 0 0 0 0 0 0 0 0 0 0 0 0 0 0 0.222222 0.222222 0.111111 0.222222 0.222222 0 0 0 0 0 0 0 0 

288 271 209 37 0 0.590406 0 0 0 0 0 0 0 0 0 0 0 0 0 0 0 0 0 0 0 0 0 0 0.125 0.125 0.375 0.125 0.25 0 0 0 0 0 0 

256 246 185 37 0 0.650406 0 0 0 0 0 0 0 0 0 0 0 0 0 0 0 0 0 0 0 0 0 0.142857 0.142857 0.428571 0 0.142857 0.142857 0 0 0 0 0 0 

288 276 202 37 0 0.57971 0 0 0 0 0 0 0 0 0 0 0 0 0 0 0 0 0 0 0 0 0 0.25 0.125 0.25 0.375 0 0 0 0 0 0 0 0 

288 275 205 37 0 0.581818 0 0 0 0 0 0 0 0 0 0 0 0 0 0 0 0 0 0 0 0 0 0.125 0.125 0.25 0.375 0.125 0 0 0 0 0 0 0 

288 280 208 37 0 0.571429 0 0 0 0 0 0 0 0 0 0 0 0 0 0 0 0 0 0 0 0.125 0.125 0 0.125 0.25 0 0.125 0.25 0 0 0 0 0 0 

288 271 198 37 0 0.590406 0 0 0 0 0 0 0 0 0 0 0 0 0 0 0 0 0 0 0 0.125 0 0 0.125 0.375 0.25 0.125 0 0 0 0 0 0 0 

256 240 182 37 0 0.666667 0 0 0 0 0 0 0 0 0 0 0 0 0 0 0 0 0 0 0 0 0 0.142857 0 0.285714 0.285714 0.142857 0.142857 0 0 0 0 0 0 

288 276 213 37 0 0.57971 0 0 0 0 0 0 0 0 0 0 0 0 0 0 0 0 0 0 0 0 0 0 0.125 0.25 0.125 0.375 0.125 0 0 0 0 0 0 

256 240 179 37 0 0.666667 0 0 0 0 0 0 0 0 0 0 0 0 0 0 0 0 0 0 0 0 0 0.285714 0.142857 0 0.285714 0.142857 0.142857 0 0 0 0 0 0 

288 276 211 37 0 0.57971 0 0 0 0 0 0 0 0 0 0 0 0 0 0 0 0 0 0 0 0 0 0 0.125 0.25 0.25 0.375 0 0 0 0 0 0 0 

256 239 186 37 0 0.669456 0 0 0 0 0 0 0 0 0 0 0 0 0 0 0 0 0 0 0 0 0 0.142857 0 0.285714 0 0.142857 0.285714 0.142857 0 0 0 0 0 

256 238 172 37 0 0.672269 0 0 0 0 0 0 0 0 0 0 0 0 0 0 0 0 0 0 0 0.142857 0 0.142857 0.142857 0.285714 0.142857 0 0.142857 0 0 0 0 0 0 

256 239 180 37 0 0.669456 0 0 0 0 0 0 0 0 0 0 0 0 0 0 0 0 0 0 0 0 0 0.285714 0 0.285714 0.142857 0 0.142857 0.142857 0 0 0 0 0 

256 246 182 37 0 0.650406 0 0 0 0 0 0 0 0 0 0 0 0 0 0 0 0 0 0 0 0.142857 0 0 0.142857 0.285714 0.285714 0.142857 0 0 0 0 0 0 0 

288 278 210 37 0 0.57554 0 0 0 0 0 0 0 0 0 0 0 0 0 0 0 0 0 0 0 0 0 0.25 0.125 0.125 0.125 0.125 0.25 0 0 0 0 0 0 

288 272 205 37 0 0.588235 0 0 0 0 0 0 0 0 0 0 0 0 0 0 0 0 0 0 0 0 0 0 0.125 0.5 0 0.375 0 0 0 0 0 0 0 

288 273 202 37 0 0.586081 0 0 0 0 0 0 0 0 0 0 0 0 0 0 0 0 0 0 0 0 0 0.25 0.125 0 0.5 0.125 0 0 0 0 0 0 0 

288 270 204 37 0 0.592593 0 0 0 0 0 0 0 0 0 0 0 0 0 0 0 0 0 0 0 0 0 0.125 0 0.5 0.125 0 0.125 0.125 0 0 0 0 0 

320 299 221 37 0 0.535117 0 0 0 0 0 0 0 0 0 0 0 0 0 0 0 0 0 0 0 0.111111 0 0 0.333333 0 0.222222 0.111111 0.222222 0 0 0 0 0 0 

256 244 186 37 0 0.655738 0 0 0 0 0 0 0 0 0 0 0 0 0 0 0 0 0 0 0 0 0 0 0.285714 0.285714 0 0.285714 0.142857 0 0 0 0 0 0 

288 280 217 37 0 0.571429 0 0 0 0 0 0 0 0 0 0 0 0 0 0 0 0 0 0 0 0 0 0 0.25 0.25 0 0.125 0.375 0 0 0 0 0 0 

288 277 204 37 0 0.577617 0 0 0 0 0 0 0 0 0 0 0 0 0 0 0 0 0 0 0 0 0.125 0.125 0.25 0 0.375 0 0.125 0 0 0 0 0 0 

256 245 187 37 0 0.653061 0 0 0 0 0 0 0 0 0 0 0 0 0 0 0 0 0 0 0 0 0 0.142857 0 0.142857 0.428571 0.285714 0 0 0 0 0 0 0 

256 244 182 37 0 0.655738 0 0 0 0 0 0 0 0 0 0 0 0 0 0 0 0 0 0 0 0 0.142857 0 0.142857 0.285714 0.142857 0.285714 0 0 0 0 0 0 0 

288 269 200 37 0 0.594796 0 0 0 0 0 0 0 0 0 0 0 0 0 0 0 0 0 0 0 0 0 0 0.25 0.25 0.375 0.125 0 0 0 0 0 0 0 

288 274 202 37 0 0.583942 0 0 0 0 0 0 0 0 0 0 0 0 0 0 0 0 0 0 0 0.125 0 0.125 0 0.375 0.125 0.125 0.125 0 0 0 0 0 0 

256 237 181 37 0 0.675106 0 0 0 0 0 0 0 0 0 0 0 0 0 0 0 0 0 0 0 0 0 0.142857 0.142857 0.142857 0.142857 0.142857 0.142857 0.142857 0 0 0 0 0 

256 242 179 37 0 0.661157 0 0 0 0 0 0 0 0 0 0 0 0 0 0 0 0 0 0 0 0 0.142857 0 0.428571 0 0.142857 0.142857 0.142857 0 0 0 0 0 0 

288 273 207 37 0 0.586081 0 0 0 0 0 0 0 0 0 0 0 0 0 0 0 0 0 0 0 0 0 0.125 0 0.25 0.375 0.125 0.125 0 0 0 0 0 0 

288 265 194 37 0 0.603774 0 0 0 0 0 0 0 0 0 0 0 0 0 0 0 0 0 0 0 0 0.125 0.125 0 0.25 0.25 0.25 0 0 0 0 0 0 0 

288 274 201 37 0 0.583942 0 0 0 0 0 0 0 0 0 0 0 0 0 0 0 0 0 0 0 0 0 0.125 0.375 0.125 0.25 0.125 0 0 0 0 0 0 0 

288 268 191 37 0 0.597015 0 0 0 0 0 0 0 0 0 0 0 0 0 0 0 0 0 0 0 0 0.125 0.125 0.375 0.125 0.125 0.125 0 0 0 0 0 0 0 

288 276 209 37 0 0.57971 0 0 0 0 0 0 0 0 0 0 0 0 0 0 0 0 0 0 0 0 0 0.125 0.125 0.125 0.25 0.375 0 0 0 0 0 0 0 

256 243 189 37 0 0.658436 0 0 0 0 0 0 0 0 0 0 0 0 0 0 0 0 0 0 0 0 0 0 0.285714 0.142857 0 0.285714 0.142857 0.142857 0 0 0 0 0 

416 406 296 37 0 0.394089 0 0 0 0 0 0 0 0 0 0 0 0 0 0 0 0 0 0.0833333 0 0 0.0833333 0 0.166667 0.25 0.25 0 0.166667 0 0 0 0 0 0 

256 240 176 37 0 0.666667 0 0 0 0 0 0 0 0 0 0 0 0 0 0 0 0 0 0 0 0 0.142857 0.142857 0.142857 0.142857 0.142857 0.285714 0 0 0 0 0 0 0 

288 277 202 37 0 0.577617 0 0 0 0 0 0 0 0 0 0 0 0 0 0 0 0 0 0 0 0 0.125 0.125 0 0.625 0 0.125 0 0 0 0 0 0 0 

256 245 189 37 0 0.653061 0 0 0 0 0 0 0 0 0 0 0 0 0 0 0 0 0 0 0 0 0 0 0.142857 0.285714 0.285714 0 0.285714 0 0 0 0 0 0 

288 278 208 37 0 0.57554 0 0 0 0 0 0 0 0 0 0 0 0 0 0 0 0 0 0 0 0 0 0.125 0.25 0.25 0.125 0.125 0.125 0 0 0 0 0 0 

256 242 184 37 0 0.661157 0 0 0 0 0 0 0 0 0 0 0 0 0 0 0 0 0 0 0 0 0 0.142857 0 0.142857 0.428571 0.285714 0 0 0 0 0 0 0 

288 278 205 37 0 0.57554 0 0 0 0 0 0 0 0 0 0 0 0 0 0 0 0 0 0.125 0 0 0 0.125 0 0.25 0.25 0.125 0.125 0 0 0 0 0 0 

288 276 202 37 0 0.57971 0 0 0 0 0 0 0 0 0 0 0 0 0 0 0 0 0 0 0 0 0 0.5 0 0 0.375 0 0.125 0 0 0 0 0 0 

288 278 204 37 0 0.57554 0 0 0 0 0 0 0 0 0 0 0 0 0 0 0 0 0 0 0 0 0 0.125 0.375 0.125 0.375 0 0 0 0 0 0 0 0 

320 310 227 37 0 0.516129 0 0 0 0 0 0 0 0 0 0 0 0 0 0 0 0 0 0 0 0.111111 0 0 0.444444 0 0.222222 0.222222 0 0 0 0 0 0 0 

288 277 201 37 0 0.577617 0 0 0 0 0 0 0 0 0 0 0 0 0 0 0 0 0 0 0 0.25 0 0 0.125 0.125 0.375 0.125 0 0 0 0 0 0 0 

288 268 190 37 0 0.597015 0 0 0 0 0 0 0 0 0 0 0 0 0 0 0 0 0 0.125 0 0 0.125 0 0.125 0.25 0.25 0.125 0 0 0 0 0 0 0 

288 279 215 37 0 0.573477 0 0 0 0 0 0 0 0 0 0 0 0 0 0 0 0 0 0 0 0 0 0 0.125 0.25 0.375 0 0.25 0 0 0 0 0 0 

256 242 181 37 0 0.661157 0 0 0 0 0 0 0 0 0 0 0 0 0 0 0 0 0 0 0 0 0 0.142857 0 0.428571 0.285714 0.142857 0 0 0 0 0 0 0 

320 304 217 37 0 0.526316 0 0 0 0 0 0 0 0 0 0 0 0 0 0 0 0 0 0.111111 0 0 0 0.222222 0 0.333333 0.222222 0.111111 0 0 0 0 0 0 0 

288 275 210 37 0 0.581818 0 0 0 0 0 0 0 0 0 0 0 0 0 0 0 0 0 0 0 0 0 0 0.125 0.25 0.375 0.125 0.125 0 0 0 0 0 0 

288 272 202 37 0 0.588235 0 0 0 0 0 0 0 0 0 0 0 0 0 0 0 0 0 0 0 0 0 0.125 0.125 0.375 0.125 0.25 0 0 0 0 0 0 0 

288 276 211 37 0 0.57971 0 0 0 0 0 0 0 0 0 0 0 0 0 0 0 0 0 0 0 0 0 0.125 0.125 0.125 0.25 0.125 0.25 0 0 0 0 0 0 

288 275 203 37 0 0.581818 0 0 0 0 0 0 0 0 0 0 0 0 0 0 0 0 0 0 0 0 0 0.125 0.25 0.25 0.25 0.125 0 0 0 0 0 0 0 

288 270 187 37 0 0.592593 0 0 0 0 0 0 0 0 0 0 0 0 0 0 0 0 0 0 0.125 0.125 0 0 0.375 0.25 0.125 0 0 0 0 0 0 0 0 

288 268 196 37 0 0.597015 0 0 0 0 0 0 0 0 0 0 0 0 0 0 0 0 0 0 0 0 0 0.25 0.125 0.25 0.125 0.25 0 0 0 0 0 0 0 

288 273 206 37 0 0.586081 0 0 0 0 0 0 0 0 0 0 0 0 0 0 0 0 0 0 0 0 0 0 0.25 0.25 0.125 0.375 0 0 0 0 0 0 0 

288 279 211 37 0 0.573477 0 0 0 0 0 0 0 0 0 0 0 0 0 0 0 0 0 0 0 0 0.125 0 0.125 0.375 0.125 0 0.125 0.125 0 0 0 0 0 

288 268 199 37 0 0.597015 0 0 0 0 0 0 0 0 0 0 0 0 0 0 0 0 0 0 0 0 0 0 0.25 0.25 0.375 0.125 0 0 0 0 0 0 0 

288 267 200 37 0 0.599251 0 0 0 0 0 0 0 0 0 0 0 0 0 0 0 0 0 0 0 0 0 0 0.25 0.25 0.25 0.125 0.125 0 0 0 0 0 0 

288 272 206 37 0 0.588235 0 0 0 0 0 0 0 0 0 0 0 0 0 0 0 0 0 0 0 0 0 0 0 0.625 0.125 0.125 0.125 0 0 0 0 0 0 

288 274 210 37 0 0.583942 0 0 0 0 0 0 0 0 0 0 0 0 0 0 0 0 0 0 0 0 0 0 0 0.375 0.375 0.125 0.125 0 0 0 0 0 0 

288 270 201 37 0 0.592593 0 0 0 0 0 0 0 0 0 0 0 0 0 0 0 0 0 0 0 0.125 0 0 0 0.375 0.25 0.125 0.125 0 0 0 0 0 0 

288 280 206 37 0 0.571429 0 0 0 0 0 0 0 0 0 0 0 0 0 0 0 0 0 0 0 0.125 0 0.125 0 0.375 0.25 0.125 0 0 0 0 0 0 0 

320 296 211 37 0 0.540541 0 0 0 0 0 0 0 0 0 0 0 0 0 0 0 0 0 0 0 0 0.111111 0.111111 0.444444 0 0.222222 0 0.111111 0 0 0 0 0 0 

256 240 188 37 0 0.666667 0 0 0 0 0 0 0 0 0 0 0 0 0 0 0 0 0 0 0 0 0 0 0.142857 0.142857 0 0.428571 0.285714 0 0 0 0 0 0 

320 303 212 37 0 0.528053 0 0 0 0 0 0 0 0 0 0 0 0 0 0 0 0 0 0 0.111111 0 0.111111 0.111111 0.444444 0 0 0.222222 0 0 0 0 0 0 0 

288 275 210 37 0 0.581818 0 0 0 0 0 0 0 0 0 0 0 0 0 0 0 0 0 0 0 0 0 0 0.125 0.25 0.375 0.125 0.125 0 0 0 0 0 0 

288 269 204 37 0 0.594796 0 0 0 0 0 0 0 0 0 0 0 0 0 0 0 0 0 0 0 0 0 0.125 0 0.125 0.375 0.375 0 0 0 0 0 0 0 

256 241 182 37 0 0.6639 0 0 0 0 0 0 0 0 0 0 0 0 0 0 0 0 0 0 0 0 0 0.285714 0.142857 0 0.142857 0.142857 0.285714 0 0 0 0 0 0 

256 239 173 37 0 0.669456 0 0 0 0 0 0 0 0 0 0 0 0 0 0 0 0 0 0 0 0 0 0.285714 0.142857 0.428571 0 0.142857 0 0 0 0 0 0 0 

288 273 211 37 0 0.586081 0 0 0 0 0 0 0 0 0 0 0 0 0 0 0 0 0 0 0 0 0 0 0.125 0.125 0.375 0.125 0.25 0 0 0 0 0 0 

256 243 185 37 0 0.658436 0 0 0 0 0 0 0 0 0 0 0 0 0 0 0 0 0 0 0 0 0 0 0.142857 0.428571 0.285714 0 0 0.142857 0 0 0 0 0 

288 272 203 37 0 0.588235 0 0 0 0 0 0 0 0 0 0 0 0 0 0 0 0 0 0 0 0 0 0.125 0.125 0.25 0.25 0.25 0 0 0 0 0 0 0 

288 275 202 37 0 0.581818 0 0 0 0 0 0 0 0 0 0 0 0 0 0 0 0 0 0 0 0 0 0.375 0.125 0 0.25 0.25 0 0 0 0 0 0 0 

320 299 207 37 0 0.535117 0 0 0 0 0 0 0 0 0 0 0 0 0 0 0 0 0 0 0.111111 0 0 0.222222 0.333333 0.222222 0.111111 0 0 0 0 0 0 0 0 

