1056 1047 752 75 0 0.61127 0 0 0 0 0 0 0 0 0 0 0 0 0 0 0 0 0 0 0 0 0.0625 0.15625 0.28125 0.1875 0.1875 0.0625 0.03125 0 0.03125 0 0 0 0 

928 918 677 75 0 0.697168 0 0 0 0 0 0 0 0 0 0 0 0 0 0 0 0 0 0 0 0 0.0357143 0.0714286 0.214286 0.178571 0.178571 0.285714 0.0357143 0 0 0 0 0 0 

896 883 642 68 0 0.724802 0 0 0 0 0 0 0 0 0 0 0 0 0 0 0 0 0 0 0.037037 0.037037 0 0 0.259259 0.185185 0.333333 0.111111 0.037037 0 0 0 0 0 0 

896 882 664 75 0 0.725624 0 0 0 0 0 0 0 0 0 0 0 0 0 0 0 0 0 0 0 0 0 0.037037 0.111111 0.296296 0.259259 0.111111 0.111111 0.0740741 0 0 0 0 0 

960 933 678 75 0 0.685959 0 0 0 0 0 0 0 0 0 0 0 0 0 0 0 0 0 0 0 0 0 0.172414 0.137931 0.241379 0.241379 0.172414 0.0344828 0 0 0 0 0 0 

992 969 701 75 0 0.660475 0 0 0 0 0 0 0 0 0 0 0 0 0 0 0 0 0.0333333 0 0 0 0.0333333 0.0333333 0.3 0.2 0.166667 0.133333 0.0666667 0.0333333 0 0 0 0 0 

896 882 641 62 0 0.725624 0 0 0 0 0 0 0 0 0 0 0 0 0 0 0 0 0 0 0 0 0 0.185185 0.333333 0 0.222222 0.222222 0.037037 0 0 0 0 0 0 

1120 1097 814 75 0 0.583409 0 0 0 0 0 0 0 0 0 0 0 0 0 0 0 0 0 0 0.0294118 0 0 0.0882353 0.0588235 0.264706 0.264706 0.147059 0.0882353 0.0588235 0 0 0 0 0 

1024 999 732 75 0 0.640641 0 0 0 0 0 0 0 0 0 0 0 0 0 0 0 0 0 0 0 0 0 0.0967742 0.193548 0.354839 0.0967742 0.193548 0 0.0322581 0.0322581 0 0 0 0 

960 937 683 75 0 0.683031 0 0 0 0 0 0 0 0 0 0 0 0 0 0 0 0 0 0 0 0 0.103448 0.103448 0.103448 0.241379 0.172414 0.172414 0.0689655 0.0344828 0 0 0 0 0 

896 885 642 75 0 0.723164 0 0 0 0 0 0 0 0 0 0 0 0 0 0 0 0 0 0 0.037037 0 0 0.148148 0.148148 0.259259 0.222222 0.148148 0.037037 0 0 0 0 0 0 

896 878 642 74 0 0.728929 0 0 0 0 0 0 0 0 0 0 0 0 0 0 0 0 0 0 0 0.037037 0 0.037037 0.222222 0.259259 0.222222 0.185185 0.037037 0 0 0 0 0 0 

1024 1016 739 75 0 0.629921 0 0 0 0 0 0 0 0 0 0 0 0 0 0 0 0 0 0 0 0 0 0.225806 0.225806 0.0967742 0.193548 0.225806 0.0322581 0 0 0 0 0 0 

896 882 642 73 0 0.725624 0 0 0 0 0 0 0 0 0 0 0 0 0 0 0 0 0 0 0 0 0.037037 0.111111 0.185185 0.259259 0.296296 0.037037 0.037037 0.037037 0 0 0 0 0 

896 876 650 75 0 0.730594 0 0 0 0 0 0 0 0 0 0 0 0 0 0 0 0 0 0 0 0 0 0.037037 0.148148 0.185185 0.444444 0.148148 0.037037 0 0 0 0 0 0 

928 915 669 75 0 0.699454 0 0 0 0 0 0 0 0 0 0 0 0 0 0 0 0 0 0 0.0357143 0 0.0714286 0.0357143 0.107143 0.285714 0.214286 0.178571 0.0714286 0 0 0 0 0 0 

1088 1063 767 75 0 0.60207 0 0 0 0 0 0 0 0 0 0 0 0 0 0 0 0 0 0 0 0 0.030303 0.121212 0.181818 0.30303 0.212121 0.121212 0.030303 0 0 0 0 0 0 

1120 1096 788 75 0 0.583942 0 0 0 0 0 0 0 0 0 0 0 0 0 0 0 0 0 0 0 0.0294118 0.0882353 0.147059 0.0882353 0.264706 0.205882 0.0882353 0.0294118 0.0588235 0 0 0 0 0 

928 903 662 75 0 0.708749 0 0 0 0 0 0 0 0 0 0 0 0 0 0 0 0 0 0 0 0.0357143 0.0714286 0.0714286 0.142857 0.142857 0.25 0.107143 0.142857 0.0357143 0 0 0 0 0 

1056 1032 748 75 0 0.620155 0 0 0 0 0 0 0 0 0 0 0 0 0 0 0 0 0 0 0 0 0.125 0.0625 0.1875 0.15625 0.1875 0.21875 0.0625 0 0 0 0 0 0 

864 850 642 70 0 0.752941 0 0 0 0 0 0 0 0 0 0 0 0 0 0 0 0 0 0 0 0 0 0.0384615 0.115385 0.192308 0.307692 0.230769 0.0384615 0.0769231 0 0 0 0 0 

928 915 683 75 0 0.699454 0 0 0 0 0 0 0 0 0 0 0 0 0 0 0 0 0 0 0.0357143 0 0 0 0.142857 0.321429 0.142857 0.214286 0.107143 0.0357143 0 0 0 0 0 

928 906 656 75 0 0.706402 0 0 0 0 0 0 0 0 0 0 0 0 0 0 0 0 0 0 0 0 0.0714286 0.178571 0.178571 0.142857 0.178571 0.107143 0.142857 0 0 0 0 0 0 

1088 1063 773 75 0 0.60207 0 0 0 0 0 0 0 0 0 0 0 0 0 0 0 0 0 0 0 0 0.0909091 0.121212 0.0909091 0.212121 0.272727 0.121212 0.0606061 0.030303 0 0 0 0 0 

928 909 669 75 0 0.70407 0 0 0 0 0 0 0 0 0 0 0 0 0 0 0 0 0 0 0 0.0357143 0 0.107143 0.107143 0.142857 0.392857 0.142857 0.0714286 0 0 0 0 0 0 

896 877 641 58 0 0.729761 0 0 0 0 0 0 0 0 0 0 0 0 0 0 0 0 0 0 0 0 0.037037 0.037037 0.296296 0.259259 0.185185 0.037037 0.111111 0.037037 0 0 0 0 0 

1024 1004 717 75 0 0.63745 0 0 0 0 0 0 0 0 0 0 0 0 0 0 0 0 0 0 0 0.0645161 0.0645161 0.0967742 0.193548 0.225806 0.193548 0.0967742 0.0645161 0 0 0 0 0 0 

992 968 706 75 0 0.661157 0 0 0 0 0 0 0 0 0 0 0 0 0 0 0 0 0 0 0 0 0.0333333 0.1 0.2 0.266667 0.166667 0.133333 0.0666667 0.0333333 0 0 0 0 0 

960 949 691 75 0 0.674394 0 0 0 0 0 0 0 0 0 0 0 0 0 0 0 0 0 0 0 0.0344828 0.0689655 0.137931 0.103448 0.172414 0.206897 0.206897 0.0689655 0 0 0 0 0 0 

960 948 679 75 0 0.675106 0 0 0 0 0 0 0 0 0 0 0 0 0 0 0 0 0 0 0 0 0.0689655 0.206897 0.241379 0.206897 0 0.241379 0.0344828 0 0 0 0 0 0 

1088 1061 780 75 0 0.603205 0 0 0 0 0 0 0 0 0 0 0 0 0 0 0 0 0 0.030303 0 0 0.0606061 0.0606061 0.151515 0.151515 0.151515 0.242424 0.121212 0.030303 0 0 0 0 0 

928 908 642 68 0 0.704846 0 0 0 0 0 0 0 0 0 0 0 0 0 0 0.0357143 0 0 0 0 0 0.0357143 0.0714286 0.357143 0.214286 0.178571 0.0714286 0.0357143 0 0 0 0 0 0 

992 966 695 75 0 0.662526 0 0 0 0 0 0 0 0 0 0 0 0 0 0 0 0 0 0 0 0 0.0333333 0.1 0.233333 0.266667 0.266667 0.0666667 0.0333333 0 0 0 0 0 0 

864 853 642 73 0 0.750293 0 0 0 0 0 0 0 0 0 0 0 0 0 0 0 0 0 0 0 0.0384615 0 0.0384615 0.153846 0.115385 0.115385 0.461538 0.0769231 0 0 0 0 0 0 

992 970 697 75 0 0.659794 0 0 0 0 0 0 0 0 0 0 0 0 0 0 0 0 0 0 0 0.0333333 0 0.0333333 0.366667 0.366667 0.0666667 0.0666667 0.0333333 0 0.0333333 0 0 0 0 

896 879 641 52 0 0.7281 0 0 0 0 0 0 0 0 0 0 0 0 0 0 0 0 0 0 0 0 0 0.148148 0.148148 0.333333 0.185185 0.111111 0.0740741 0 0 0 0 0 0 

1024 1001 736 75 0 0.639361 0 0 0 0 0 0 0 0 0 0 0 0 0 0 0 0 0 0 0 0 0.129032 0.0645161 0.0967742 0.225806 0.129032 0.225806 0.0645161 0.0322581 0.0322581 0 0 0 0 

928 913 670 75 0 0.700986 0 0 0 0 0 0 0 0 0 0 0 0 0 0 0 0 0 0 0 0 0.0714286 0.142857 0.0714286 0.214286 0.214286 0.178571 0.107143 0 0 0 0 0 0 

960 935 681 75 0 0.684492 0 0 0 0 0 0 0 0 0 0 0 0 0 0 0 0 0 0 0 0.0344828 0.0344828 0.0344828 0.241379 0.206897 0.206897 0.137931 0.103448 0 0 0 0 0 0 

1024 997 725 75 0 0.641926 0 0 0 0 0 0 0 0 0 0 0 0 0 0 0 0 0 0 0 0.0645161 0.0322581 0.0645161 0.0967742 0.258065 0.258065 0.129032 0.0967742 0 0 0 0 0 0 

928 906 656 75 0 0.706402 0 0 0 0 0 0 0 0 0 0 0 0 0 0 0 0 0 0 0 0 0.0357143 0.107143 0.178571 0.178571 0.464286 0 0.0357143 0 0 0 0 0 0 

1056 1042 769 75 0 0.614203 0 0 0 0 0 0 0 0 0 0 0 0 0 0 0 0 0 0 0 0.03125 0.03125 0.0625 0.125 0.21875 0.25 0.1875 0.0625 0.03125 0 0 0 0 0 

928 905 663 75 0 0.707182 0 0 0 0 0 0 0 0 0 0 0 0 0 0 0 0 0 0 0 0 0.0357143 0.107143 0.142857 0.142857 0.392857 0.142857 0 0.0357143 0 0 0 0 0 

960 942 678 75 0 0.679406 0 0 0 0 0 0 0 0 0 0 0 0 0 0 0 0 0 0 0 0 0.0689655 0.103448 0.137931 0.310345 0.344828 0 0.0344828 0 0 0 0 0 0 

1024 1000 718 75 0 0.64 0 0 0 0 0 0 0 0 0 0 0 0 0 0 0 0 0 0 0.0322581 0 0.0322581 0.129032 0.290323 0.0322581 0.322581 0.0967742 0.0645161 0 0 0 0 0 0 

896 884 641 65 0 0.723982 0 0 0 0 0 0 0 0 0 0 0 0 0 0 0 0 0 0 0.037037 0 0.0740741 0.148148 0.0740741 0.296296 0.037037 0.296296 0 0.037037 0 0 0 0 0 

928 911 673 75 0 0.702525 0 0 0 0 0 0 0 0 0 0 0 0 0 0 0 0 0 0 0 0 0.107143 0.0714286 0.142857 0.107143 0.214286 0.214286 0.107143 0.0357143 0 0 0 0 0 

1056 1040 744 75 0 0.615385 0 0 0 0 0 0 0 0 0 0 0 0 0 0 0 0 0 0 0 0.0625 0.03125 0.125 0.25 0.15625 0.1875 0.15625 0.03125 0 0 0 0 0 0 

1024 1006 728 75 0 0.636183 0 0 0 0 0 0 0 0 0 0 0 0 0 0 0 0 0 0.0322581 0.0322581 0 0.0645161 0.0967742 0.129032 0.129032 0.225806 0.193548 0.0967742 0 0 0 0 0 0 

1024 1002 734 75 0 0.638723 0 0 0 0 0 0 0 0 0 0 0 0 0 0 0 0 0 0 0 0 0.0645161 0.0645161 0.193548 0.225806 0.16129 0.16129 0.129032 0 0 0 0 0 0 

896 867 641 57 0 0.738178 0 0 0 0 0 0 0 0 0 0 0 0 0 0 0 0 0 0 0 0 0.037037 0.037037 0.222222 0.185185 0.148148 0.296296 0 0.0740741 0 0 0 0 0 

992 974 707 75 0 0.657084 0 0 0 0 0 0 0 0 0 0 0 0 0 0 0 0 0 0 0 0 0.0333333 0.0333333 0.333333 0.266667 0.166667 0.1 0.0333333 0.0333333 0 0 0 0 0 

896 884 642 68 0 0.723982 0 0 0 0 0 0 0 0 0 0 0 0 0 0 0 0 0.037037 0 0 0 0 0.037037 0.222222 0.259259 0.333333 0.0740741 0.037037 0 0 0 0 0 0 

1056 1036 742 75 0 0.617761 0 0 0 0 0 0 0 0 0 0 0 0 0 0 0 0 0 0 0.03125 0 0.03125 0.15625 0.15625 0.28125 0.1875 0.125 0.03125 0 0 0 0 0 0 

896 868 641 61 0 0.737327 0 0 0 0 0 0 0 0 0 0 0 0 0 0 0 0 0 0 0.037037 0 0.037037 0.037037 0.148148 0.111111 0.296296 0.222222 0.0740741 0.037037 0 0 0 0 0 

992 983 728 75 0 0.651068 0 0 0 0 0 0 0 0 0 0 0 0 0 0 0 0 0 0 0 0.0333333 0 0.1 0.133333 0.233333 0.166667 0.233333 0.0666667 0.0333333 0 0 0 0 0 

896 870 642 68 0 0.735632 0 0 0 0 0 0 0 0 0 0 0 0 0 0 0 0 0 0 0 0 0 0.111111 0.111111 0.222222 0.296296 0.185185 0.0740741 0 0 0 0 0 0 

1024 995 731 75 0 0.643216 0 0 0 0 0 0 0 0 0 0 0 0 0 0 0 0 0 0 0 0.0322581 0 0.0645161 0.225806 0.0967742 0.322581 0.129032 0.129032 0 0 0 0 0 0 

896 883 642 72 0 0.724802 0 0 0 0 0 0 0 0 0 0 0 0 0 0 0 0 0 0 0 0 0.0740741 0.037037 0.333333 0.148148 0.185185 0.185185 0 0.037037 0 0 0 0 0 

992 967 701 75 0 0.661841 0 0 0 0 0 0 0 0 0 0 0 0 0 0 0 0 0 0 0 0 0.0666667 0.1 0.166667 0.3 0.2 0.0666667 0.0333333 0.0666667 0 0 0 0 0 

896 872 642 73 0 0.733945 0 0 0 0 0 0 0 0 0 0 0 0 0 0 0 0 0 0 0 0 0.037037 0.037037 0.185185 0.222222 0.259259 0.185185 0.0740741 0 0 0 0 0 0 

928 900 665 75 0 0.711111 0 0 0 0 0 0 0 0 0 0 0 0 0 0 0 0 0 0 0 0 0.0714286 0.0357143 0.107143 0.178571 0.321429 0.178571 0.107143 0 0 0 0 0 0 

1056 1041 760 75 0 0.614793 0 0 0 0 0 0 0 0 0 0 0 0 0 0 0 0 0 0 0.03125 0 0.0625 0.0625 0.125 0.1875 0.40625 0 0.09375 0.03125 0 0 0 0 0 

896 885 641 62 0 0.723164 0 0 0 0 0 0 0 0 0 0 0 0 0 0 0 0 0 0 0 0 0.037037 0.111111 0.296296 0.222222 0.148148 0.148148 0 0.037037 0 0 0 0 0 

928 904 676 75 0 0.707965 0 0 0 0 0 0 0 0 0 0 0 0 0 0 0 0 0 0 0 0 0 0.0357143 0.142857 0.214286 0.285714 0.214286 0.0714286 0.0357143 0 0 0 0 0 

896 889 641 74 0 0.71991 0 0 0 0 0 0 0 0 0 0 0 0 0 0 0 0 0 0 0 0 0.0740741 0.185185 0.185185 0.222222 0.148148 0.0740741 0.111111 0 0 0 0 0 0 

960 931 671 75 0 0.687433 0 0 0 0 0 0 0 0 0 0 0 0 0 0 0 0 0 0 0.0344828 0.0344828 0.0344828 0.0689655 0.206897 0.172414 0.172414 0.206897 0.0689655 0 0 0 0 0 0 

960 938 675 75 0 0.682303 0 0 0 0 0 0 0 0 0 0 0 0 0 0 0 0 0 0 0 0.0344828 0.0689655 0.103448 0.206897 0.172414 0.172414 0.206897 0.0344828 0 0 0 0 0 0 

1024 1006 733 75 0 0.636183 0 0 0 0 0 0 0 0 0 0 0 0 0 0 0 0 0 0 0 0 0.0322581 0.0967742 0.16129 0.225806 0.322581 0.16129 0 0 0 0 0 0 0 

896 884 648 75 0 0.723982 0 0 0 0 0 0 0 0 0 0 0 0 0 0 0 0 0 0 0 0 0.0740741 0.037037 0.259259 0.111111 0.333333 0.111111 0.037037 0.037037 0 0 0 0 0 

960 945 681 75 0 0.677249 0 0 0 0 0 0 0 0 0 0 0 0 0 0 0 0 0 0 0 0 0.0689655 0.0344828 0.310345 0.241379 0.241379 0.0689655 0.0344828 0 0 0 0 0 0 

896 876 642 68 0 0.730594 0 0 0 0 0 0 0 0 0 0 0 0 0 0 0 0 0 0 0 0.0740741 0.037037 0.037037 0.0740741 0.259259 0.185185 0.296296 0.037037 0 0 0 0 0 0 

992 980 724 75 0 0.653061 0 0 0 0 0 0 0 0 0 0 0 0 0 0 0 0 0 0 0 0 0.1 0.1 0.1 0.166667 0.2 0.2 0.0666667 0.0666667 0 0 0 0 0 

992 965 698 75 0 0.663212 0 0 0 0 0 0 0 0 0 0 0 0 0 0 0 0 0 0 0 0.0666667 0.0333333 0.0333333 0.0666667 0.366667 0.266667 0.166667 0 0 0 0 0 0 0 

896 882 642 69 0 0.725624 0 0 0 0 0 0 0 0 0 0 0 0 0 0 0 0 0 0 0 0.0740741 0.037037 0.037037 0.037037 0.407407 0.222222 0.148148 0.037037 0 0 0 0 0 0 

1024 1002 720 75 0 0.638723 0 0 0 0 0 0 0 0 0 0 0 0 0 0 0 0 0 0 0 0 0.0967742 0.0967742 0.193548 0.258065 0.16129 0.16129 0.0322581 0 0 0 0 0 0 

896 885 649 75 0 0.723164 0 0 0 0 0 0 0 0 0 0 0 0 0 0 0 0 0 0 0 0 0.037037 0.111111 0.148148 0.296296 0.185185 0.111111 0.111111 0 0 0 0 0 0 

1056 1035 761 75 0 0.618357 0 0 0 0 0 0 0 0 0 0 0 0 0 0 0 0 0 0 0 0.03125 0.0625 0.0625 0.09375 0.25 0.1875 0.1875 0.09375 0.03125 0 0 0 0 0 

1088 1072 772 75 0 0.597015 0 0 0 0 0 0 0 0 0 0 0 0 0 0 0 0 0 0 0.030303 0.030303 0.0909091 0.030303 0.30303 0.0909091 0.181818 0.151515 0.0606061 0 0.030303 0 0 0 0 

928 901 642 69 0 0.710322 0 0 0 0 0 0 0 0 0 0 0 0 0 0 0 0 0 0 0 0.0714286 0.0714286 0.178571 0.178571 0.107143 0.142857 0.142857 0.0714286 0.0357143 0 0 0 0 0 

960 943 689 75 0 0.678685 0 0 0 0 0 0 0 0 0 0 0 0 0 0 0 0 0 0 0.0344828 0 0 0.0344828 0.206897 0.241379 0.37931 0.0344828 0.0344828 0.0344828 0 0 0 0 0 

928 903 642 70 0 0.708749 0 0 0 0 0 0 0 0 0 0 0 0 0 0 0 0 0 0 0 0 0.142857 0.25 0.0357143 0.214286 0.178571 0.107143 0.0357143 0.0357143 0 0 0 0 0 

896 877 646 75 0 0.729761 0 0 0 0 0 0 0 0 0 0 0 0 0 0 0 0 0 0 0 0 0.0740741 0.0740741 0.185185 0.185185 0.148148 0.222222 0.037037 0.0740741 0 0 0 0 0 

928 907 642 67 0 0.705623 0 0 0 0 0 0 0 0 0 0 0 0 0 0 0 0 0 0.0357143 0 0 0.107143 0.178571 0.178571 0.214286 0.0714286 0.107143 0.107143 0 0 0 0 0 0 

1024 998 729 75 0 0.641283 0 0 0 0 0 0 0 0 0 0 0 0 0 0 0 0 0 0.0645161 0 0 0.0322581 0.0967742 0.0967742 0.193548 0.129032 0.193548 0.193548 0 0 0 0 0 0 

1024 1010 734 75 0 0.633663 0 0 0 0 0 0 0 0 0 0 0 0 0 0 0 0 0 0 0 0.0322581 0.0322581 0.0645161 0.258065 0.193548 0.225806 0.0967742 0.0967742 0 0 0 0 0 0 

896 878 642 75 0 0.728929 0 0 0 0 0 0 0 0 0 0 0 0 0 0 0 0 0 0 0 0 0 0.111111 0.222222 0.222222 0.222222 0.185185 0.037037 0 0 0 0 0 0 

960 946 697 75 0 0.676533 0 0 0 0 0 0 0 0 0 0 0 0 0 0 0 0 0 0 0 0.0689655 0.0344828 0.137931 0.0344828 0.206897 0.137931 0.206897 0.137931 0.0344828 0 0 0 0 0 

992 963 713 75 0 0.66459 0 0 0 0 0 0 0 0 0 0 0 0 0 0 0 0 0 0 0 0.0333333 0 0.0666667 0.1 0.133333 0.366667 0.233333 0.0666667 0 0 0 0 0 0 

896 870 641 65 0 0.735632 0 0 0 0 0 0 0 0 0 0 0 0 0 0 0 0 0 0 0 0 0.0740741 0.0740741 0.037037 0.222222 0.333333 0.222222 0 0.037037 0 0 0 0 0 

1120 1102 796 75 0 0.580762 0 0 0 0 0 0 0 0 0 0 0 0 0 0 0 0 0 0 0.0294118 0.0294118 0.0294118 0.0588235 0.205882 0.235294 0.264706 0.0882353 0 0.0588235 0 0 0 0 0 

896 877 642 66 0 0.729761 0 0 0 0 0 0 0 0 0 0 0 0 0 0 0 0 0 0 0 0 0.0740741 0.0740741 0.148148 0.222222 0.296296 0.0740741 0.0740741 0.037037 0 0 0 0 0 

992 965 700 75 0 0.663212 0 0 0 0 0 0 0 0 0 0 0 0 0 0 0 0 0 0 0 0 0.133333 0.0333333 0.233333 0.2 0.1 0.133333 0.166667 0 0 0 0 0 0 

1024 994 720 75 0 0.643863 0 0 0 0 0 0 0 0 0 0 0 0 0 0 0 0 0 0 0 0.0645161 0.0322581 0.129032 0.193548 0.16129 0.129032 0.16129 0.0322581 0.0645161 0.0322581 0 0 0 0 

960 946 675 75 0 0.676533 0 0 0 0 0 0 0 0 0 0 0 0 0 0 0 0 0 0 0 0 0.0689655 0.172414 0.241379 0.206897 0.241379 0 0.0689655 0 0 0 0 0 0 

960 942 689 75 0 0.679406 0 0 0 0 0 0 0 0 0 0 0 0 0 0 0 0 0 0 0 0 0.0344828 0.0344828 0.275862 0.206897 0.241379 0.172414 0 0.0344828 0 0 0 0 0 

896 890 641 74 0 0.719101 0 0 0 0 0 0 0 0 0 0 0 0 0 0 0 0 0 0 0 0.037037 0 0.185185 0.111111 0.296296 0.333333 0 0.037037 0 0 0 0 0 0 

928 907 660 75 0 0.705623 0 0 0 0 0 0 0 0 0 0 0 0 0 0 0 0 0 0 0 0 0 0.142857 0.142857 0.214286 0.392857 0.107143 0 0 0 0 0 0 0 

896 872 642 71 0 0.733945 0 0 0 0 0 0 0 0 0 0 0 0 0 0 0 0 0 0 0 0 0.037037 0.0740741 0.148148 0.185185 0.296296 0.185185 0.0740741 0 0 0 0 0 0 

1056 1045 765 75 0 0.61244 0 0 0 0 0 0 0 0 0 0 0 0 0 0 0 0 0 0 0 0 0.03125 0.125 0.21875 0.21875 0.15625 0.09375 0.15625 0 0 0 0 0 0 

