480 462 345 53 0 0.692641 0 0 0 0 0 0 0 0 0 0 0 0 0 0 0 0 0 0 0 0.0714286 0 0 0.142857 0.142857 0.285714 0.285714 0.0714286 0 0 0 0 0 0 

576 562 420 53 0 0.569395 0 0 0 0 0 0 0 0 0 0 0 0 0 0 0 0 0 0 0 0.0588235 0 0 0.117647 0.235294 0.352941 0.117647 0.0588235 0.0588235 0 0 0 0 0 

576 549 395 53 0 0.582878 0 0 0 0 0 0 0 0 0 0 0 0 0 0 0 0 0 0 0 0 0 0.176471 0.176471 0.235294 0.352941 0.0588235 0 0 0 0 0 0 0 

576 568 421 53 0 0.56338 0 0 0 0 0 0 0 0 0 0 0 0 0 0 0 0 0 0 0 0 0 0.117647 0.235294 0.176471 0.176471 0.235294 0.0588235 0 0 0 0 0 0 

576 565 417 53 0 0.566372 0 0 0 0 0 0 0 0 0 0 0 0 0 0 0 0 0 0 0 0.117647 0 0.117647 0 0.235294 0.235294 0.176471 0.0588235 0.0588235 0 0 0 0 0 

544 521 367 53 0 0.614203 0 0 0 0 0 0 0 0 0 0 0 0 0 0 0 0 0 0 0 0.0625 0 0.125 0.375 0.25 0.125 0.0625 0 0 0 0 0 0 0 

608 591 427 53 0 0.541455 0 0 0 0 0 0 0 0 0 0 0 0 0 0 0 0 0 0 0 0 0.0555556 0.111111 0.222222 0.222222 0.277778 0.111111 0 0 0 0 0 0 0 

512 502 371 53 0 0.63745 0 0 0 0 0 0 0 0 0 0 0 0 0 0 0 0 0 0 0 0.0666667 0 0 0.133333 0.466667 0.0666667 0.2 0.0666667 0 0 0 0 0 0 

544 527 395 53 0 0.607211 0 0 0 0 0 0 0 0 0 0 0 0 0 0 0 0 0 0 0 0 0.0625 0 0.0625 0.25 0.3125 0.25 0.0625 0 0 0 0 0 0 

544 527 372 53 0 0.607211 0 0 0 0 0 0 0 0 0 0 0 0 0 0 0 0 0 0 0 0.0625 0.0625 0.125 0.4375 0.125 0 0.125 0.0625 0 0 0 0 0 0 

544 527 375 53 0 0.607211 0 0 0 0 0 0 0 0 0 0 0 0 0 0 0 0 0 0 0 0 0.125 0.125 0.25 0.25 0.1875 0 0.0625 0 0 0 0 0 0 

544 531 397 53 0 0.602637 0 0 0 0 0 0 0 0 0 0 0 0 0 0 0 0 0 0 0 0 0 0.0625 0.25 0 0.375 0.3125 0 0 0 0 0 0 0 

640 627 459 53 0 0.510367 0 0 0 0 0 0 0 0 0 0 0 0 0 0 0 0 0 0 0 0 0.0526316 0.0526316 0.263158 0.263158 0.157895 0.157895 0 0.0526316 0 0 0 0 0 

512 490 357 53 0 0.653061 0 0 0 0 0 0 0 0 0 0 0 0 0 0 0 0 0 0 0 0.0666667 0.0666667 0 0.133333 0.2 0.4 0.0666667 0.0666667 0 0 0 0 0 0 

544 523 394 53 0 0.611855 0 0 0 0 0 0 0 0 0 0 0 0 0 0 0 0 0 0 0 0 0 0 0.0625 0.375 0.25 0.1875 0.125 0 0 0 0 0 0 

640 618 440 53 0 0.517799 0 0 0 0 0 0 0 0 0 0 0 0 0 0 0 0 0 0 0 0 0.0526316 0.105263 0.315789 0.368421 0.0526316 0.0526316 0.0526316 0 0 0 0 0 0 

576 566 405 53 0 0.565371 0 0 0 0 0 0 0 0 0 0 0 0 0 0 0 0 0 0 0 0 0 0.294118 0.235294 0.294118 0.117647 0 0 0.0588235 0 0 0 0 0 

544 526 376 53 0 0.608365 0 0 0 0 0 0 0 0 0 0 0 0 0 0 0 0 0 0 0 0.0625 0.125 0.0625 0.0625 0.375 0.1875 0.125 0 0 0 0 0 0 0 

544 519 372 53 0 0.61657 0 0 0 0 0 0 0 0 0 0 0 0 0 0 0 0 0 0 0 0.0625 0.0625 0.125 0.0625 0.4375 0.0625 0.0625 0.125 0 0 0 0 0 0 

512 493 363 53 0 0.649087 0 0 0 0 0 0 0 0 0 0 0 0 0 0 0 0 0 0 0 0.0666667 0.0666667 0.133333 0.133333 0.133333 0.133333 0.133333 0.0666667 0.0666667 0.0666667 0 0 0 0 

608 598 439 53 0 0.535117 0 0 0 0 0 0 0 0 0 0 0 0 0 0 0 0 0 0 0 0 0 0.111111 0.222222 0.166667 0.444444 0 0.0555556 0 0 0 0 0 0 

544 522 370 53 0 0.613027 0 0 0 0 0 0 0 0 0 0 0 0 0 0 0 0 0 0 0 0 0.0625 0.1875 0.25 0.25 0.1875 0.0625 0 0 0 0 0 0 0 

608 598 428 53 0 0.535117 0 0 0 0 0 0 0 0 0 0 0 0 0 0 0 0 0 0 0 0 0.111111 0.111111 0.333333 0.166667 0.111111 0.166667 0 0 0 0 0 0 0 

640 626 472 53 0 0.511182 0 0 0 0 0 0 0 0 0 0 0 0 0 0 0 0 0 0 0 0 0.0526316 0.0526316 0 0.263158 0.210526 0.368421 0 0.0526316 0 0 0 0 0 

576 559 412 53 0 0.572451 0 0 0 0 0 0 0 0 0 0 0 0 0 0 0 0 0 0 0 0 0 0.117647 0.235294 0.176471 0.176471 0.235294 0.0588235 0 0 0 0 0 0 

640 625 453 53 0 0.512 0 0 0 0 0 0 0 0 0 0 0 0 0 0 0 0 0 0.0526316 0 0 0.0526316 0.105263 0.105263 0.157895 0.368421 0.105263 0.0526316 0 0 0 0 0 0 

544 524 394 53 0 0.610687 0 0 0 0 0 0 0 0 0 0 0 0 0 0 0 0 0 0 0 0 0 0.1875 0.0625 0.0625 0.3125 0.125 0.25 0 0 0 0 0 0 

576 561 395 53 0 0.57041 0 0 0 0 0 0 0 0 0 0 0 0 0 0 0 0 0 0 0 0.0588235 0.117647 0.235294 0.117647 0.235294 0.0588235 0.176471 0 0 0 0 0 0 0 

544 532 391 53 0 0.601504 0 0 0 0 0 0 0 0 0 0 0 0 0 0 0 0 0 0 0 0 0.0625 0.0625 0.125 0.375 0.1875 0.125 0.0625 0 0 0 0 0 0 

544 525 386 53 0 0.609524 0 0 0 0 0 0 0 0 0 0 0 0 0 0 0 0 0 0 0.0625 0 0.0625 0.0625 0 0.25 0.25 0.25 0.0625 0 0 0 0 0 0 

480 466 334 53 0 0.686695 0 0 0 0 0 0 0 0 0 0 0 0 0 0 0 0 0 0 0 0 0.0714286 0.142857 0.214286 0.357143 0.142857 0.0714286 0 0 0 0 0 0 0 

640 615 454 53 0 0.520325 0 0 0 0 0 0 0 0 0 0 0 0 0 0 0 0 0 0 0 0 0.0526316 0.0526316 0.105263 0.263158 0.210526 0.263158 0.0526316 0 0 0 0 0 0 

640 616 431 53 0 0.519481 0 0 0 0 0 0 0 0 0 0 0 0 0 0 0 0.0526316 0 0 0 0.0526316 0.157895 0.105263 0.105263 0.157895 0.157895 0.105263 0.105263 0 0 0 0 0 0 

576 550 402 53 0 0.581818 0 0 0 0 0 0 0 0 0 0 0 0 0 0 0 0 0 0 0 0 0 0.117647 0.117647 0.470588 0.0588235 0.117647 0.117647 0 0 0 0 0 0 

480 459 329 53 0 0.697168 0 0 0 0 0 0 0 0 0 0 0 0 0 0 0 0 0 0 0 0 0.0714286 0.0714286 0.285714 0.285714 0.214286 0.0714286 0 0 0 0 0 0 0 

544 536 410 53 0 0.597015 0 0 0 0 0 0 0 0 0 0 0 0 0 0 0 0 0 0 0 0 0 0 0.125 0.1875 0.5 0 0.0625 0.0625 0.0625 0 0 0 0 

480 458 339 53 0 0.69869 0 0 0 0 0 0 0 0 0 0 0 0 0 0 0 0 0 0 0 0 0 0.142857 0.142857 0.142857 0.357143 0.142857 0 0.0714286 0 0 0 0 0 

576 551 413 53 0 0.580762 0 0 0 0 0 0 0 0 0 0 0 0 0 0 0 0 0 0 0 0 0.0588235 0 0.176471 0.117647 0.176471 0.352941 0.117647 0 0 0 0 0 0 

672 646 472 53 0 0.495356 0 0 0 0 0 0 0 0 0 0 0 0 0 0 0 0 0 0 0 0 0 0.1 0.15 0.35 0.2 0.15 0.05 0 0 0 0 0 0 

544 531 385 53 0 0.602637 0 0 0 0 0 0 0 0 0 0 0 0 0 0 0 0 0 0 0 0 0.125 0.0625 0.125 0.3125 0.25 0.125 0 0 0 0 0 0 0 

576 562 407 53 0 0.569395 0 0 0 0 0 0 0 0 0 0 0 0 0 0 0 0 0 0 0.0588235 0.0588235 0.0588235 0.0588235 0.0588235 0.294118 0.235294 0 0.176471 0 0 0 0 0 0 

608 584 432 53 0 0.547945 0 0 0 0 0 0 0 0 0 0 0 0 0 0 0 0 0 0 0 0 0.0555556 0.0555556 0.0555556 0.277778 0.222222 0.333333 0 0 0 0 0 0 0 

608 588 426 53 0 0.544218 0 0 0 0 0 0 0 0 0 0 0 0 0 0 0 0 0 0 0 0 0 0.166667 0.333333 0.111111 0.111111 0.277778 0 0 0 0 0 0 0 

544 530 384 53 0 0.603774 0 0 0 0 0 0 0 0 0 0 0 0 0 0 0 0 0 0 0 0 0.0625 0.0625 0.3125 0.25 0.125 0.1875 0 0 0 0 0 0 0 

512 489 367 53 0 0.654397 0 0 0 0 0 0 0 0 0 0 0 0 0 0 0 0 0 0 0 0 0 0.133333 0 0.2 0.466667 0.0666667 0 0.133333 0 0 0 0 0 

608 582 420 53 0 0.549828 0 0 0 0 0 0 0 0 0 0 0 0 0 0 0 0 0 0 0 0.0555556 0 0.166667 0.111111 0.388889 0.111111 0.0555556 0 0.111111 0 0 0 0 0 

672 655 474 53 0 0.48855 0 0 0 0 0 0 0 0 0 0 0 0 0 0 0 0 0 0 0.05 0 0.05 0.1 0.25 0 0.35 0.15 0.05 0 0 0 0 0 0 

608 591 441 53 0 0.541455 0 0 0 0 0 0 0 0 0 0 0 0 0 0 0 0 0 0 0 0 0 0 0.277778 0.333333 0.111111 0.0555556 0.166667 0.0555556 0 0 0 0 0 

480 463 347 53 0 0.691145 0 0 0 0 0 0 0 0 0 0 0 0 0 0 0 0 0 0 0 0 0 0.0714286 0.214286 0.214286 0.142857 0.142857 0.214286 0 0 0 0 0 0 

544 532 398 53 0 0.601504 0 0 0 0 0 0 0 0 0 0 0 0 0 0 0 0 0 0 0 0 0.0625 0.0625 0.125 0.1875 0.3125 0.0625 0.125 0.0625 0 0 0 0 0 

480 456 332 53 0 0.701754 0 0 0 0 0 0 0 0 0 0 0 0 0 0 0 0 0 0 0 0 0 0.214286 0.0714286 0.285714 0.214286 0.214286 0 0 0 0 0 0 0 

544 522 372 53 0 0.613027 0 0 0 0 0 0 0 0 0 0 0 0 0 0 0 0 0 0 0 0.0625 0.125 0.0625 0.1875 0.25 0.125 0.125 0.0625 0 0 0 0 0 0 

576 559 405 53 0 0.572451 0 0 0 0 0 0 0 0 0 0 0 0 0 0 0 0 0 0 0.0588235 0 0.0588235 0.0588235 0.235294 0.176471 0.117647 0.235294 0.0588235 0 0 0 0 0 0 

512 490 352 53 0 0.653061 0 0 0 0 0 0 0 0 0 0 0 0 0 0 0 0 0 0 0 0 0.0666667 0.2 0.2 0.0666667 0.333333 0.133333 0 0 0 0 0 0 0 

608 592 428 53 0 0.540541 0 0 0 0 0 0 0 0 0 0 0 0 0 0 0 0 0 0 0 0.0555556 0 0.166667 0.0555556 0.388889 0.222222 0.0555556 0.0555556 0 0 0 0 0 0 

640 617 460 53 0 0.518639 0 0 0 0 0 0 0 0 0 0 0 0 0 0 0 0 0 0 0 0 0.0526316 0.105263 0.0526316 0.210526 0.105263 0.368421 0.105263 0 0 0 0 0 0 

576 553 401 53 0 0.578662 0 0 0 0 0 0 0 0 0 0 0 0 0 0 0 0 0 0 0 0 0 0.117647 0.352941 0.176471 0.176471 0.0588235 0.117647 0 0 0 0 0 0 

512 499 371 53 0 0.641283 0 0 0 0 0 0 0 0 0 0 0 0 0 0 0 0 0 0 0 0 0 0 0.2 0.4 0.2 0.133333 0.0666667 0 0 0 0 0 0 

608 591 435 53 0 0.541455 0 0 0 0 0 0 0 0 0 0 0 0 0 0 0 0 0 0 0 0 0.0555556 0.166667 0.111111 0.166667 0.166667 0.222222 0.111111 0 0 0 0 0 0 

640 623 452 53 0 0.513644 0 0 0 0 0 0 0 0 0 0 0 0 0 0 0 0 0 0 0 0.0526316 0.0526316 0.105263 0.105263 0.210526 0.315789 0.105263 0.0526316 0 0 0 0 0 0 

512 495 367 53 0 0.646465 0 0 0 0 0 0 0 0 0 0 0 0 0 0 0 0 0 0 0 0 0.0666667 0.0666667 0.133333 0.133333 0.333333 0.2 0.0666667 0 0 0 0 0 0 

512 498 368 53 0 0.64257 0 0 0 0 0 0 0 0 0 0 0 0 0 0 0 0 0 0 0 0 0 0.266667 0.0666667 0.133333 0.2 0.266667 0.0666667 0 0 0 0 0 0 

608 592 433 53 0 0.540541 0 0 0 0 0 0 0 0 0 0 0 0 0 0 0 0 0 0 0 0 0.111111 0.0555556 0.111111 0.277778 0.222222 0.166667 0.0555556 0 0 0 0 0 0 

544 525 380 53 0 0.609524 0 0 0 0 0 0 0 0 0 0 0 0 0 0 0 0 0 0 0 0 0 0.3125 0.0625 0.3125 0.0625 0.1875 0.0625 0 0 0 0 0 0 

544 527 392 53 0 0.607211 0 0 0 0 0 0 0 0 0 0 0 0 0 0 0 0 0 0 0 0 0.0625 0 0.0625 0.3125 0.375 0.125 0.0625 0 0 0 0 0 0 

512 494 357 53 0 0.647773 0 0 0 0 0 0 0 0 0 0 0 0 0 0 0 0 0 0.0666667 0 0 0.0666667 0.0666667 0 0.4 0.2 0.2 0 0 0 0 0 0 0 

576 555 404 53 0 0.576577 0 0 0 0 0 0 0 0 0 0 0 0 0 0 0 0 0 0 0 0 0.0588235 0.294118 0 0.176471 0.235294 0.117647 0.0588235 0.0588235 0 0 0 0 0 

544 534 396 53 0 0.599251 0 0 0 0 0 0 0 0 0 0 0 0 0 0 0 0 0 0 0 0 0.0625 0.1875 0.0625 0.125 0.3125 0.0625 0.1875 0 0 0 0 0 0 

512 504 374 53 0 0.634921 0 0 0 0 0 0 0 0 0 0 0 0 0 0 0 0 0 0 0 0 0.0666667 0 0.2 0.133333 0.466667 0.133333 0 0 0 0 0 0 0 

544 529 383 53 0 0.604915 0 0 0 0 0 0 0 0 0 0 0 0 0 0 0 0 0 0 0 0.0625 0.0625 0.125 0.0625 0.25 0.25 0.1875 0 0 0 0 0 0 0 

576 561 409 53 0 0.57041 0 0 0 0 0 0 0 0 0 0 0 0 0 0 0 0 0 0 0 0.0588235 0 0.0588235 0.176471 0.294118 0.235294 0.176471 0 0 0 0 0 0 0 

512 483 360 53 0 0.662526 0 0 0 0 0 0 0 0 0 0 0 0 0 0 0 0 0 0 0 0 0.0666667 0.0666667 0 0.2 0.333333 0.2 0.133333 0 0 0 0 0 0 

608 587 420 53 0 0.545145 0 0 0 0 0 0 0 0 0 0 0 0 0 0 0 0 0 0 0 0.0555556 0 0.166667 0.277778 0.166667 0.166667 0.111111 0.0555556 0 0 0 0 0 0 

608 592 441 53 0 0.540541 0 0 0 0 0 0 0 0 0 0 0 0 0 0 0 0 0 0 0 0.0555556 0 0 0.222222 0.111111 0.333333 0.111111 0.166667 0 0 0 0 0 0 

608 588 437 53 0 0.544218 0 0 0 0 0 0 0 0 0 0 0 0 0 0 0 0 0 0 0 0 0.111111 0 0.166667 0.111111 0.222222 0.277778 0.111111 0 0 0 0 0 0 

480 454 330 53 0 0.704846 0 0 0 0 0 0 0 0 0 0 0 0 0 0 0 0 0 0.0714286 0 0.0714286 0 0 0.0714286 0.0714286 0.5 0.214286 0 0 0 0 0 0 0 

672 654 464 53 0 0.489297 0 0 0 0 0 0 0 0 0 0 0 0 0 0 0 0 0 0 0 0 0.1 0.05 0.35 0.3 0.15 0.05 0 0 0 0 0 0 0 

640 617 454 53 0 0.518639 0 0 0 0 0 0 0 0 0 0 0 0 0 0 0 0 0 0 0 0.0526316 0 0.0526316 0.157895 0.263158 0.105263 0.315789 0.0526316 0 0 0 0 0 0 

480 460 337 53 0 0.695652 0 0 0 0 0 0 0 0 0 0 0 0 0 0 0 0 0 0 0.0714286 0 0 0.0714286 0.142857 0.285714 0.142857 0.142857 0.142857 0 0 0 0 0 0 

704 688 487 53 0 0.465116 0 0 0 0 0 0 0 0 0 0 0 0 0 0 0 0 0 0 0 0.047619 0 0.238095 0.142857 0.333333 0.238095 0 0 0 0 0 0 0 0 

544 516 385 53 0 0.620155 0 0 0 0 0 0 0 0 0 0 0 0 0 0 0 0 0 0 0 0 0 0 0.0625 0.5 0.1875 0.0625 0.1875 0 0 0 0 0 0 

576 554 405 53 0 0.577617 0 0 0 0 0 0 0 0 0 0 0 0 0 0 0 0 0 0 0 0 0 0.176471 0 0.294118 0.470588 0.0588235 0 0 0 0 0 0 0 

576 563 408 53 0 0.568384 0 0 0 0 0 0 0 0 0 0 0 0 0 0 0 0 0 0 0 0.0588235 0 0.235294 0.0588235 0.235294 0.294118 0.0588235 0 0.0588235 0 0 0 0 0 

512 489 363 53 0 0.654397 0 0 0 0 0 0 0 0 0 0 0 0 0 0 0 0 0 0 0 0 0 0.0666667 0.266667 0.2 0.2 0.133333 0.0666667 0 0.0666667 0 0 0 0 

672 643 460 53 0 0.497667 0 0 0 0 0 0 0 0 0 0 0 0 0 0 0 0 0 0 0 0.05 0 0 0.55 0.1 0.15 0.05 0.05 0.05 0 0 0 0 0 

512 500 362 53 0 0.64 0 0 0 0 0 0 0 0 0 0 0 0 0 0 0 0 0 0 0 0 0.0666667 0.133333 0.266667 0.2 0.133333 0.2 0 0 0 0 0 0 0 

512 487 363 53 0 0.657084 0 0 0 0 0 0 0 0 0 0 0 0 0 0 0 0 0 0 0 0 0 0 0.2 0.2 0.266667 0.333333 0 0 0 0 0 0 0 

608 597 428 53 0 0.536013 0 0 0 0 0 0 0 0 0 0 0 0 0 0 0 0 0 0 0 0.0555556 0.166667 0.0555556 0.0555556 0.333333 0.222222 0.0555556 0.0555556 0 0 0 0 0 0 

544 515 374 53 0 0.621359 0 0 0 0 0 0 0 0 0 0 0 0 0 0 0 0 0 0 0.0625 0 0 0.0625 0.1875 0.1875 0.25 0.1875 0.0625 0 0 0 0 0 0 

576 557 412 53 0 0.574506 0 0 0 0 0 0 0 0 0 0 0 0 0 0 0 0 0 0 0 0.0588235 0.0588235 0 0.176471 0.176471 0.176471 0.235294 0.0588235 0.0588235 0 0 0 0 0 

512 491 356 53 0 0.651731 0 0 0 0 0 0 0 0 0 0 0 0 0 0 0 0 0 0 0 0 0.0666667 0.133333 0.133333 0.333333 0.2 0.0666667 0 0.0666667 0 0 0 0 0 

672 646 477 53 0 0.495356 0 0 0 0 0 0 0 0 0 0 0 0 0 0 0 0 0 0 0 0 0.1 0.1 0.1 0.15 0.1 0.3 0.15 0 0 0 0 0 0 

512 486 354 53 0 0.658436 0 0 0 0 0 0 0 0 0 0 0 0 0 0 0 0 0 0 0 0 0 0.133333 0.2 0.2 0.333333 0.0666667 0.0666667 0 0 0 0 0 0 

608 591 432 53 0 0.541455 0 0 0 0 0 0 0 0 0 0 0 0 0 0 0 0 0 0 0.0555556 0 0 0.166667 0.0555556 0.222222 0.277778 0.111111 0.111111 0 0 0 0 0 0 

544 526 392 53 0 0.608365 0 0 0 0 0 0 0 0 0 0 0 0 0 0 0 0 0 0 0 0 0 0.0625 0.0625 0.4375 0.25 0.0625 0.0625 0.0625 0 0 0 0 0 

512 500 355 53 0 0.64 0 0 0 0 0 0 0 0 0 0 0 0 0 0 0 0 0 0 0.0666667 0.0666667 0.0666667 0.0666667 0.2 0.0666667 0.466667 0 0 0 0 0 0 0 0 

640 618 456 53 0 0.517799 0 0 0 0 0 0 0 0 0 0 0 0 0 0 0 0 0 0 0 0 0 0.157895 0.105263 0.157895 0.315789 0.210526 0.0526316 0 0 0 0 0 0 

544 530 380 53 0 0.603774 0 0 0 0 0 0 0 0 0 0 0 0 0 0 0 0 0 0 0.0625 0.0625 0 0.0625 0.25 0.125 0.3125 0.125 0 0 0 0 0 0 0 

576 554 408 53 0 0.577617 0 0 0 0 0 0 0 0 0 0 0 0 0 0 0 0 0 0 0 0.0588235 0 0.0588235 0.117647 0.294118 0.117647 0.294118 0.0588235 0 0 0 0 0 0 

544 521 391 53 0 0.614203 0 0 0 0 0 0 0 0 0 0 0 0 0 0 0 0 0 0 0 0 0 0.0625 0.125 0.125 0.4375 0.0625 0.1875 0 0 0 0 0 0 

