11072 11065 8006 208 0 0.723 0 0 0 0 0 0 0 0 0 0 0 0 0 0 0 0 0 0.0057971 0.00289855 0.0202899 0.0405797 0.0956522 0.185507 0.211594 0.202899 0.165217 0.0521739 0.0144928 0.00289855 0 0 0 0 

11136 11126 8007 233 0 0.719037 0 0 0 0 0 0 0 0 0 0 0 0 0 0 0 0 0.00288184 0.00288184 0.0115274 0.0201729 0.0288184 0.100865 0.181556 0.273775 0.172911 0.14121 0.0518732 0.0115274 0 0 0 0 0 

11040 11026 8006 215 0 0.725558 0 0 0 0 0 0 0 0 0 0 0 0 0 0 0 0 0.00290698 0 0.00290698 0.0145349 0.0319767 0.0813953 0.18314 0.226744 0.229651 0.171512 0.0377907 0.0174419 0 0 0 0 0 

11104 11093 8006 208 0 0.721175 0 0 0 0 0 0 0 0 0 0 0 0 0 0 0 0 0 0.00867052 0 0.017341 0.0462428 0.115607 0.184971 0.219653 0.176301 0.144509 0.0606936 0.0231214 0.00289017 0 0 0 0 

11072 11064 8004 213 0 0.723066 0 0 0 0 0 0 0 0 0 0 0 0 0 0 0 0 0 0.00289855 0 0.0231884 0.0347826 0.0869565 0.205797 0.228986 0.2 0.13913 0.0637681 0.0115942 0.00289855 0 0 0 0 

11072 11055 8006 205 0 0.723654 0 0 0 0 0 0 0 0 0 0 0 0 0 0 0 0 0 0.00289855 0.00289855 0.00869565 0.0318841 0.107246 0.171014 0.26087 0.202899 0.144928 0.0492754 0.0173913 0 0 0 0 0 

11008 10981 8006 216 0 0.728531 0 0 0 0 0 0 0 0 0 0 0 0 0 0 0 0 0 0 0.0145773 0.0058309 0.0349854 0.0816327 0.151603 0.247813 0.195335 0.169096 0.090379 0.0058309 0.00291545 0 0 0 0 

11072 11058 8006 210 0 0.723458 0 0 0 0 0 0 0 0 0 0 0 0 0 0 0 0 0.00289855 0.00289855 0.0115942 0.00289855 0.0434783 0.115942 0.156522 0.228986 0.173913 0.182609 0.0724638 0.0057971 0 0 0 0 0 

11072 11063 8006 204 0 0.723131 0 0 0 0 0 0 0 0 0 0 0 0 0 0 0 0 0 0 0.00869565 0.0144928 0.0550725 0.0608696 0.185507 0.249275 0.22029 0.142029 0.0492754 0.0115942 0.00289855 0 0 0 0 

11008 10978 8004 229 0 0.72873 0 0 0 0 0 0 0 0 0 0 0 0 0 0 0.00291545 0 0 0.0058309 0.00291545 0.0262391 0.0262391 0.0728863 0.151603 0.201166 0.233236 0.19242 0.0699708 0.0145773 0 0 0 0 0 

