2880 2866 2047 120 0 0.558269 0 0 0 0 0 0 0 0 0 0 0 0 0 0 0 0 0 0 0.0337079 0.0449438 0.0224719 0.123596 0.213483 0.157303 0.202247 0.146067 0.0449438 0.011236 0 0 0 0 0 

2944 2921 2120 120 0 0.547758 0 0 0 0 0 0 0 0 0 0 0 0 0 0 0 0 0 0 0 0.043956 0.032967 0.0879121 0.0989011 0.318681 0.21978 0.10989 0.043956 0.043956 0 0 0 0 0 

2976 2959 2148 120 0 0.540723 0 0 0 0 0 0 0 0 0 0 0 0 0 0 0 0 0 0 0 0 0.0869565 0.0978261 0.130435 0.23913 0.206522 0.163043 0.0652174 0.0108696 0 0 0 0 0 

2816 2789 2055 120 0 0.573682 0 0 0 0 0 0 0 0 0 0 0 0 0 0 0 0 0 0 0 0 0.0574713 0.0689655 0.0804598 0.252874 0.252874 0.195402 0.0574713 0.0344828 0 0 0 0 0 

2944 2922 2126 120 0 0.54757 0 0 0 0 0 0 0 0 0 0 0 0 0 0 0 0 0 0 0.010989 0.010989 0.043956 0.0769231 0.142857 0.263736 0.241758 0.10989 0.0769231 0.021978 0 0 0 0 0 

2816 2790 2030 120 0 0.573477 0 0 0 0 0 0 0 0 0 0 0 0 0 0 0 0 0 0 0 0.045977 0.0114943 0.091954 0.195402 0.206897 0.183908 0.137931 0.103448 0.0229885 0 0 0 0 0 

2848 2827 2059 120 0 0.565971 0 0 0 0 0 0 0 0 0 0 0 0 0 0 0 0 0 0 0 0.0113636 0.0454545 0.102273 0.181818 0.193182 0.238636 0.102273 0.102273 0.0227273 0 0 0 0 0 

2976 2958 2120 120 0 0.540906 0 0 0 0 0 0 0 0 0 0 0 0 0 0 0 0 0 0 0 0.0108696 0.0543478 0.119565 0.217391 0.217391 0.228261 0.130435 0.0217391 0 0 0 0 0 0 

2784 2771 2026 120 0 0.577409 0 0 0 0 0 0 0 0 0 0 0 0 0 0 0 0 0 0 0.0116279 0 0.0348837 0.0697674 0.174419 0.255814 0.209302 0.162791 0.0581395 0.0116279 0.0116279 0 0 0 0 

2944 2921 2108 120 0 0.547758 0 0 0 0 0 0 0 0 0 0 0 0 0 0 0 0 0 0 0 0.010989 0.0549451 0.142857 0.164835 0.208791 0.175824 0.175824 0.0659341 0 0 0 0 0 0 

