576 555 399 53 0 0.576577 0 0 0 0 0 0 0 0 0 0 0 0 0 0 0 0 0 0 0 0.0588235 0 0.117647 0.235294 0.294118 0.176471 0.0588235 0 0.0588235 0 0 0 0 0 

576 558 405 53 0 0.573477 0 0 0 0 0 0 0 0 0 0 0 0 0 0 0 0 0 0 0 0 0.0588235 0 0.176471 0.529412 0.176471 0 0.0588235 0 0 0 0 0 0 

544 516 383 53 0 0.620155 0 0 0 0 0 0 0 0 0 0 0 0 0 0 0 0 0 0 0 0 0.0625 0 0.25 0.125 0.1875 0.1875 0.1875 0 0 0 0 0 0 

608 590 423 53 0 0.542373 0 0 0 0 0 0 0 0 0 0 0 0 0 0 0 0 0 0 0 0 0.166667 0.166667 0 0.277778 0.222222 0.166667 0 0 0 0 0 0 0 

544 522 386 53 0 0.613027 0 0 0 0 0 0 0 0 0 0 0 0 0 0 0 0 0 0 0 0.0625 0 0.125 0.0625 0.25 0.0625 0.375 0 0.0625 0 0 0 0 0 

480 465 346 53 0 0.688172 0 0 0 0 0 0 0 0 0 0 0 0 0 0 0 0 0 0 0 0 0 0.0714286 0.142857 0.357143 0.214286 0.0714286 0.142857 0 0 0 0 0 0 

608 588 433 53 0 0.544218 0 0 0 0 0 0 0 0 0 0 0 0 0 0 0 0 0 0 0 0 0.0555556 0.111111 0.166667 0.166667 0.222222 0.166667 0.0555556 0.0555556 0 0 0 0 0 

576 560 418 53 0 0.571429 0 0 0 0 0 0 0 0 0 0 0 0 0 0 0 0 0 0 0 0 0.0588235 0.0588235 0.176471 0.0588235 0.411765 0.117647 0 0.117647 0 0 0 0 0 

512 485 353 53 0 0.659794 0 0 0 0 0 0 0 0 0 0 0 0 0 0 0 0 0 0 0 0.0666667 0 0 0.2 0.266667 0.266667 0.2 0 0 0 0 0 0 0 

480 468 347 53 0 0.683761 0 0 0 0 0 0 0 0 0 0 0 0 0 0 0 0 0 0 0 0 0 0.0714286 0.142857 0.357143 0.285714 0.0714286 0.0714286 0 0 0 0 0 0 

480 462 341 53 0 0.692641 0 0 0 0 0 0 0 0 0 0 0 0 0 0 0 0 0 0 0 0 0 0.0714286 0.142857 0.357143 0.285714 0.0714286 0.0714286 0 0 0 0 0 0 

608 584 434 53 0 0.547945 0 0 0 0 0 0 0 0 0 0 0 0 0 0 0 0 0 0 0 0 0 0 0.277778 0.0555556 0.388889 0.277778 0 0 0 0 0 0 0 

640 628 458 53 0 0.509554 0 0 0 0 0 0 0 0 0 0 0 0 0 0 0 0 0 0 0 0 0.0526316 0.0526316 0.315789 0.210526 0.210526 0.0526316 0.105263 0 0 0 0 0 0 

512 484 353 53 0 0.661157 0 0 0 0 0 0 0 0 0 0 0 0 0 0 0 0 0 0 0 0 0.0666667 0.133333 0.2 0.2 0.133333 0.0666667 0.133333 0.0666667 0 0 0 0 0 

544 529 404 53 0 0.604915 0 0 0 0 0 0 0 0 0 0 0 0 0 0 0 0 0 0 0 0 0 0 0 0.25 0.3125 0.4375 0 0 0 0 0 0 0 

576 558 398 53 0 0.573477 0 0 0 0 0 0 0 0 0 0 0 0 0 0 0 0 0 0 0.0588235 0.0588235 0 0.117647 0.235294 0.294118 0 0.176471 0 0.0588235 0 0 0 0 0 

512 502 364 53 0 0.63745 0 0 0 0 0 0 0 0 0 0 0 0 0 0 0 0 0 0 0 0 0.2 0 0.2 0.333333 0 0.2 0.0666667 0 0 0 0 0 0 

640 614 445 53 0 0.521173 0 0 0 0 0 0 0 0 0 0 0 0 0 0 0 0 0 0 0 0 0.0526316 0.210526 0.105263 0.263158 0.157895 0.105263 0 0.105263 0 0 0 0 0 

608 591 439 53 0 0.541455 0 0 0 0 0 0 0 0 0 0 0 0 0 0 0 0 0 0 0 0 0 0.0555556 0.111111 0.222222 0.444444 0.166667 0 0 0 0 0 0 0 

512 493 360 53 0 0.649087 0 0 0 0 0 0 0 0 0 0 0 0 0 0 0 0 0 0 0 0.0666667 0.0666667 0.0666667 0.0666667 0.266667 0.2 0.2 0.0666667 0 0 0 0 0 0 

640 631 463 53 0 0.507132 0 0 0 0 0 0 0 0 0 0 0 0 0 0 0 0 0 0 0 0.0526316 0.0526316 0 0.210526 0.210526 0.263158 0.157895 0.0526316 0 0 0 0 0 0 

544 527 383 53 0 0.607211 0 0 0 0 0 0 0 0 0 0 0 0 0 0 0 0 0 0 0 0 0.0625 0 0.1875 0.4375 0.25 0.0625 0 0 0 0 0 0 0 

576 557 413 53 0 0.574506 0 0 0 0 0 0 0 0 0 0 0 0 0 0 0 0 0 0 0 0 0 0.0588235 0.235294 0.117647 0.352941 0.176471 0.0588235 0 0 0 0 0 0 

544 521 392 53 0 0.614203 0 0 0 0 0 0 0 0 0 0 0 0 0 0 0 0 0 0 0 0 0.0625 0 0 0.375 0.0625 0.4375 0.0625 0 0 0 0 0 0 

512 492 352 53 0 0.650406 0 0 0 0 0 0 0 0 0 0 0 0 0 0 0 0 0 0 0 0.0666667 0.0666667 0.2 0.0666667 0.2 0.266667 0.0666667 0.0666667 0 0 0 0 0 0 

576 562 399 53 0 0.569395 0 0 0 0 0 0 0 0 0 0 0 0 0 0 0 0 0 0 0 0.0588235 0 0.176471 0.352941 0.176471 0.117647 0.117647 0 0 0 0 0 0 0 

608 588 439 53 0 0.544218 0 0 0 0 0 0 0 0 0 0 0 0 0 0 0 0 0 0 0 0 0 0 0.333333 0.166667 0.111111 0.222222 0.166667 0 0 0 0 0 0 

544 524 383 53 0 0.610687 0 0 0 0 0 0 0 0 0 0 0 0 0 0 0 0 0 0 0 0 0 0.125 0.3125 0.125 0.1875 0.1875 0.0625 0 0 0 0 0 0 

640 623 457 53 0 0.513644 0 0 0 0 0 0 0 0 0 0 0 0 0 0 0 0 0 0 0 0 0.0526316 0 0.263158 0.210526 0.263158 0.210526 0 0 0 0 0 0 0 

544 521 379 53 0 0.614203 0 0 0 0 0 0 0 0 0 0 0 0 0 0 0 0 0 0 0 0 0 0.125 0.1875 0.375 0.125 0.125 0.0625 0 0 0 0 0 0 

672 661 486 53 0 0.484115 0 0 0 0 0 0 0 0 0 0 0 0 0 0 0 0 0 0 0 0 0.05 0 0.2 0.35 0.25 0.1 0.05 0 0 0 0 0 0 

576 551 397 53 0 0.580762 0 0 0 0 0 0 0 0 0 0 0 0 0 0 0 0 0 0 0 0.0588235 0.0588235 0.117647 0.117647 0.0588235 0.470588 0.117647 0 0 0 0 0 0 0 

672 657 464 53 0 0.487062 0 0 0 0 0 0 0 0 0 0 0 0 0 0 0 0 0 0 0.05 0.05 0.15 0.15 0.1 0.1 0.2 0.15 0.05 0 0 0 0 0 0 

512 494 363 53 0 0.647773 0 0 0 0 0 0 0 0 0 0 0 0 0 0 0 0 0 0 0 0 0 0.0666667 0.4 0.0666667 0.2 0.2 0.0666667 0 0 0 0 0 0 

448 439 326 53 0 0.728929 0 0 0 0 0 0 0 0 0 0 0 0 0 0 0 0 0 0 0 0 0 0 0.307692 0.230769 0.307692 0.153846 0 0 0 0 0 0 0 

640 617 453 53 0 0.518639 0 0 0 0 0 0 0 0 0 0 0 0 0 0 0 0 0 0 0 0 0.0526316 0.157895 0.157895 0.105263 0.157895 0.263158 0.105263 0 0 0 0 0 0 

576 555 408 53 0 0.576577 0 0 0 0 0 0 0 0 0 0 0 0 0 0 0 0 0 0 0 0.0588235 0.117647 0 0.0588235 0.235294 0.235294 0.117647 0.176471 0 0 0 0 0 0 

608 590 439 53 0 0.542373 0 0 0 0 0 0 0 0 0 0 0 0 0 0 0 0 0 0 0 0 0 0.0555556 0.166667 0.333333 0.111111 0.277778 0 0.0555556 0 0 0 0 0 

544 532 390 53 0 0.601504 0 0 0 0 0 0 0 0 0 0 0 0 0 0 0 0 0 0 0 0 0.125 0.0625 0.1875 0.125 0.25 0.1875 0.0625 0 0 0 0 0 0 

448 439 320 53 0 0.728929 0 0 0 0 0 0 0 0 0 0 0 0 0 0 0 0 0 0 0.0769231 0 0.0769231 0.0769231 0.0769231 0.230769 0.230769 0.153846 0.0769231 0 0 0 0 0 0 

576 553 399 53 0 0.578662 0 0 0 0 0 0 0 0 0 0 0 0 0 0 0 0 0 0 0 0 0 0.294118 0.117647 0.176471 0.235294 0.117647 0.0588235 0 0 0 0 0 0 

544 535 389 53 0 0.598131 0 0 0 0 0 0 0 0 0 0 0 0 0 0 0 0 0 0.0625 0.0625 0 0 0.0625 0.0625 0.3125 0.3125 0 0.0625 0.0625 0 0 0 0 0 

576 553 401 53 0 0.578662 0 0 0 0 0 0 0 0 0 0 0 0 0 0 0 0 0 0 0 0.0588235 0.0588235 0.0588235 0.0588235 0.352941 0.294118 0.0588235 0 0.0588235 0 0 0 0 0 

512 493 360 53 0 0.649087 0 0 0 0 0 0 0 0 0 0 0 0 0 0 0 0 0 0 0 0 0 0.133333 0.0666667 0.4 0.333333 0.0666667 0 0 0 0 0 0 0 

576 566 413 53 0 0.565371 0 0 0 0 0 0 0 0 0 0 0 0 0 0 0 0 0 0 0 0 0.176471 0.0588235 0.117647 0.117647 0.352941 0.117647 0.0588235 0 0 0 0 0 0 

544 522 385 53 0 0.613027 0 0 0 0 0 0 0 0 0 0 0 0 0 0 0 0 0 0 0 0 0 0.0625 0.1875 0.3125 0.1875 0.1875 0.0625 0 0 0 0 0 0 

544 521 382 53 0 0.614203 0 0 0 0 0 0 0 0 0 0 0 0 0 0 0 0 0 0 0.0625 0 0.0625 0 0.125 0.125 0.4375 0.0625 0.125 0 0 0 0 0 0 

544 522 387 53 0 0.613027 0 0 0 0 0 0 0 0 0 0 0 0 0 0 0 0 0 0 0 0 0.0625 0.125 0.125 0.0625 0.1875 0.375 0.0625 0 0 0 0 0 0 

544 525 371 53 0 0.609524 0 0 0 0 0 0 0 0 0 0 0 0 0 0 0 0 0 0.0625 0 0.125 0 0.0625 0.1875 0.1875 0.1875 0.1875 0 0 0 0 0 0 0 

448 433 331 53 0 0.73903 0 0 0 0 0 0 0 0 0 0 0 0 0 0 0 0 0 0 0 0 0 0 0.153846 0.153846 0.230769 0.307692 0.153846 0 0 0 0 0 0 

640 617 457 53 0 0.518639 0 0 0 0 0 0 0 0 0 0 0 0 0 0 0 0 0 0 0 0 0 0.0526316 0.105263 0.368421 0.263158 0.157895 0 0.0526316 0 0 0 0 0 

544 520 385 53 0 0.615385 0 0 0 0 0 0 0 0 0 0 0 0 0 0 0 0 0 0 0 0 0 0.125 0.0625 0.375 0.25 0 0.125 0.0625 0 0 0 0 0 

608 587 437 53 0 0.545145 0 0 0 0 0 0 0 0 0 0 0 0 0 0 0 0 0 0 0 0 0 0.111111 0.0555556 0.222222 0.388889 0.111111 0.111111 0 0 0 0 0 0 

448 426 321 52 0 0.751174 0 0 0 0 0 0 0 0 0 0 0 0 0 0 0 0 0 0 0 0 0 0 0.0769231 0.384615 0.307692 0 0.230769 0 0 0 0 0 0 

544 533 400 53 0 0.600375 0 0 0 0 0 0 0 0 0 0 0 0 0 0 0 0 0 0 0 0 0 0.0625 0.0625 0.25 0.4375 0.125 0.0625 0 0 0 0 0 0 

608 582 416 53 0 0.549828 0 0 0 0 0 0 0 0 0 0 0 0 0 0 0 0 0 0 0 0 0.111111 0.166667 0.111111 0.166667 0.333333 0.111111 0 0 0 0 0 0 0 

608 585 422 53 0 0.547009 0 0 0 0 0 0 0 0 0 0 0 0 0 0 0 0 0 0 0.0555556 0.0555556 0.0555556 0 0.166667 0.111111 0.388889 0.111111 0.0555556 0 0 0 0 0 0 

544 533 392 53 0 0.600375 0 0 0 0 0 0 0 0 0 0 0 0 0 0 0 0 0 0 0 0.0625 0.125 0 0.1875 0.125 0.25 0.0625 0.125 0.0625 0 0 0 0 0 

608 585 428 53 0 0.547009 0 0 0 0 0 0 0 0 0 0 0 0 0 0 0 0 0 0 0.0555556 0 0.0555556 0.0555556 0.166667 0.166667 0.111111 0.277778 0.111111 0 0 0 0 0 0 

512 497 365 53 0 0.643863 0 0 0 0 0 0 0 0 0 0 0 0 0 0 0 0 0 0 0 0 0 0.0666667 0.333333 0.0666667 0.4 0.133333 0 0 0 0 0 0 0 

704 690 492 53 0 0.463768 0 0 0 0 0 0 0 0 0 0 0 0 0 0 0 0 0 0 0.047619 0.047619 0.047619 0.047619 0.190476 0.333333 0.190476 0.047619 0.047619 0 0 0 0 0 0 

448 438 321 51 0 0.730594 0 0 0 0 0 0 0 0 0 0 0 0 0 0 0 0 0 0 0 0 0.0769231 0.0769231 0.153846 0.230769 0.384615 0.0769231 0 0 0 0 0 0 0 

576 555 408 53 0 0.576577 0 0 0 0 0 0 0 0 0 0 0 0 0 0 0 0 0 0 0 0 0 0.117647 0.176471 0.176471 0.294118 0.235294 0 0 0 0 0 0 0 

576 558 409 53 0 0.573477 0 0 0 0 0 0 0 0 0 0 0 0 0 0 0 0 0 0 0 0 0.0588235 0.176471 0.0588235 0.294118 0.235294 0 0.117647 0.0588235 0 0 0 0 0 

640 622 451 53 0 0.514469 0 0 0 0 0 0 0 0 0 0 0 0 0 0 0 0 0 0 0 0.0526316 0.0526316 0.105263 0.105263 0.421053 0.0526316 0.0526316 0.105263 0.0526316 0 0 0 0 0 

576 550 412 53 0 0.581818 0 0 0 0 0 0 0 0 0 0 0 0 0 0 0 0 0 0 0 0 0.0588235 0 0.117647 0.176471 0.294118 0.235294 0.0588235 0.0588235 0 0 0 0 0 

480 471 353 53 0 0.679406 0 0 0 0 0 0 0 0 0 0 0 0 0 0 0 0 0 0 0 0 0.0714286 0.0714286 0.0714286 0.285714 0.142857 0.285714 0 0.0714286 0 0 0 0 0 

544 533 394 53 0 0.600375 0 0 0 0 0 0 0 0 0 0 0 0 0 0 0 0 0 0 0.0625 0 0 0 0.3125 0.125 0.1875 0.1875 0.125 0 0 0 0 0 0 

576 553 413 53 0 0.578662 0 0 0 0 0 0 0 0 0 0 0 0 0 0 0 0 0 0 0 0 0 0 0.235294 0.117647 0.411765 0.176471 0 0.0588235 0 0 0 0 0 

544 524 379 53 0 0.610687 0 0 0 0 0 0 0 0 0 0 0 0 0 0 0 0 0 0 0 0 0.0625 0.25 0.125 0.125 0.25 0.0625 0.125 0 0 0 0 0 0 

576 560 415 53 0 0.571429 0 0 0 0 0 0 0 0 0 0 0 0 0 0 0 0 0 0 0 0 0.0588235 0.0588235 0.117647 0.176471 0.294118 0.294118 0 0 0 0 0 0 0 

672 645 472 53 0 0.496124 0 0 0 0 0 0 0 0 0 0 0 0 0 0 0 0 0 0 0 0.05 0 0.1 0.15 0.2 0.25 0.1 0.15 0 0 0 0 0 0 

704 687 496 53 0 0.465793 0 0 0 0 0 0 0 0 0 0 0 0 0 0 0 0 0 0 0 0 0.047619 0.142857 0.238095 0.238095 0.142857 0.142857 0.047619 0 0 0 0 0 0 

512 492 360 53 0 0.650406 0 0 0 0 0 0 0 0 0 0 0 0 0 0 0 0 0.0666667 0 0 0 0 0.0666667 0.133333 0.133333 0.333333 0.2 0.0666667 0 0 0 0 0 0 

608 592 431 53 0 0.540541 0 0 0 0 0 0 0 0 0 0 0 0 0 0 0 0 0 0 0 0 0.0555556 0.0555556 0.111111 0.555556 0.111111 0 0.111111 0 0 0 0 0 0 

608 591 426 53 0 0.541455 0 0 0 0 0 0 0 0 0 0 0 0 0 0 0 0 0 0 0 0 0.166667 0.0555556 0.111111 0.277778 0.222222 0.166667 0 0 0 0 0 0 0 

512 483 357 53 0 0.662526 0 0 0 0 0 0 0 0 0 0 0 0 0 0 0 0 0 0 0 0 0.0666667 0 0.266667 0.0666667 0.266667 0.2 0.133333 0 0 0 0 0 0 

544 524 376 53 0 0.610687 0 0 0 0 0 0 0 0 0 0 0 0 0 0 0 0 0 0 0 0.0625 0.0625 0.0625 0.1875 0.25 0.3125 0 0.0625 0 0 0 0 0 0 

576 551 404 53 0 0.580762 0 0 0 0 0 0 0 0 0 0 0 0 0 0 0 0 0 0 0 0 0 0.0588235 0.176471 0.470588 0.0588235 0.176471 0 0.0588235 0 0 0 0 0 

544 522 380 53 0 0.613027 0 0 0 0 0 0 0 0 0 0 0 0 0 0 0 0 0 0 0 0.0625 0.125 0.0625 0.0625 0.1875 0.25 0.125 0.0625 0.0625 0 0 0 0 0 

672 653 472 53 0 0.490046 0 0 0 0 0 0 0 0 0 0 0 0 0 0 0 0 0 0 0 0.05 0.05 0.05 0.15 0.3 0.3 0.05 0.05 0 0 0 0 0 0 

512 498 364 53 0 0.64257 0 0 0 0 0 0 0 0 0 0 0 0 0 0 0 0 0 0 0 0 0.0666667 0.0666667 0.333333 0.0666667 0.2 0.266667 0 0 0 0 0 0 0 

544 518 376 53 0 0.617761 0 0 0 0 0 0 0 0 0 0 0 0 0 0 0 0 0 0 0 0 0 0.125 0.1875 0.375 0.125 0.125 0.0625 0 0 0 0 0 0 

544 524 385 53 0 0.610687 0 0 0 0 0 0 0 0 0 0 0 0 0 0 0 0 0 0 0 0 0.0625 0.0625 0.1875 0.25 0.1875 0.125 0.125 0 0 0 0 0 0 

544 538 399 53 0 0.594796 0 0 0 0 0 0 0 0 0 0 0 0 0 0 0 0 0 0 0 0 0 0.125 0.0625 0.3125 0.375 0.125 0 0 0 0 0 0 0 

512 487 362 53 0 0.657084 0 0 0 0 0 0 0 0 0 0 0 0 0 0 0 0 0 0 0 0 0 0.2 0.0666667 0.2 0.266667 0.0666667 0.0666667 0.133333 0 0 0 0 0 

608 589 439 53 0 0.543294 0 0 0 0 0 0 0 0 0 0 0 0 0 0 0 0 0 0 0.0555556 0 0 0 0.166667 0.222222 0.166667 0.222222 0.166667 0 0 0 0 0 0 

512 501 380 53 0 0.638723 0 0 0 0 0 0 0 0 0 0 0 0 0 0 0 0 0 0 0 0 0.0666667 0 0.0666667 0.333333 0.0666667 0.266667 0.2 0 0 0 0 0 0 

576 560 412 53 0 0.571429 0 0 0 0 0 0 0 0 0 0 0 0 0 0 0 0 0 0 0 0 0.0588235 0 0.235294 0.294118 0.176471 0.176471 0.0588235 0 0 0 0 0 0 

576 554 390 53 0 0.577617 0 0 0 0 0 0 0 0 0 0 0 0 0 0 0 0 0 0 0.117647 0 0.0588235 0.176471 0.176471 0.117647 0.117647 0.176471 0.0588235 0 0 0 0 0 0 

512 500 374 53 0 0.64 0 0 0 0 0 0 0 0 0 0 0 0 0 0 0 0 0 0 0 0.0666667 0 0.133333 0.0666667 0.2 0.133333 0.133333 0.266667 0 0 0 0 0 0 

544 527 387 53 0 0.607211 0 0 0 0 0 0 0 0 0 0 0 0 0 0 0 0 0 0 0 0 0.0625 0 0.375 0.125 0.125 0.25 0.0625 0 0 0 0 0 0 

512 498 372 53 0 0.64257 0 0 0 0 0 0 0 0 0 0 0 0 0 0 0 0 0 0 0 0 0.0666667 0.0666667 0 0.333333 0.133333 0.4 0 0 0 0 0 0 0 

544 531 391 53 0 0.602637 0 0 0 0 0 0 0 0 0 0 0 0 0 0 0 0 0 0 0 0 0.125 0.0625 0.125 0.1875 0.25 0.125 0.125 0 0 0 0 0 0 

608 582 423 53 0 0.549828 0 0 0 0 0 0 0 0 0 0 0 0 0 0 0 0 0 0.0555556 0 0 0 0.111111 0.111111 0.277778 0.166667 0.166667 0.111111 0 0 0 0 0 0 

512 491 369 53 0 0.651731 0 0 0 0 0 0 0 0 0 0 0 0 0 0 0 0 0 0 0 0 0.0666667 0.0666667 0.0666667 0.266667 0.133333 0.133333 0.2 0.0666667 0 0 0 0 0 

544 522 374 53 0 0.613027 0 0 0 0 0 0 0 0 0 0 0 0 0 0 0 0 0 0 0 0.0625 0.0625 0.125 0.125 0.25 0.25 0.0625 0.0625 0 0 0 0 0 0 

480 452 336 53 0 0.707965 0 0 0 0 0 0 0 0 0 0 0 0 0 0 0 0 0 0 0 0 0.0714286 0 0.0714286 0.285714 0.214286 0.285714 0.0714286 0 0 0 0 0 0 

480 460 343 53 0 0.695652 0 0 0 0 0 0 0 0 0 0 0 0 0 0 0 0 0 0 0 0.0714286 0 0 0.214286 0.0714286 0.285714 0.214286 0.142857 0 0 0 0 0 0 

512 498 363 53 0 0.64257 0 0 0 0 0 0 0 0 0 0 0 0 0 0 0 0 0 0 0 0.0666667 0.0666667 0.133333 0.133333 0.0666667 0.333333 0.0666667 0.133333 0 0 0 0 0 0 

