512 505 363 37 0 0.316832 0 0 0 0 0 0 0 0 0 0 0 0 0 0 0 0 0 0 0 0 0.0666667 0.333333 0.133333 0.0666667 0.266667 0.133333 0 0 0 0 0 0 0 

384 365 276 37 0 0.438356 0 0 0 0 0 0 0 0 0 0 0 0 0 0 0 0 0 0 0 0 0 0.0909091 0.0909091 0.0909091 0.454545 0.0909091 0.181818 0 0 0 0 0 0 

608 592 433 37 0 0.27027 0 0 0 0 0 0 0 0 0 0 0 0 0 0 0 0 0 0 0 0 0 0.166667 0.111111 0.333333 0.222222 0.111111 0.0555556 0 0 0 0 0 0 

416 398 300 37 0 0.40201 0 0 0 0 0 0 0 0 0 0 0 0 0 0 0 0 0 0 0 0 0.0833333 0 0 0.333333 0.25 0.25 0 0.0833333 0 0 0 0 0 

384 366 266 37 0 0.437158 0 0 0 0 0 0 0 0 0 0 0 0 0 0 0 0 0 0 0 0 0 0.0909091 0.363636 0.181818 0.272727 0.0909091 0 0 0 0 0 0 0 

416 398 279 37 0 0.40201 0 0 0 0 0 0 0 0 0 0 0 0 0 0 0 0 0 0 0 0.166667 0.0833333 0 0.25 0.25 0.25 0 0 0 0 0 0 0 0 

608 592 426 37 0 0.27027 0 0 0 0 0 0 0 0 0 0 0 0 0 0 0 0 0 0 0 0 0.0555556 0.111111 0.222222 0.277778 0.277778 0.0555556 0 0 0 0 0 0 0 

384 369 269 37 0 0.433604 0 0 0 0 0 0 0 0 0 0 0 0 0 0 0 0 0 0 0.0909091 0 0.0909091 0 0.181818 0.181818 0.272727 0.0909091 0 0.0909091 0 0 0 0 0 

384 356 267 37 0 0.449438 0 0 0 0 0 0 0 0 0 0 0 0 0 0 0 0 0 0 0 0 0 0.181818 0 0.0909091 0.363636 0.272727 0 0.0909091 0 0 0 0 0 

512 505 370 37 0 0.316832 0 0 0 0 0 0 0 0 0 0 0 0 0 0 0 0 0 0 0 0 0.0666667 0.2 0.2 0.2 0.0666667 0.133333 0.0666667 0.0666667 0 0 0 0 0 

512 505 368 37 0 0.316832 0 0 0 0 0 0 0 0 0 0 0 0 0 0 0 0 0 0 0 0 0.0666667 0.266667 0.133333 0.133333 0.133333 0.2 0.0666667 0 0 0 0 0 0 

416 398 285 37 0 0.40201 0 0 0 0 0 0 0 0 0 0 0 0 0 0 0 0 0 0 0 0.0833333 0.0833333 0 0.333333 0.0833333 0.333333 0.0833333 0 0 0 0 0 0 0 

608 592 426 37 0 0.27027 0 0 0 0 0 0 0 0 0 0 0 0 0 0 0 0 0 0 0 0 0.0555556 0.166667 0.222222 0.222222 0.222222 0.0555556 0.0555556 0 0 0 0 0 0 

384 369 268 37 0 0.433604 0 0 0 0 0 0 0 0 0 0 0 0 0 0 0 0 0 0 0 0 0 0.272727 0.272727 0.0909091 0.0909091 0.272727 0 0 0 0 0 0 0 

384 366 278 37 0 0.437158 0 0 0 0 0 0 0 0 0 0 0 0 0 0 0 0 0 0 0 0 0 0.0909091 0.0909091 0.181818 0.181818 0.272727 0.181818 0 0 0 0 0 0 

416 398 292 37 0 0.40201 0 0 0 0 0 0 0 0 0 0 0 0 0 0 0 0 0 0 0 0.0833333 0 0 0.166667 0.25 0.333333 0.166667 0 0 0 0 0 0 0 

384 365 269 37 0 0.438356 0 0 0 0 0 0 0 0 0 0 0 0 0 0 0 0 0 0 0 0 0 0.0909091 0.272727 0.181818 0.181818 0.272727 0 0 0 0 0 0 0 

672 662 469 37 0 0.241692 0 0 0 0 0 0 0 0 0 0 0 0 0 0 0 0 0 0 0.05 0.05 0.1 0.2 0.2 0.05 0.15 0.05 0.15 0 0 0 0 0 0 

416 398 296 37 0 0.40201 0 0 0 0 0 0 0 0 0 0 0 0 0 0 0 0 0 0 0 0 0.0833333 0 0.333333 0 0.25 0.25 0 0.0833333 0 0 0 0 0 

384 368 273 37 0 0.434783 0 0 0 0 0 0 0 0 0 0 0 0 0 0 0 0 0 0 0 0 0.0909091 0.0909091 0.0909091 0.0909091 0.363636 0.272727 0 0 0 0 0 0 0 

384 369 278 37 0 0.433604 0 0 0 0 0 0 0 0 0 0 0 0 0 0 0 0 0 0 0 0 0 0.0909091 0.0909091 0.181818 0.272727 0.363636 0 0 0 0 0 0 0 

416 398 282 37 0 0.40201 0 0 0 0 0 0 0 0 0 0 0 0 0 0 0 0 0 0 0 0 0.25 0.0833333 0.166667 0.166667 0.25 0.0833333 0 0 0 0 0 0 0 

384 365 268 37 0 0.438356 0 0 0 0 0 0 0 0 0 0 0 0 0 0 0 0 0 0 0 0 0 0.181818 0.0909091 0.181818 0.454545 0.0909091 0 0 0 0 0 0 0 

384 366 270 37 0 0.437158 0 0 0 0 0 0 0 0 0 0 0 0 0 0 0 0 0 0 0 0.0909091 0 0.181818 0.0909091 0.0909091 0.181818 0.181818 0.181818 0 0 0 0 0 0 

384 366 272 37 0 0.437158 0 0 0 0 0 0 0 0 0 0 0 0 0 0 0 0 0 0 0 0 0 0 0.181818 0.363636 0.272727 0.181818 0 0 0 0 0 0 0 

416 398 293 37 0 0.40201 0 0 0 0 0 0 0 0 0 0 0 0 0 0 0 0 0 0 0 0 0 0 0.25 0.416667 0.166667 0.166667 0 0 0 0 0 0 0 

384 356 265 37 0 0.449438 0 0 0 0 0 0 0 0 0 0 0 0 0 0 0 0 0 0 0 0.0909091 0 0 0.0909091 0.0909091 0.363636 0.272727 0.0909091 0 0 0 0 0 0 

416 398 290 37 0 0.40201 0 0 0 0 0 0 0 0 0 0 0 0 0 0 0 0 0 0 0 0 0 0.25 0.0833333 0.333333 0.166667 0.0833333 0.0833333 0 0 0 0 0 0 

384 369 284 37 0 0.433604 0 0 0 0 0 0 0 0 0 0 0 0 0 0 0 0 0 0 0 0 0 0.0909091 0 0 0.454545 0.363636 0.0909091 0 0 0 0 0 0 

416 398 290 37 0 0.40201 0 0 0 0 0 0 0 0 0 0 0 0 0 0 0 0 0 0 0 0 0.166667 0 0.0833333 0.416667 0.0833333 0.25 0 0 0 0 0 0 0 

416 398 294 37 0 0.40201 0 0 0 0 0 0 0 0 0 0 0 0 0 0 0 0 0 0 0 0 0 0.0833333 0.25 0.25 0.25 0 0.166667 0 0 0 0 0 0 

608 592 432 37 0 0.27027 0 0 0 0 0 0 0 0 0 0 0 0 0 0 0 0 0 0 0 0 0.166667 0.0555556 0.111111 0.166667 0.277778 0.111111 0.111111 0 0 0 0 0 0 

672 662 480 37 0 0.241692 0 0 0 0 0 0 0 0 0 0 0 0 0 0 0 0 0 0 0 0.1 0.05 0.05 0.05 0.35 0.25 0.1 0.05 0 0 0 0 0 0 

384 367 269 37 0 0.435967 0 0 0 0 0 0 0 0 0 0 0 0 0 0 0 0 0 0 0 0 0 0.181818 0.272727 0.181818 0 0.363636 0 0 0 0 0 0 0 

416 398 296 37 0 0.40201 0 0 0 0 0 0 0 0 0 0 0 0 0 0 0 0 0 0 0 0 0.166667 0 0 0.25 0.25 0.25 0.0833333 0 0 0 0 0 0 

384 373 271 37 0 0.428954 0 0 0 0 0 0 0 0 0 0 0 0 0 0 0 0 0 0 0 0.0909091 0 0.0909091 0.272727 0.272727 0 0.272727 0 0 0 0 0 0 0 

416 398 293 37 0 0.40201 0 0 0 0 0 0 0 0 0 0 0 0 0 0 0 0 0 0 0 0 0.0833333 0 0.166667 0.416667 0.0833333 0.166667 0.0833333 0 0 0 0 0 0 

608 592 437 37 0 0.27027 0 0 0 0 0 0 0 0 0 0 0 0 0 0 0 0 0 0 0 0 0 0.0555556 0.333333 0.111111 0.277778 0.111111 0.111111 0 0 0 0 0 0 

416 398 285 37 0 0.40201 0 0 0 0 0 0 0 0 0 0 0 0 0 0 0 0 0 0 0 0.0833333 0 0 0.416667 0.25 0.166667 0.0833333 0 0 0 0 0 0 0 

416 398 290 37 0 0.40201 0 0 0 0 0 0 0 0 0 0 0 0 0 0 0 0 0 0 0 0 0 0.0833333 0.333333 0.333333 0 0.25 0 0 0 0 0 0 0 

416 398 303 37 0 0.40201 0 0 0 0 0 0 0 0 0 0 0 0 0 0 0 0 0 0 0 0 0 0 0.0833333 0.416667 0.0833333 0.25 0.0833333 0.0833333 0 0 0 0 0 

384 368 271 37 0 0.434783 0 0 0 0 0 0 0 0 0 0 0 0 0 0 0 0 0 0 0 0 0.0909091 0.0909091 0 0.363636 0.272727 0.181818 0 0 0 0 0 0 0 

416 398 300 37 0 0.40201 0 0 0 0 0 0 0 0 0 0 0 0 0 0 0 0 0 0 0 0 0 0 0.166667 0.0833333 0.583333 0.0833333 0.0833333 0 0 0 0 0 0 

384 367 282 37 0 0.435967 0 0 0 0 0 0 0 0 0 0 0 0 0 0 0 0 0 0 0 0 0 0 0.0909091 0 0.545455 0.272727 0.0909091 0 0 0 0 0 0 

416 398 297 37 0 0.40201 0 0 0 0 0 0 0 0 0 0 0 0 0 0 0 0 0 0 0 0 0.0833333 0 0.0833333 0.25 0.25 0.333333 0 0 0 0 0 0 0 

384 365 267 37 0 0.438356 0 0 0 0 0 0 0 0 0 0 0 0 0 0 0 0 0 0 0 0 0 0.0909091 0.363636 0.0909091 0.363636 0 0.0909091 0 0 0 0 0 0 

672 662 466 37 0 0.241692 0 0 0 0 0 0 0 0 0 0 0 0 0 0 0 0 0 0.05 0 0.05 0.2 0.05 0.05 0.25 0.25 0.1 0 0 0 0 0 0 0 

384 369 279 37 0 0.433604 0 0 0 0 0 0 0 0 0 0 0 0 0 0 0 0 0 0 0 0 0 0.181818 0 0.0909091 0.454545 0.0909091 0.181818 0 0 0 0 0 0 

416 398 296 37 0 0.40201 0 0 0 0 0 0 0 0 0 0 0 0 0 0 0 0 0 0 0 0 0 0.0833333 0.166667 0.166667 0.333333 0.25 0 0 0 0 0 0 0 

416 398 281 37 0 0.40201 0 0 0 0 0 0 0 0 0 0 0 0 0 0 0 0 0 0 0 0 0 0.333333 0.25 0.25 0.166667 0 0 0 0 0 0 0 0 

416 398 293 37 0 0.40201 0 0 0 0 0 0 0 0 0 0 0 0 0 0 0 0 0 0 0 0.0833333 0 0.0833333 0.0833333 0.25 0.25 0.166667 0.0833333 0 0 0 0 0 0 

416 398 290 37 0 0.40201 0 0 0 0 0 0 0 0 0 0 0 0 0 0 0 0 0 0 0.0833333 0 0 0.0833333 0.166667 0.25 0.25 0 0.166667 0 0 0 0 0 0 

384 369 276 37 0 0.433604 0 0 0 0 0 0 0 0 0 0 0 0 0 0 0 0 0 0 0 0 0 0.0909091 0.0909091 0.181818 0.454545 0.181818 0 0 0 0 0 0 0 

608 592 437 37 0 0.27027 0 0 0 0 0 0 0 0 0 0 0 0 0 0 0 0 0 0 0 0 0 0.0555556 0.111111 0.388889 0.277778 0.166667 0 0 0 0 0 0 0 

384 366 269 37 0 0.437158 0 0 0 0 0 0 0 0 0 0 0 0 0 0 0 0 0 0 0 0 0.0909091 0.0909091 0.0909091 0.272727 0.181818 0.272727 0 0 0 0 0 0 0 

576 569 420 37 0 0.281195 0 0 0 0 0 0 0 0 0 0 0 0 0 0 0 0 0 0 0 0 0.0588235 0.176471 0.0588235 0.235294 0.235294 0.117647 0.117647 0 0 0 0 0 0 

416 398 297 37 0 0.40201 0 0 0 0 0 0 0 0 0 0 0 0 0 0 0 0 0 0 0 0 0.0833333 0 0.25 0 0.416667 0.166667 0 0.0833333 0 0 0 0 0 

384 356 267 37 0 0.449438 0 0 0 0 0 0 0 0 0 0 0 0 0 0 0 0 0 0 0 0 0 0 0.181818 0.0909091 0.545455 0 0.181818 0 0 0 0 0 0 

416 398 284 37 0 0.40201 0 0 0 0 0 0 0 0 0 0 0 0 0 0 0 0 0 0 0 0.0833333 0 0.166667 0.166667 0.333333 0.166667 0.0833333 0 0 0 0 0 0 0 

416 398 294 37 0 0.40201 0 0 0 0 0 0 0 0 0 0 0 0 0 0 0 0 0 0 0 0 0 0.25 0.166667 0.166667 0.0833333 0.0833333 0.25 0 0 0 0 0 0 

384 366 269 37 0 0.437158 0 0 0 0 0 0 0 0 0 0 0 0 0 0 0 0 0 0 0 0 0 0.272727 0 0.0909091 0.545455 0.0909091 0 0 0 0 0 0 0 

416 398 293 37 0 0.40201 0 0 0 0 0 0 0 0 0 0 0 0 0 0 0 0 0 0 0 0 0 0.166667 0.0833333 0.333333 0.25 0.0833333 0.0833333 0 0 0 0 0 0 

416 398 288 37 0 0.40201 0 0 0 0 0 0 0 0 0 0 0 0 0 0 0 0 0 0 0 0 0.166667 0.0833333 0.0833333 0.25 0.25 0.166667 0 0 0 0 0 0 0 

416 398 288 37 0 0.40201 0 0 0 0 0 0 0 0 0 0 0 0 0 0 0 0 0 0 0 0 0 0.0833333 0.333333 0.25 0.333333 0 0 0 0 0 0 0 0 

416 398 289 37 0 0.40201 0 0 0 0 0 0 0 0 0 0 0 0 0 0 0 0 0 0 0.0833333 0 0 0.166667 0.0833333 0.25 0.166667 0.166667 0.0833333 0 0 0 0 0 0 

512 504 362 37 0 0.31746 0 0 0 0 0 0 0 0 0 0 0 0 0 0 0 0 0 0 0 0.0666667 0.133333 0 0.4 0.133333 0 0.2 0.0666667 0 0 0 0 0 0 

416 398 291 37 0 0.40201 0 0 0 0 0 0 0 0 0 0 0 0 0 0 0 0 0 0 0.0833333 0 0 0.166667 0 0.25 0.25 0.166667 0.0833333 0 0 0 0 0 0 

416 398 292 37 0 0.40201 0 0 0 0 0 0 0 0 0 0 0 0 0 0 0 0 0 0 0 0 0.0833333 0.0833333 0.166667 0.166667 0.25 0.25 0 0 0 0 0 0 0 

384 366 273 37 0 0.437158 0 0 0 0 0 0 0 0 0 0 0 0 0 0 0 0 0 0 0 0 0.0909091 0 0 0.454545 0.181818 0.181818 0.0909091 0 0 0 0 0 0 

384 368 269 37 0 0.434783 0 0 0 0 0 0 0 0 0 0 0 0 0 0 0 0 0 0 0 0 0.181818 0 0.272727 0.181818 0.181818 0 0.0909091 0.0909091 0 0 0 0 0 

416 398 297 37 0 0.40201 0 0 0 0 0 0 0 0 0 0 0 0 0 0 0 0 0 0 0 0 0.0833333 0.0833333 0 0.25 0.333333 0.166667 0 0.0833333 0 0 0 0 0 

416 398 288 37 0 0.40201 0 0 0 0 0 0 0 0 0 0 0 0 0 0 0 0 0 0 0 0 0.0833333 0.166667 0.166667 0.25 0.166667 0.0833333 0.0833333 0 0 0 0 0 0 

384 367 274 37 0 0.435967 0 0 0 0 0 0 0 0 0 0 0 0 0 0 0 0 0 0 0 0.0909091 0 0 0.181818 0.181818 0.181818 0.181818 0.181818 0 0 0 0 0 0 

1056 1049 754 37 0 0.152526 0 0 0 0 0 0 0 0 0 0 0 0 0 0 0 0 0 0 0 0.09375 0.03125 0.09375 0.25 0.1875 0.09375 0.15625 0.09375 0 0 0 0 0 0 

384 366 270 37 0 0.437158 0 0 0 0 0 0 0 0 0 0 0 0 0 0 0 0 0 0 0 0 0 0.0909091 0.181818 0.272727 0.272727 0.181818 0 0 0 0 0 0 0 

384 356 274 37 0 0.449438 0 0 0 0 0 0 0 0 0 0 0 0 0 0 0 0 0 0 0 0 0 0 0 0.363636 0.181818 0.0909091 0.272727 0.0909091 0 0 0 0 0 

576 569 414 37 0 0.281195 0 0 0 0 0 0 0 0 0 0 0 0 0 0 0 0 0 0 0 0.0588235 0.0588235 0.0588235 0.235294 0.117647 0.352941 0.0588235 0.0588235 0 0 0 0 0 0 

384 365 275 37 0 0.438356 0 0 0 0 0 0 0 0 0 0 0 0 0 0 0 0 0 0 0 0 0 0 0.0909091 0.272727 0.363636 0.272727 0 0 0 0 0 0 0 

384 368 268 37 0 0.434783 0 0 0 0 0 0 0 0 0 0 0 0 0 0 0 0 0 0 0 0 0.0909091 0.181818 0.0909091 0.181818 0.272727 0.181818 0 0 0 0 0 0 0 

576 569 426 37 0 0.281195 0 0 0 0 0 0 0 0 0 0 0 0 0 0 0 0 0 0 0 0 0.117647 0.0588235 0.117647 0.117647 0.235294 0.117647 0.235294 0 0 0 0 0 0 

384 366 269 37 0 0.437158 0 0 0 0 0 0 0 0 0 0 0 0 0 0 0 0 0 0 0 0 0 0.0909091 0.272727 0.0909091 0.454545 0.0909091 0 0 0 0 0 0 0 

384 366 279 37 0 0.437158 0 0 0 0 0 0 0 0 0 0 0 0 0 0 0 0 0 0 0 0 0 0 0.181818 0.181818 0.181818 0.272727 0.181818 0 0 0 0 0 0 

416 398 289 37 0 0.40201 0 0 0 0 0 0 0 0 0 0 0 0 0 0 0 0 0 0 0 0 0.0833333 0 0.333333 0.333333 0.0833333 0.0833333 0.0833333 0 0 0 0 0 0 

384 369 277 37 0 0.433604 0 0 0 0 0 0 0 0 0 0 0 0 0 0 0 0 0 0 0 0 0.181818 0 0.0909091 0.0909091 0.363636 0 0.181818 0.0909091 0 0 0 0 0 

384 366 277 37 0 0.437158 0 0 0 0 0 0 0 0 0 0 0 0 0 0 0 0 0 0 0 0 0 0.0909091 0.0909091 0.181818 0.272727 0.272727 0 0.0909091 0 0 0 0 0 

384 356 268 37 0 0.449438 0 0 0 0 0 0 0 0 0 0 0 0 0 0 0 0 0 0 0 0 0.0909091 0 0 0.181818 0.363636 0.181818 0.181818 0 0 0 0 0 0 

512 505 362 37 0 0.316832 0 0 0 0 0 0 0 0 0 0 0 0 0 0 0 0 0 0 0 0 0.0666667 0.333333 0.0666667 0.266667 0.133333 0.133333 0 0 0 0 0 0 0 

416 398 295 37 0 0.40201 0 0 0 0 0 0 0 0 0 0 0 0 0 0 0 0 0 0 0 0.0833333 0.0833333 0 0 0.25 0.166667 0.416667 0 0 0 0 0 0 0 

384 368 270 37 0 0.434783 0 0 0 0 0 0 0 0 0 0 0 0 0 0 0 0 0 0 0 0.0909091 0 0.0909091 0.0909091 0.272727 0.272727 0.0909091 0.0909091 0 0 0 0 0 0 

384 374 293 37 0 0.427807 0 0 0 0 0 0 0 0 0 0 0 0 0 0 0 0 0 0 0 0 0 0.0909091 0.0909091 0.0909091 0.0909091 0.272727 0.272727 0 0.0909091 0 0 0 0 

608 592 431 37 0 0.27027 0 0 0 0 0 0 0 0 0 0 0 0 0 0 0 0 0 0 0 0.0555556 0.0555556 0.0555556 0.222222 0.166667 0.222222 0.111111 0.111111 0 0 0 0 0 0 

384 374 266 37 0 0.427807 0 0 0 0 0 0 0 0 0 0 0 0 0 0 0 0 0 0.0909091 0 0 0.0909091 0.0909091 0.272727 0.0909091 0.272727 0.0909091 0 0 0 0 0 0 0 

416 398 293 37 0 0.40201 0 0 0 0 0 0 0 0 0 0 0 0 0 0 0 0 0 0 0 0 0 0.166667 0.25 0.166667 0.166667 0.166667 0 0.0833333 0 0 0 0 0 

384 368 275 37 0 0.434783 0 0 0 0 0 0 0 0 0 0 0 0 0 0 0 0 0 0 0 0 0 0 0.181818 0.363636 0.272727 0.0909091 0.0909091 0 0 0 0 0 0 

384 369 265 37 0 0.433604 0 0 0 0 0 0 0 0 0 0 0 0 0 0 0 0 0 0 0 0.0909091 0 0.0909091 0.363636 0.272727 0.0909091 0 0 0.0909091 0 0 0 0 0 

416 398 305 37 0 0.40201 0 0 0 0 0 0 0 0 0 0 0 0 0 0 0 0 0 0 0 0 0 0 0.0833333 0.0833333 0.416667 0.333333 0.0833333 0 0 0 0 0 0 

384 366 276 37 0 0.437158 0 0 0 0 0 0 0 0 0 0 0 0 0 0 0 0 0 0 0 0 0 0 0.0909091 0.363636 0.272727 0.181818 0.0909091 0 0 0 0 0 0 

384 369 279 37 0 0.433604 0 0 0 0 0 0 0 0 0 0 0 0 0 0 0 0 0 0 0 0 0.0909091 0.0909091 0.0909091 0.0909091 0.272727 0 0.363636 0 0 0 0 0 0 

512 505 370 37 0 0.316832 0 0 0 0 0 0 0 0 0 0 0 0 0 0 0 0 0 0 0 0 0.0666667 0.133333 0.0666667 0.333333 0.266667 0.133333 0 0 0 0 0 0 0 

416 398 282 37 0 0.40201 0 0 0 0 0 0 0 0 0 0 0 0 0 0 0 0 0 0 0 0 0 0.416667 0 0.416667 0.166667 0 0 0 0 0 0 0 0 

