992 967 706 75 0 0.661841 0 0 0 0 0 0 0 0 0 0 0 0 0 0 0 0 0 0 0 0 0 0.133333 0.2 0.233333 0.166667 0.2 0.0666667 0 0 0 0 0 0 

992 971 699 75 0 0.659114 0 0 0 0 0 0 0 0 0 0 0 0 0 0 0 0 0 0 0 0.0333333 0.0666667 0.133333 0.133333 0.2 0.233333 0.166667 0.0333333 0 0 0 0 0 0 

992 964 702 75 0 0.6639 0 0 0 0 0 0 0 0 0 0 0 0 0 0 0 0 0 0 0 0.0333333 0.0666667 0 0.2 0.2 0.233333 0.233333 0.0333333 0 0 0 0 0 0 

928 900 668 75 0 0.711111 0 0 0 0 0 0 0 0 0 0 0 0 0 0 0 0 0 0 0 0 0 0.0357143 0.214286 0.178571 0.321429 0.107143 0.107143 0.0357143 0 0 0 0 0 

992 969 705 75 0 0.660475 0 0 0 0 0 0 0 0 0 0 0 0 0 0 0 0 0 0 0 0.0666667 0.0333333 0.0666667 0.166667 0.233333 0.1 0.266667 0.0333333 0.0333333 0 0 0 0 0 

960 934 688 75 0 0.685225 0 0 0 0 0 0 0 0 0 0 0 0 0 0 0 0 0 0 0 0 0.0344828 0.0344828 0.310345 0.0689655 0.275862 0.103448 0.172414 0 0 0 0 0 0 

992 964 696 75 0 0.6639 0 0 0 0 0 0 0 0 0 0 0 0 0 0 0 0 0 0 0 0.0333333 0 0.1 0.133333 0.333333 0.266667 0.133333 0 0 0 0 0 0 0 

992 967 712 75 0 0.661841 0 0 0 0 0 0 0 0 0 0 0 0 0 0 0 0 0 0 0 0.0333333 0 0.1 0.133333 0.133333 0.3 0.233333 0.0666667 0 0 0 0 0 0 

992 971 709 75 0 0.659114 0 0 0 0 0 0 0 0 0 0 0 0 0 0 0 0 0 0 0 0.0333333 0 0.133333 0.133333 0.3 0.1 0.2 0.1 0 0 0 0 0 0 

1024 996 722 75 0 0.64257 0 0 0 0 0 0 0 0 0 0 0 0 0 0 0 0 0 0 0 0.0322581 0.0645161 0.16129 0.0967742 0.0967742 0.225806 0.290323 0.0322581 0 0 0 0 0 0 

896 874 642 75 0 0.732265 0 0 0 0 0 0 0 0 0 0 0 0 0 0 0 0 0 0 0 0.037037 0.037037 0.148148 0.185185 0.148148 0.111111 0.037037 0.222222 0.0740741 0 0 0 0 0 

992 966 707 75 0 0.662526 0 0 0 0 0 0 0 0 0 0 0 0 0 0 0 0 0 0 0 0.0333333 0.0666667 0.0666667 0.1 0.233333 0.166667 0.233333 0.1 0 0 0 0 0 0 

928 902 660 75 0 0.709534 0 0 0 0 0 0 0 0 0 0 0 0 0 0 0 0 0 0 0 0 0 0.107143 0.321429 0.107143 0.214286 0.142857 0.0714286 0 0.0357143 0 0 0 0 

1088 1062 758 75 0 0.602637 0 0 0 0 0 0 0 0 0 0 0 0 0 0 0 0 0 0 0.030303 0 0.0909091 0.121212 0.151515 0.272727 0.181818 0.0606061 0.0606061 0.030303 0 0 0 0 0 

1024 993 712 75 0 0.644512 0 0 0 0 0 0 0 0 0 0 0 0 0 0 0 0 0 0 0 0 0.0967742 0.129032 0.16129 0.16129 0.290323 0.129032 0.0322581 0 0 0 0 0 0 

992 964 703 75 0 0.6639 0 0 0 0 0 0 0 0 0 0 0 0 0 0 0 0 0 0 0.0333333 0 0.0333333 0.0333333 0.2 0.266667 0.2 0.1 0.1 0.0333333 0 0 0 0 0 

1024 996 714 75 0 0.64257 0 0 0 0 0 0 0 0 0 0 0 0 0 0 0 0 0 0 0 0 0.0645161 0.129032 0.225806 0.193548 0.193548 0.193548 0 0 0 0 0 0 0 

960 932 692 75 0 0.686695 0 0 0 0 0 0 0 0 0 0 0 0 0 0 0 0 0 0 0 0 0 0.0689655 0.241379 0.0689655 0.344828 0.137931 0.0689655 0.0689655 0 0 0 0 0 

1024 993 711 75 0 0.644512 0 0 0 0 0 0 0 0 0 0 0 0 0 0 0 0 0 0 0 0.0322581 0.0967742 0 0.290323 0.193548 0.225806 0.0967742 0.0645161 0 0 0 0 0 0 

960 931 683 75 0 0.687433 0 0 0 0 0 0 0 0 0 0 0 0 0 0 0 0 0 0 0 0 0.0344828 0.137931 0.137931 0.206897 0.206897 0.103448 0.137931 0.0344828 0 0 0 0 0 

992 971 706 75 0 0.659114 0 0 0 0 0 0 0 0 0 0 0 0 0 0 0 0 0 0 0 0 0.0333333 0.0666667 0.3 0.266667 0.1 0.133333 0.0666667 0.0333333 0 0 0 0 0 

960 934 685 75 0 0.685225 0 0 0 0 0 0 0 0 0 0 0 0 0 0 0 0 0 0 0 0 0.0689655 0.0344828 0.172414 0.206897 0.310345 0.103448 0.0689655 0.0344828 0 0 0 0 0 

992 966 715 75 0 0.662526 0 0 0 0 0 0 0 0 0 0 0 0 0 0 0 0 0 0 0 0 0.0333333 0.0333333 0.0666667 0.333333 0.266667 0.2 0.0666667 0 0 0 0 0 0 

1024 994 727 75 0 0.643863 0 0 0 0 0 0 0 0 0 0 0 0 0 0 0 0 0 0 0 0.0645161 0 0.0967742 0.0645161 0.258065 0.16129 0.322581 0.0322581 0 0 0 0 0 0 

992 969 701 75 0 0.660475 0 0 0 0 0 0 0 0 0 0 0 0 0 0 0 0 0 0 0.0333333 0 0.0333333 0.133333 0.2 0.133333 0.2 0.2 0.0666667 0 0 0 0 0 0 

992 969 705 75 0 0.660475 0 0 0 0 0 0 0 0 0 0 0 0 0 0 0 0 0 0 0 0 0.0333333 0.0333333 0.233333 0.233333 0.366667 0.0666667 0.0333333 0 0 0 0 0 0 

960 934 675 75 0 0.685225 0 0 0 0 0 0 0 0 0 0 0 0 0 0 0 0 0 0 0 0.0344828 0 0.206897 0.172414 0.172414 0.241379 0.0689655 0.0344828 0.0344828 0.0344828 0 0 0 0 

960 931 682 75 0 0.687433 0 0 0 0 0 0 0 0 0 0 0 0 0 0 0 0 0 0 0.0344828 0 0 0.137931 0.137931 0.137931 0.275862 0.172414 0.0689655 0 0.0344828 0 0 0 0 

992 966 710 75 0 0.662526 0 0 0 0 0 0 0 0 0 0 0 0 0 0 0 0 0 0 0 0.0333333 0.0333333 0.0666667 0.133333 0.3 0.133333 0.166667 0.0666667 0.0333333 0.0333333 0 0 0 0 

992 967 696 75 0 0.661841 0 0 0 0 0 0 0 0 0 0 0 0 0 0 0 0 0 0 0 0.0333333 0 0.0666667 0.233333 0.366667 0.166667 0.1 0.0333333 0 0 0 0 0 0 

960 937 696 75 0 0.683031 0 0 0 0 0 0 0 0 0 0 0 0 0 0 0 0 0 0 0 0 0 0.0344828 0.206897 0.241379 0.275862 0.103448 0.0689655 0.0689655 0 0 0 0 0 

992 969 698 75 0 0.660475 0 0 0 0 0 0 0 0 0 0 0 0 0 0 0 0 0 0 0 0 0.0666667 0.133333 0.133333 0.333333 0.166667 0.1 0.0666667 0 0 0 0 0 0 

992 971 714 75 0 0.659114 0 0 0 0 0 0 0 0 0 0 0 0 0 0 0 0 0 0 0 0.0333333 0.0333333 0.0333333 0.2 0.266667 0.1 0.2 0.1 0.0333333 0 0 0 0 0 

960 931 682 75 0 0.687433 0 0 0 0 0 0 0 0 0 0 0 0 0 0 0 0 0 0 0 0 0.0344828 0.0689655 0.275862 0.137931 0.172414 0.172414 0.137931 0 0 0 0 0 0 

1024 996 719 75 0 0.64257 0 0 0 0 0 0 0 0 0 0 0 0 0 0 0 0 0 0 0.0322581 0 0 0.0967742 0.225806 0.258065 0.193548 0.129032 0.0645161 0 0 0 0 0 0 

992 971 705 75 0 0.659114 0 0 0 0 0 0 0 0 0 0 0 0 0 0 0 0 0 0 0 0.0333333 0 0.1 0.233333 0.233333 0.2 0.1 0.1 0 0 0 0 0 0 

960 934 679 75 0 0.685225 0 0 0 0 0 0 0 0 0 0 0 0 0 0 0 0 0 0 0 0.0344828 0.0344828 0.0689655 0.137931 0.275862 0.172414 0.275862 0 0 0 0 0 0 0 

992 967 707 75 0 0.661841 0 0 0 0 0 0 0 0 0 0 0 0 0 0 0 0 0 0 0 0 0 0.1 0.133333 0.3 0.3 0.133333 0.0333333 0 0 0 0 0 0 

992 971 702 75 0 0.659114 0 0 0 0 0 0 0 0 0 0 0 0 0 0 0 0 0 0 0 0.0333333 0.0666667 0.1 0.1 0.266667 0.2 0.233333 0 0 0 0 0 0 0 

992 969 690 75 0 0.660475 0 0 0 0 0 0 0 0 0 0 0 0 0 0 0 0 0 0 0.0333333 0 0.1 0.0666667 0.233333 0.166667 0.266667 0.133333 0 0 0 0 0 0 0 

1024 996 710 75 0 0.64257 0 0 0 0 0 0 0 0 0 0 0 0 0 0 0 0 0 0.0322581 0 0 0.0967742 0.0967742 0.258065 0.225806 0.0645161 0.0967742 0.0967742 0 0.0322581 0 0 0 0 

960 934 680 75 0 0.685225 0 0 0 0 0 0 0 0 0 0 0 0 0 0 0 0 0 0 0 0 0.0689655 0 0.241379 0.172414 0.37931 0.103448 0.0344828 0 0 0 0 0 0 

992 962 694 75 0 0.665281 0 0 0 0 0 0 0 0 0 0 0 0 0 0 0 0 0 0 0 0.0666667 0.0666667 0.0666667 0.133333 0.2 0.233333 0.133333 0.1 0 0 0 0 0 0 

992 967 686 75 0 0.661841 0 0 0 0 0 0 0 0 0 0 0 0 0 0 0 0 0 0 0 0.0666667 0.0666667 0.166667 0.2 0.166667 0.166667 0.0333333 0.133333 0 0 0 0 0 0 

960 931 680 75 0 0.687433 0 0 0 0 0 0 0 0 0 0 0 0 0 0 0 0 0 0 0 0.0344828 0 0.0344828 0.206897 0.206897 0.344828 0.103448 0.0689655 0 0 0 0 0 0 

960 932 680 75 0 0.686695 0 0 0 0 0 0 0 0 0 0 0 0 0 0 0 0 0 0.0344828 0 0 0 0.103448 0.172414 0.172414 0.241379 0.172414 0.103448 0 0 0 0 0 0 

992 969 705 75 0 0.660475 0 0 0 0 0 0 0 0 0 0 0 0 0 0 0 0 0 0 0 0 0.0333333 0.1 0.2 0.2 0.266667 0.166667 0.0333333 0 0 0 0 0 0 

992 971 719 75 0 0.659114 0 0 0 0 0 0 0 0 0 0 0 0 0 0 0 0 0 0 0 0 0 0.166667 0.0666667 0.233333 0.2 0.266667 0.0333333 0 0.0333333 0 0 0 0 

1024 994 711 75 0 0.643863 0 0 0 0 0 0 0 0 0 0 0 0 0 0 0 0 0 0 0 0 0.0322581 0.258065 0.0967742 0.193548 0.290323 0.0967742 0.0322581 0 0 0 0 0 0 

992 971 724 75 0 0.659114 0 0 0 0 0 0 0 0 0 0 0 0 0 0 0 0 0 0 0 0.0333333 0 0.0333333 0.0666667 0.266667 0.3 0.2 0.0666667 0.0333333 0 0 0 0 0 

960 931 690 75 0 0.687433 0 0 0 0 0 0 0 0 0 0 0 0 0 0 0 0 0 0 0 0 0 0.0689655 0.137931 0.206897 0.344828 0.137931 0.0689655 0.0344828 0 0 0 0 0 

1120 1089 781 75 0 0.587695 0 0 0 0 0 0 0 0 0 0 0 0 0 0 0 0 0 0 0 0.0588235 0.0294118 0.117647 0.205882 0.176471 0.176471 0.176471 0.0588235 0 0 0 0 0 0 

928 900 667 75 0 0.711111 0 0 0 0 0 0 0 0 0 0 0 0 0 0 0 0 0 0 0 0 0.0714286 0.0357143 0.0714286 0.285714 0.178571 0.214286 0.142857 0 0 0 0 0 0 

992 967 705 75 0 0.661841 0 0 0 0 0 0 0 0 0 0 0 0 0 0 0 0 0 0 0 0.0333333 0 0.0666667 0.166667 0.333333 0.2 0.1 0.1 0 0 0 0 0 0 

1024 993 708 75 0 0.644512 0 0 0 0 0 0 0 0 0 0 0 0 0 0 0 0 0 0 0 0.0645161 0.0322581 0.0645161 0.225806 0.258065 0.225806 0.0967742 0.0322581 0 0 0 0 0 0 

992 964 710 75 0 0.6639 0 0 0 0 0 0 0 0 0 0 0 0 0 0 0 0 0 0 0 0.0333333 0.0333333 0.0333333 0.2 0.233333 0.133333 0.133333 0.166667 0.0333333 0 0 0 0 0 

992 967 710 75 0 0.661841 0 0 0 0 0 0 0 0 0 0 0 0 0 0 0 0 0 0 0 0 0.0666667 0.1 0.0666667 0.266667 0.3 0.1 0.0333333 0.0333333 0.0333333 0 0 0 0 

1024 996 719 75 0 0.64257 0 0 0 0 0 0 0 0 0 0 0 0 0 0 0 0 0 0 0 0.0322581 0.0322581 0.129032 0.225806 0.16129 0.16129 0.193548 0.0322581 0.0322581 0 0 0 0 0 

992 971 701 75 0 0.659114 0 0 0 0 0 0 0 0 0 0 0 0 0 0 0 0 0 0 0 0.0666667 0.0333333 0.133333 0.133333 0.2 0.166667 0.2 0.0666667 0 0 0 0 0 0 

1024 996 715 75 0 0.64257 0 0 0 0 0 0 0 0 0 0 0 0 0 0 0 0 0 0 0 0 0.0967742 0.0645161 0.225806 0.16129 0.387097 0.0322581 0 0.0322581 0 0 0 0 0 

960 934 693 75 0 0.685225 0 0 0 0 0 0 0 0 0 0 0 0 0 0 0 0 0 0 0 0 0 0 0.137931 0.344828 0.241379 0.241379 0.0344828 0 0 0 0 0 0 

1024 994 714 75 0 0.643863 0 0 0 0 0 0 0 0 0 0 0 0 0 0 0 0 0 0 0 0 0.0645161 0.0967742 0.193548 0.290323 0.193548 0.129032 0.0322581 0 0 0 0 0 0 

992 967 704 75 0 0.661841 0 0 0 0 0 0 0 0 0 0 0 0 0 0 0 0 0 0 0 0 0.0333333 0.0333333 0.3 0.233333 0.166667 0.166667 0.0666667 0 0 0 0 0 0 

960 934 684 75 0 0.685225 0 0 0 0 0 0 0 0 0 0 0 0 0 0 0 0 0 0 0 0 0.0689655 0.103448 0.103448 0.241379 0.241379 0.103448 0.103448 0.0344828 0 0 0 0 0 

928 902 658 75 0 0.709534 0 0 0 0 0 0 0 0 0 0 0 0 0 0 0 0 0 0 0 0.0357143 0.0714286 0.107143 0.107143 0.142857 0.214286 0.214286 0.107143 0 0 0 0 0 0 

992 971 705 75 0 0.659114 0 0 0 0 0 0 0 0 0 0 0 0 0 0 0 0 0 0 0 0 0.0333333 0.1 0.333333 0.133333 0.166667 0.133333 0.0666667 0.0333333 0 0 0 0 0 

992 971 695 75 0 0.659114 0 0 0 0 0 0 0 0 0 0 0 0 0 0 0 0 0 0 0 0.0333333 0.0333333 0.1 0.266667 0.266667 0.166667 0.0666667 0.0666667 0 0 0 0 0 0 

1024 993 715 75 0 0.644512 0 0 0 0 0 0 0 0 0 0 0 0 0 0 0 0 0 0 0 0 0.0322581 0.129032 0.322581 0.129032 0.16129 0.129032 0.0967742 0 0 0 0 0 0 

1024 995 724 75 0 0.643216 0 0 0 0 0 0 0 0 0 0 0 0 0 0 0 0 0 0 0 0.0322581 0.0645161 0.0645161 0.129032 0.225806 0.258065 0.129032 0.0645161 0.0322581 0 0 0 0 0 

992 969 707 75 0 0.660475 0 0 0 0 0 0 0 0 0 0 0 0 0 0 0 0 0 0 0 0.0333333 0.0333333 0.1 0.2 0.133333 0.233333 0.166667 0.0666667 0.0333333 0 0 0 0 0 

992 968 702 75 0 0.661157 0 0 0 0 0 0 0 0 0 0 0 0 0 0 0 0 0 0 0.0333333 0 0.0333333 0.2 0.1 0.166667 0.233333 0.133333 0 0.1 0 0 0 0 0 

992 964 715 75 0 0.6639 0 0 0 0 0 0 0 0 0 0 0 0 0 0 0 0 0 0 0 0 0.0333333 0.0333333 0.166667 0.166667 0.333333 0.133333 0.1 0.0333333 0 0 0 0 0 

992 971 721 75 0 0.659114 0 0 0 0 0 0 0 0 0 0 0 0 0 0 0 0 0 0 0 0 0.0333333 0.0666667 0.133333 0.2 0.266667 0.166667 0.1 0.0333333 0 0 0 0 0 

992 966 718 75 0 0.662526 0 0 0 0 0 0 0 0 0 0 0 0 0 0 0 0 0 0 0.0333333 0 0 0.0333333 0.166667 0.2 0.2 0.2 0.133333 0.0333333 0 0 0 0 0 

992 966 704 75 0 0.662526 0 0 0 0 0 0 0 0 0 0 0 0 0 0 0 0 0 0 0 0 0 0.1 0.233333 0.166667 0.3 0.2 0 0 0 0 0 0 0 

960 931 691 75 0 0.687433 0 0 0 0 0 0 0 0 0 0 0 0 0 0 0 0 0 0 0 0 0.0344828 0.0689655 0.172414 0.172414 0.241379 0.103448 0.137931 0.0689655 0 0 0 0 0 

992 964 706 75 0 0.6639 0 0 0 0 0 0 0 0 0 0 0 0 0 0 0 0 0 0 0 0.0333333 0.0333333 0.0666667 0.1 0.266667 0.266667 0.133333 0.0666667 0.0333333 0 0 0 0 0 

1024 993 718 75 0 0.644512 0 0 0 0 0 0 0 0 0 0 0 0 0 0 0 0 0 0 0 0 0.0967742 0.0967742 0.129032 0.225806 0.225806 0.16129 0.0645161 0 0 0 0 0 0 

960 937 697 75 0 0.683031 0 0 0 0 0 0 0 0 0 0 0 0 0 0 0 0 0 0 0 0 0 0.137931 0.172414 0.103448 0.206897 0.241379 0.0689655 0.0689655 0 0 0 0 0 

992 964 695 75 0 0.6639 0 0 0 0 0 0 0 0 0 0 0 0 0 0 0 0 0 0 0 0 0.1 0.1 0.1 0.333333 0.133333 0.2 0.0333333 0 0 0 0 0 0 

960 934 699 75 0 0.685225 0 0 0 0 0 0 0 0 0 0 0 0 0 0 0 0 0 0 0 0.0344828 0.0344828 0 0.103448 0.137931 0.310345 0.241379 0.103448 0.0344828 0 0 0 0 0 

992 967 711 75 0 0.661841 0 0 0 0 0 0 0 0 0 0 0 0 0 0 0 0 0 0 0 0 0.0333333 0 0.266667 0.2 0.266667 0.133333 0.1 0 0 0 0 0 0 

1056 1029 741 75 0 0.621963 0 0 0 0 0 0 0 0 0 0 0 0 0 0 0 0 0 0 0 0 0.125 0.09375 0.125 0.25 0.21875 0.125 0.03125 0.03125 0 0 0 0 0 

992 969 700 75 0 0.660475 0 0 0 0 0 0 0 0 0 0 0 0 0 0 0 0 0 0 0 0 0.0666667 0.1 0.133333 0.233333 0.366667 0.1 0 0 0 0 0 0 0 

992 969 704 75 0 0.660475 0 0 0 0 0 0 0 0 0 0 0 0 0 0 0 0 0 0 0 0 0.0333333 0.133333 0.266667 0.133333 0.166667 0.2 0.0333333 0.0333333 0 0 0 0 0 

992 967 696 75 0 0.661841 0 0 0 0 0 0 0 0 0 0 0 0 0 0 0 0 0 0 0 0.0333333 0.0333333 0.0333333 0.266667 0.233333 0.266667 0.133333 0 0 0 0 0 0 0 

992 964 698 75 0 0.6639 0 0 0 0 0 0 0 0 0 0 0 0 0 0 0 0 0 0 0 0 0.0333333 0.1 0.166667 0.266667 0.3 0.1 0.0333333 0 0 0 0 0 0 

992 964 695 75 0 0.6639 0 0 0 0 0 0 0 0 0 0 0 0 0 0 0 0 0.0333333 0 0.0333333 0 0.0666667 0.0333333 0.133333 0.266667 0.2 0.1 0.1 0.0333333 0 0 0 0 0 

992 966 703 75 0 0.662526 0 0 0 0 0 0 0 0 0 0 0 0 0 0 0 0 0 0 0 0 0.0333333 0.0666667 0.266667 0.2 0.2 0.166667 0.0666667 0 0 0 0 0 0 

992 971 714 75 0 0.659114 0 0 0 0 0 0 0 0 0 0 0 0 0 0 0 0 0 0 0 0 0.0333333 0.0333333 0.2 0.233333 0.266667 0.166667 0.0666667 0 0 0 0 0 0 

992 971 700 75 0 0.659114 0 0 0 0 0 0 0 0 0 0 0 0 0 0 0 0 0 0 0 0.0333333 0.0333333 0.133333 0.266667 0.133333 0.2 0.1 0.0666667 0.0333333 0 0 0 0 0 

992 971 711 75 0 0.659114 0 0 0 0 0 0 0 0 0 0 0 0 0 0 0 0 0 0 0 0 0.0333333 0.133333 0.1 0.2 0.333333 0.133333 0.0666667 0 0 0 0 0 0 

960 931 682 75 0 0.687433 0 0 0 0 0 0 0 0 0 0 0 0 0 0 0 0 0 0 0 0 0.103448 0.0689655 0.103448 0.206897 0.172414 0.241379 0.103448 0 0 0 0 0 0 

992 964 696 75 0 0.6639 0 0 0 0 0 0 0 0 0 0 0 0 0 0 0 0 0 0 0 0 0.0333333 0.133333 0.166667 0.3 0.2 0.1 0.0666667 0 0 0 0 0 0 

992 969 712 75 0 0.660475 0 0 0 0 0 0 0 0 0 0 0 0 0 0 0 0 0 0 0 0.0333333 0.0666667 0 0.233333 0.2 0.133333 0.166667 0.133333 0.0333333 0 0 0 0 0 

992 971 714 75 0 0.659114 0 0 0 0 0 0 0 0 0 0 0 0 0 0 0 0 0 0 0 0 0 0.1 0.2 0.266667 0.166667 0.133333 0.133333 0 0 0 0 0 0 

1024 996 716 75 0 0.64257 0 0 0 0 0 0 0 0 0 0 0 0 0 0 0 0 0 0 0 0 0.0322581 0.129032 0.258065 0.258065 0.0645161 0.258065 0 0 0 0 0 0 0 

960 931 685 75 0 0.687433 0 0 0 0 0 0 0 0 0 0 0 0 0 0 0 0 0 0 0 0 0 0.137931 0.0689655 0.275862 0.241379 0.206897 0.0689655 0 0 0 0 0 0 

960 931 681 75 0 0.687433 0 0 0 0 0 0 0 0 0 0 0 0 0 0 0 0 0 0 0 0 0.0344828 0.0344828 0.137931 0.310345 0.37931 0.0344828 0.0344828 0.0344828 0 0 0 0 0 

1056 1027 733 75 0 0.623174 0 0 0 0 0 0 0 0 0 0 0 0 0 0 0 0 0 0 0 0.03125 0 0.1875 0.25 0.15625 0.25 0.09375 0 0.03125 0 0 0 0 0 

