992 966 707 75 0 0.662526 0 0 0 0 0 0 0 0 0 0 0 0 0 0 0 0 0 0 0 0 0 0 0.366667 0.2 0.2 0.166667 0.0666667 0 0 0 0 0 0 

992 967 699 75 0 0.661841 0 0 0 0 0 0 0 0 0 0 0 0 0 0 0 0 0 0 0 0 0.0666667 0.133333 0.166667 0.233333 0.166667 0.166667 0.0666667 0 0 0 0 0 0 

1024 996 707 75 0 0.64257 0 0 0 0 0 0 0 0 0 0 0 0 0 0 0 0 0 0 0 0.0322581 0.129032 0 0.258065 0.290323 0.16129 0.0967742 0.0322581 0 0 0 0 0 0 

992 964 699 75 0 0.6639 0 0 0 0 0 0 0 0 0 0 0 0 0 0 0 0 0 0 0 0.0666667 0 0.0666667 0.266667 0.1 0.266667 0.133333 0.1 0 0 0 0 0 0 

992 967 700 75 0 0.661841 0 0 0 0 0 0 0 0 0 0 0 0 0 0 0 0 0 0 0 0 0.0333333 0.133333 0.1 0.333333 0.266667 0.1 0.0333333 0 0 0 0 0 0 

1184 1154 831 75 0 0.554593 0 0 0 0 0 0 0 0 0 0 0 0 0 0 0 0 0 0 0.0277778 0.0555556 0 0.0555556 0.25 0.166667 0.25 0.0833333 0.111111 0 0 0 0 0 0 

992 967 710 75 0 0.661841 0 0 0 0 0 0 0 0 0 0 0 0 0 0 0 0 0 0 0 0 0.0333333 0.0666667 0.2 0.233333 0.166667 0.233333 0.0333333 0.0333333 0 0 0 0 0 

992 966 711 75 0 0.662526 0 0 0 0 0 0 0 0 0 0 0 0 0 0 0 0 0 0 0 0 0.0666667 0.0333333 0.133333 0.233333 0.266667 0.166667 0.1 0 0 0 0 0 0 

992 966 702 75 0 0.662526 0 0 0 0 0 0 0 0 0 0 0 0 0 0 0 0 0 0 0 0 0.0333333 0.1 0.233333 0.233333 0.233333 0.0333333 0.1 0.0333333 0 0 0 0 0 

992 964 702 75 0 0.6639 0 0 0 0 0 0 0 0 0 0 0 0 0 0 0 0 0 0 0 0.0333333 0 0.133333 0.2 0.133333 0.233333 0.166667 0.1 0 0 0 0 0 0 

