480 449 325 37 0 0.356347 0 0 0 0 0 0 0 0 0 0 0 0 0 0 0 0 0 0 0 0.0714286 0.0714286 0 0.0714286 0.357143 0.142857 0.285714 0 0 0 0 0 0 0 

448 417 298 37 0 0.383693 0 0 0 0 0 0 0 0 0 0 0 0 0 0 0 0 0 0 0 0 0.153846 0 0.153846 0.307692 0.307692 0.0769231 0 0 0 0 0 0 0 

448 417 304 37 0 0.383693 0 0 0 0 0 0 0 0 0 0 0 0 0 0 0 0 0 0 0 0 0.0769231 0.153846 0.230769 0.0769231 0.153846 0.153846 0.0769231 0 0.0769231 0 0 0 0 

448 417 307 37 0 0.383693 0 0 0 0 0 0 0 0 0 0 0 0 0 0 0 0 0 0 0 0 0.0769231 0 0 0.538462 0.0769231 0.230769 0.0769231 0 0 0 0 0 0 

448 417 307 37 0 0.383693 0 0 0 0 0 0 0 0 0 0 0 0 0 0 0 0 0 0 0 0 0.0769231 0.0769231 0.0769231 0.307692 0.0769231 0.307692 0 0.0769231 0 0 0 0 0 

448 417 306 37 0 0.383693 0 0 0 0 0 0 0 0 0 0 0 0 0 0 0 0 0 0 0 0 0 0 0.307692 0.153846 0.384615 0.0769231 0.0769231 0 0 0 0 0 0 

448 417 301 37 0 0.383693 0 0 0 0 0 0 0 0 0 0 0 0 0 0 0 0 0 0 0 0.0769231 0.0769231 0 0.230769 0.153846 0.153846 0.230769 0.0769231 0 0 0 0 0 0 

448 417 306 37 0 0.383693 0 0 0 0 0 0 0 0 0 0 0 0 0 0 0 0 0 0 0 0 0 0.153846 0.0769231 0.153846 0.384615 0.230769 0 0 0 0 0 0 0 

448 417 303 37 0 0.383693 0 0 0 0 0 0 0 0 0 0 0 0 0 0 0 0 0 0 0 0 0 0.0769231 0.153846 0.384615 0.230769 0.153846 0 0 0 0 0 0 0 

448 417 317 37 0 0.383693 0 0 0 0 0 0 0 0 0 0 0 0 0 0 0 0 0 0 0 0 0 0 0.0769231 0.230769 0.153846 0.384615 0.153846 0 0 0 0 0 0 

