288 269 194 37 0 0.594796 0 0 0 0 0 0 0 0 0 0 0 0 0 0 0 0 0 0 0 0 0.125 0 0.375 0.125 0.375 0 0 0 0 0 0 0 0 

256 234 173 37 0 0.683761 0 0 0 0 0 0 0 0 0 0 0 0 0 0 0 0 0 0 0 0 0 0.285714 0 0.142857 0.285714 0.285714 0 0 0 0 0 0 0 

288 275 209 37 0 0.581818 0 0 0 0 0 0 0 0 0 0 0 0 0 0 0 0 0 0 0 0 0 0.125 0.125 0 0.5 0.125 0.125 0 0 0 0 0 0 

288 276 212 37 0 0.57971 0 0 0 0 0 0 0 0 0 0 0 0 0 0 0 0 0 0 0 0 0 0.125 0 0.125 0.5 0.125 0 0.125 0 0 0 0 0 

256 234 179 37 0 0.683761 0 0 0 0 0 0 0 0 0 0 0 0 0 0 0 0 0 0 0 0 0 0 0 0.142857 0.571429 0.285714 0 0 0 0 0 0 0 

256 234 178 37 0 0.683761 0 0 0 0 0 0 0 0 0 0 0 0 0 0 0 0 0 0 0 0 0 0.142857 0 0.142857 0.428571 0.142857 0 0.142857 0 0 0 0 0 

256 234 179 37 0 0.683761 0 0 0 0 0 0 0 0 0 0 0 0 0 0 0 0 0 0 0 0 0 0.142857 0 0.142857 0.142857 0.428571 0.142857 0 0 0 0 0 0 

256 234 173 37 0 0.683761 0 0 0 0 0 0 0 0 0 0 0 0 0 0 0 0 0 0 0 0 0.142857 0.142857 0 0.142857 0.285714 0.142857 0.142857 0 0 0 0 0 0 

256 232 174 37 0 0.689655 0 0 0 0 0 0 0 0 0 0 0 0 0 0 0 0 0 0 0 0.142857 0 0 0 0.142857 0.285714 0.285714 0.142857 0 0 0 0 0 0 

288 269 200 37 0 0.594796 0 0 0 0 0 0 0 0 0 0 0 0 0 0 0 0 0 0 0 0 0 0.125 0.125 0.25 0.25 0.25 0 0 0 0 0 0 0 

