3424 3417 2497 120 0 0.468247 0 0 0 0 0 0 0 0 0 0 0 0 0 0 0 0 0 0 0.00943396 0.0283019 0 0.0754717 0.150943 0.264151 0.245283 0.150943 0.0660377 0.00943396 0 0 0 0 0 

3360 3341 2443 120 0 0.478899 0 0 0 0 0 0 0 0 0 0 0 0 0 0 0 0 0 0 0 0.0288462 0.0192308 0.0673077 0.182692 0.144231 0.326923 0.173077 0.0480769 0.00961538 0 0 0 0 0 

3296 3280 2425 120 0 0.487805 0 0 0 0 0 0 0 0 0 0 0 0 0 0 0 0 0 0 0 0.00980392 0.0294118 0.0588235 0.147059 0.166667 0.294118 0.166667 0.127451 0 0 0 0 0 0 

3296 3280 2409 120 0 0.487805 0 0 0 0 0 0 0 0 0 0 0 0 0 0 0 0 0 0 0.00980392 0.00980392 0.0196078 0.127451 0.107843 0.235294 0.176471 0.186275 0.0980392 0.0196078 0.00980392 0 0 0 0 

3488 3469 2511 120 0 0.461228 0 0 0 0 0 0 0 0 0 0 0 0 0 0 0 0 0 0 0 0.00925926 0.037037 0.157407 0.101852 0.277778 0.240741 0.0925926 0.0740741 0 0.00925926 0 0 0 0 

3488 3467 2511 120 0 0.461494 0 0 0 0 0 0 0 0 0 0 0 0 0 0 0 0 0 0 0.0185185 0.00925926 0.0648148 0.0833333 0.111111 0.296296 0.175926 0.166667 0.0555556 0.0185185 0 0 0 0 0 

3424 3417 2485 120 0 0.468247 0 0 0 0 0 0 0 0 0 0 0 0 0 0 0 0 0 0 0.00943396 0.0283019 0.0377358 0.0660377 0.150943 0.179245 0.330189 0.160377 0.0377358 0 0 0 0 0 0 

3488 3470 2487 120 0 0.461095 0 0 0 0 0 0 0 0 0 0 0 0 0 0 0 0 0 0 0.0277778 0.037037 0.0555556 0.12963 0.0833333 0.194444 0.305556 0.12037 0.037037 0.00925926 0 0 0 0 0 

3328 3318 2435 120 0 0.482218 0 0 0 0 0 0 0 0 0 0 0 0 0 0 0 0 0 0 0.00970874 0.00970874 0.038835 0.0582524 0.106796 0.242718 0.300971 0.145631 0.0873786 0 0 0 0 0 0 

3488 3470 2532 120 0 0.461095 0 0 0 0 0 0 0 0 0 0 0 0 0 0 0 0 0 0 0 0 0.0462963 0.0648148 0.175926 0.222222 0.314815 0.111111 0.037037 0.0277778 0 0 0 0 0 

