640 617 453 56 0 0.583468 0 0 0 0 0 0 0 0 0 0 0 0 0 0 0 0 0 0 0 0.0526316 0 0.105263 0.157895 0.0526316 0.421053 0.157895 0 0.0526316 0 0 0 0 0 

544 531 390 56 0 0.677966 0 0 0 0 0 0 0 0 0 0 0 0 0 0 0 0 0 0 0 0 0 0.1875 0.1875 0.1875 0.1875 0.1875 0.0625 0 0 0 0 0 0 

608 589 426 56 0 0.611205 0 0 0 0 0 0 0 0 0 0 0 0 0 0 0 0 0 0 0.0555556 0 0 0 0.388889 0.222222 0.166667 0.111111 0 0.0555556 0 0 0 0 0 

640 618 449 56 0 0.582524 0 0 0 0 0 0 0 0 0 0 0 0 0 0 0 0 0 0 0 0 0.0526316 0.0526316 0.210526 0.368421 0.157895 0.0526316 0.105263 0 0 0 0 0 0 

640 618 445 56 0 0.582524 0 0 0 0 0 0 0 0 0 0 0 0 0 0 0 0 0 0.0526316 0 0 0.0526316 0.157895 0.0526316 0.263158 0.210526 0.105263 0.105263 0 0 0 0 0 0 

640 618 444 56 0 0.582524 0 0 0 0 0 0 0 0 0 0 0 0 0 0 0 0 0 0 0.0526316 0 0 0.210526 0.210526 0.157895 0.157895 0.105263 0.0526316 0.0526316 0 0 0 0 0 

640 617 453 56 0 0.583468 0 0 0 0 0 0 0 0 0 0 0 0 0 0 0 0 0 0 0 0 0.0526316 0.157895 0.105263 0.157895 0.157895 0.315789 0.0526316 0 0 0 0 0 0 

704 679 486 56 0 0.530191 0 0 0 0 0 0 0 0 0 0 0 0 0 0 0 0 0 0 0 0 0.142857 0.0952381 0.142857 0.333333 0.0952381 0.0952381 0.0952381 0 0 0 0 0 0 

640 617 456 56 0 0.583468 0 0 0 0 0 0 0 0 0 0 0 0 0 0 0 0 0 0 0 0 0 0.0526316 0.105263 0.473684 0.105263 0.157895 0.105263 0 0 0 0 0 0 

640 618 445 56 0 0.582524 0 0 0 0 0 0 0 0 0 0 0 0 0 0 0 0 0 0 0.0526316 0 0.0526316 0.0526316 0.157895 0.368421 0.157895 0.0526316 0.105263 0 0 0 0 0 0 

