256 234 174 37 0 0.683761 0 0 0 0 0 0 0 0 0 0 0 0 0 0 0 0 0 0 0 0 0 0.285714 0 0.142857 0.142857 0.428571 0 0 0 0 0 0 0 

256 232 171 37 0 0.689655 0 0 0 0 0 0 0 0 0 0 0 0 0 0 0 0 0 0 0 0 0 0.142857 0.142857 0.285714 0.285714 0 0.142857 0 0 0 0 0 0 

256 234 181 37 0 0.683761 0 0 0 0 0 0 0 0 0 0 0 0 0 0 0 0 0 0 0 0 0 0 0.142857 0.142857 0.142857 0.428571 0 0.142857 0 0 0 0 0 

288 269 201 37 0 0.594796 0 0 0 0 0 0 0 0 0 0 0 0 0 0 0 0 0 0 0 0 0 0.25 0.125 0 0.375 0.125 0 0.125 0 0 0 0 0 

288 268 198 37 0 0.597015 0 0 0 0 0 0 0 0 0 0 0 0 0 0 0 0 0 0 0 0 0 0.125 0.25 0.25 0.25 0 0 0.125 0 0 0 0 0 

256 234 176 37 0 0.683761 0 0 0 0 0 0 0 0 0 0 0 0 0 0 0 0 0 0 0 0.142857 0 0 0.285714 0 0 0.285714 0.142857 0.142857 0 0 0 0 0 

288 261 191 37 0 0.613027 0 0 0 0 0 0 0 0 0 0 0 0 0 0 0 0 0 0 0 0 0 0.125 0 0.5 0.25 0.125 0 0 0 0 0 0 0 

288 276 206 37 0 0.57971 0 0 0 0 0 0 0 0 0 0 0 0 0 0 0 0 0 0 0 0 0.125 0 0.25 0.125 0.25 0.125 0.125 0 0 0 0 0 0 

256 232 171 37 0 0.689655 0 0 0 0 0 0 0 0 0 0 0 0 0 0 0 0 0 0 0 0 0 0 0.285714 0.285714 0.285714 0.142857 0 0 0 0 0 0 0 

256 232 174 37 0 0.689655 0 0 0 0 0 0 0 0 0 0 0 0 0 0 0 0 0 0 0 0 0 0 0.285714 0.142857 0.285714 0.142857 0.142857 0 0 0 0 0 0 

