11840 11809 8595 268 0 0.677449 0 0 0 0 0 0 0 0 0 0 0 0 0 0 0 0 0 0 0.00271003 0.0108401 0.0569106 0.0840108 0.140921 0.219512 0.238482 0.173442 0.0542005 0.0162602 0.00271003 0 0 0 0 

11680 11658 8455 268 0 0.686224 0 0 0 0 0 0 0 0 0 0 0 0 0 0 0 0 0 0.00274725 0.00274725 0.0192308 0.0494505 0.0989011 0.131868 0.239011 0.239011 0.134615 0.0549451 0.0247253 0.00274725 0 0 0 0 

11968 11951 8709 268 0 0.6694 0 0 0 0 0 0 0 0 0 0 0 0 0 0 0 0 0 0 0 0.0187668 0.0375335 0.112601 0.123324 0.22252 0.235925 0.152815 0.0831099 0.0134048 0 0 0 0 0 

11872 11845 8555 268 0 0.67539 0 0 0 0 0 0 0 0 0 0 0 0 0 0 0 0 0 0.00540541 0 0.0216216 0.0540541 0.0864865 0.145946 0.289189 0.183784 0.137838 0.0594595 0.0108108 0.00540541 0 0 0 0 

11904 11875 8626 268 0 0.673684 0 0 0 0 0 0 0 0 0 0 0 0 0 0 0 0 0 0 0.00539084 0.0242588 0.0350404 0.0781671 0.169811 0.218329 0.242588 0.142857 0.06469 0.0188679 0 0 0 0 0 

11840 11809 8534 268 0 0.677449 0 0 0 0 0 0 0 0 0 0 0 0 0 0 0 0 0 0.00271003 0.00542005 0.0243902 0.0514905 0.0785908 0.178862 0.211382 0.241192 0.124661 0.0650407 0.0108401 0.00542005 0 0 0 0 

11872 11846 8649 268 0 0.675333 0 0 0 0 0 0 0 0 0 0 0 0 0 0 0 0 0 0 0.0027027 0.0162162 0.0459459 0.0891892 0.151351 0.189189 0.245946 0.159459 0.0648649 0.0297297 0.00540541 0 0 0 0 

11744 11714 8539 268 0 0.682943 0 0 0 0 0 0 0 0 0 0 0 0 0 0 0 0 0 0 0.010929 0.0163934 0.0409836 0.068306 0.139344 0.23224 0.234973 0.180328 0.057377 0.0191257 0 0 0 0 0 

11584 11553 8399 268 0 0.692461 0 0 0 0 0 0 0 0 0 0 0 0 0 0 0 0 0 0.00277008 0.00554017 0.0138504 0.0443213 0.110803 0.146814 0.185596 0.221607 0.177285 0.0775623 0.0138504 0 0 0 0 0 

12000 11977 8661 268 0 0.667947 0 0 0 0 0 0 0 0 0 0 0 0 0 0 0 0 0 0.00802139 0.0026738 0.0187166 0.0454545 0.0935829 0.171123 0.229947 0.184492 0.165775 0.0721925 0.00802139 0 0 0 0 0 

