256 232 180 37 0 0.689655 0 0 0 0 0 0 0 0 0 0 0 0 0 0 0 0 0 0 0 0 0 0 0 0 0.571429 0.285714 0.142857 0 0 0 0 0 0 

288 269 196 37 0 0.594796 0 0 0 0 0 0 0 0 0 0 0 0 0 0 0 0 0 0 0 0 0 0.125 0.25 0.25 0.375 0 0 0 0 0 0 0 0 

288 269 195 37 0 0.594796 0 0 0 0 0 0 0 0 0 0 0 0 0 0 0 0 0 0 0 0 0.25 0.125 0.125 0.25 0 0 0.125 0.125 0 0 0 0 0 

288 276 204 37 0 0.57971 0 0 0 0 0 0 0 0 0 0 0 0 0 0 0 0 0 0 0 0 0 0.25 0.25 0 0.25 0.25 0 0 0 0 0 0 0 

320 304 210 37 0 0.526316 0 0 0 0 0 0 0 0 0 0 0 0 0 0 0 0 0 0 0 0.111111 0.333333 0 0.333333 0 0.111111 0.111111 0 0 0 0 0 0 0 

256 230 166 37 0 0.695652 0 0 0 0 0 0 0 0 0 0 0 0 0 0 0 0 0 0 0 0 0 0.142857 0.428571 0.142857 0.142857 0 0.142857 0 0 0 0 0 0 

288 276 200 37 0 0.57971 0 0 0 0 0 0 0 0 0 0 0 0 0 0 0 0 0 0.125 0 0 0 0.125 0 0.25 0.5 0 0 0 0 0 0 0 0 

288 261 185 37 0 0.613027 0 0 0 0 0 0 0 0 0 0 0 0 0 0 0 0 0 0 0 0.125 0.25 0 0 0.25 0 0.375 0 0 0 0 0 0 0 

288 276 206 37 0 0.57971 0 0 0 0 0 0 0 0 0 0 0 0 0 0 0 0 0 0 0 0 0 0 0.375 0.125 0.375 0.125 0 0 0 0 0 0 0 

256 234 175 37 0 0.683761 0 0 0 0 0 0 0 0 0 0 0 0 0 0 0 0 0 0 0 0 0 0.142857 0 0.285714 0.428571 0 0.142857 0 0 0 0 0 0 

