1056 1032 751 75 638 0.00193798 0 0 0 0 0 0 0 0 0 0 0 0 0 0 0 0 0 0 0 0 0.03125 0.15625 0.15625 0.15625 0.25 0.21875 0.03125 0 0 0 0 0 0 

864 852 641 64 637 0.00352113 0 0 0 0 0 0 0 0 0 0 0 0 0 0 0 0 0 0 0 0 0.0384615 0.0384615 0.0769231 0.192308 0.269231 0.269231 0.115385 0 0 0 0 0 0 

1088 1065 768 75 639 0.000938967 0 0 0 0 0 0 0 0 0 0 0 0 0 0 0 0 0 0 0 0 0.0909091 0.121212 0.151515 0.30303 0.181818 0.030303 0.0606061 0.0606061 0 0 0 0 0 

992 968 727 75 639 0.00103306 0 0 0 0 0 0 0 0 0 0 0 0 0 0 0 0 0 0 0 0 0 0.1 0.133333 0.166667 0.166667 0.233333 0.133333 0.0666667 0 0 0 0 0 

1120 1095 777 75 635 0.00456621 0 0 0 0 0 0 0 0 0 0 0 0 0 0 0 0 0 0 0 0.0588235 0.0294118 0.0882353 0.294118 0.205882 0.235294 0.0588235 0.0294118 0 0 0 0 0 0 

1024 1004 735 75 637 0.00298805 0 0 0 0 0 0 0 0 0 0 0 0 0 0 0 0 0 0 0.0322581 0 0 0.0322581 0.290323 0.258065 0.129032 0.129032 0.0645161 0.0645161 0 0 0 0 0 

1184 1174 863 75 635 0.00425894 0 0 0 0 0 0 0 0 0 0 0 0 0 0 0 0 0 0 0 0.0833333 0 0.0277778 0.138889 0.194444 0.305556 0.194444 0.0277778 0.0277778 0 0 0 0 0 

960 939 681 75 639 0.00106496 0 0 0 0 0 0 0 0 0 0 0 0 0 0 0 0 0 0 0 0.0689655 0.0689655 0.0689655 0.0344828 0.241379 0.344828 0.103448 0.0689655 0 0 0 0 0 0 

992 978 724 75 638 0.00204499 0 0 0 0 0 0 0 0 0 0 0 0 0 0 0 0 0 0 0 0 0.0333333 0.0666667 0.133333 0.233333 0.233333 0.233333 0.0666667 0 0 0 0 0 0 

896 873 642 69 637 0.00343643 0 0 0 0 0 0 0 0 0 0 0 0 0 0 0 0 0 0 0 0 0.037037 0.148148 0.111111 0.111111 0.259259 0.296296 0.037037 0 0 0 0 0 0 

