1280 1251 914 84 0 0.639488 0 0 0 0 0 0 0 0 0 0 0 0 0 0 0 0 0 0.025641 0 0 0 0.0769231 0.179487 0.230769 0.205128 0.205128 0.0769231 0 0 0 0 0 0 

1376 1351 970 84 0 0.592154 0 0 0 0 0 0 0 0 0 0 0 0 0 0 0 0 0 0.0238095 0 0.0238095 0.0238095 0.166667 0.166667 0.142857 0.214286 0.190476 0.047619 0 0 0 0 0 0 

1376 1358 990 84 0 0.589102 0 0 0 0 0 0 0 0 0 0 0 0 0 0 0 0 0 0 0 0.0238095 0.0238095 0.047619 0.238095 0.190476 0.333333 0.047619 0.0714286 0.0238095 0 0 0 0 0 

1344 1325 973 84 0 0.603774 0 0 0 0 0 0 0 0 0 0 0 0 0 0 0 0 0 0 0 0 0 0.0731707 0.195122 0.268293 0.243902 0.146341 0.0731707 0 0 0 0 0 0 

1376 1345 982 84 0 0.594796 0 0 0 0 0 0 0 0 0 0 0 0 0 0 0 0 0 0 0.0238095 0 0 0.0952381 0.190476 0.166667 0.261905 0.190476 0.0714286 0 0 0 0 0 0 

1408 1389 1021 84 0 0.575954 0 0 0 0 0 0 0 0 0 0 0 0 0 0 0 0 0 0 0 0.0232558 0 0.0930233 0.186047 0.186047 0.232558 0.186047 0.0697674 0.0232558 0 0 0 0 0 

1344 1316 933 84 0 0.607903 0 0 0 0 0 0 0 0 0 0 0 0 0 0 0 0 0 0 0.0243902 0 0.121951 0.195122 0.146341 0.146341 0.146341 0.121951 0.097561 0 0 0 0 0 0 

1408 1378 997 84 0 0.580552 0 0 0 0 0 0 0 0 0 0 0 0 0 0 0 0 0 0 0 0.0232558 0.0465116 0.0465116 0.186047 0.255814 0.255814 0.162791 0.0232558 0 0 0 0 0 0 

1120 1098 801 64 0 0.728597 0 0 0 0 0 0 0 0 0 0 0 0 0 0 0 0 0 0.0294118 0 0 0.0294118 0.0588235 0.205882 0.117647 0.352941 0.117647 0.0882353 0 0 0 0 0 0 

1120 1095 801 62 0 0.730594 0 0 0 0 0 0 0 0 0 0 0 0 0 0 0 0 0 0 0 0 0.0882353 0.0294118 0.117647 0.205882 0.352941 0.176471 0.0294118 0 0 0 0 0 0 

1088 1075 801 68 0 0.744186 0 0 0 0 0 0 0 0 0 0 0 0 0 0 0 0 0 0 0 0 0.030303 0.121212 0.0909091 0.121212 0.333333 0.151515 0.121212 0.030303 0 0 0 0 0 

1152 1129 802 71 0 0.708592 0 0 0 0 0 0 0 0 0 0 0 0 0 0 0 0 0 0 0 0.0571429 0.0285714 0.114286 0.228571 0.314286 0.114286 0.114286 0.0285714 0 0 0 0 0 0 

1152 1121 824 78 0 0.713649 0 0 0 0 0 0 0 0 0 0 0 0 0 0 0 0 0 0 0 0 0 0.0571429 0.114286 0.371429 0.2 0.228571 0.0285714 0 0 0 0 0 0 

1184 1153 838 81 0 0.693842 0 0 0 0 0 0 0 0 0 0 0 0 0 0 0 0 0 0 0 0.0277778 0.0833333 0.0833333 0.111111 0.138889 0.277778 0.222222 0.0555556 0 0 0 0 0 0 

1120 1099 802 79 0 0.727934 0 0 0 0 0 0 0 0 0 0 0 0 0 0 0 0 0 0 0 0 0 0.117647 0.0882353 0.382353 0.264706 0.117647 0.0294118 0 0 0 0 0 0 

1120 1095 802 73 0 0.730594 0 0 0 0 0 0 0 0 0 0 0 0 0 0 0 0 0 0 0 0 0.0294118 0.0882353 0.147059 0.205882 0.323529 0.147059 0.0588235 0 0 0 0 0 0 

1312 1290 958 84 0 0.620155 0 0 0 0 0 0 0 0 0 0 0 0 0 0 0 0 0 0.025 0.025 0.025 0 0 0.15 0.175 0.225 0.175 0.15 0.05 0 0 0 0 0 

1152 1139 822 84 0 0.702371 0 0 0 0 0 0 0 0 0 0 0 0 0 0 0 0 0 0 0 0.0285714 0.0571429 0.114286 0.2 0.228571 0.2 0.114286 0 0.0571429 0 0 0 0 0 

1248 1236 912 84 0 0.647249 0 0 0 0 0 0 0 0 0 0 0 0 0 0 0 0 0 0 0.0263158 0.0263158 0 0.0789474 0.0526316 0.210526 0.342105 0.210526 0.0526316 0 0 0 0 0 0 

1408 1385 1008 84 0 0.577617 0 0 0 0 0 0 0 0 0 0 0 0 0 0 0 0 0 0 0.0232558 0.0232558 0.0232558 0.162791 0.0930233 0.209302 0.186047 0.139535 0.0930233 0.0465116 0 0 0 0 0 

1440 1426 1043 84 0 0.56101 0 0 0 0 0 0 0 0 0 0 0 0 0 0 0 0 0 0 0.0227273 0.0227273 0.0909091 0 0.136364 0.181818 0.295455 0.159091 0.0681818 0.0227273 0 0 0 0 0 

1280 1251 891 84 0 0.639488 0 0 0 0 0 0 0 0 0 0 0 0 0 0 0 0 0 0 0.025641 0 0.0512821 0.153846 0.153846 0.205128 0.307692 0.102564 0 0 0 0 0 0 0 

1504 1486 1071 84 0 0.538358 0 0 0 0 0 0 0 0 0 0 0 0 0 0 0 0 0 0 0.0434783 0 0.0217391 0.0652174 0.26087 0.195652 0.217391 0.152174 0.0434783 0 0 0 0 0 0 

1280 1266 932 84 0 0.631912 0 0 0 0 0 0 0 0 0 0 0 0 0 0 0 0 0 0 0 0.0512821 0.025641 0.0512821 0.0769231 0.25641 0.230769 0.25641 0.0512821 0 0 0 0 0 0 

1216 1208 885 84 0 0.662252 0 0 0 0 0 0 0 0 0 0 0 0 0 0 0 0 0 0 0 0 0 0.108108 0.108108 0.405405 0.243243 0.0540541 0.0810811 0 0 0 0 0 0 

1184 1155 825 84 0 0.692641 0 0 0 0 0 0 0 0 0 0 0 0 0 0 0 0 0 0.0277778 0.0277778 0.0277778 0.111111 0.0833333 0.138889 0.138889 0.194444 0.111111 0.0833333 0.0555556 0 0 0 0 0 

1312 1291 943 84 0 0.619675 0 0 0 0 0 0 0 0 0 0 0 0 0 0 0 0 0 0 0 0 0 0.1 0.25 0.225 0.15 0.225 0.05 0 0 0 0 0 0 

1248 1222 889 84 0 0.654664 0 0 0 0 0 0 0 0 0 0 0 0 0 0 0 0 0 0 0 0 0.0526316 0.105263 0.105263 0.236842 0.342105 0.105263 0.0526316 0 0 0 0 0 0 

1376 1350 987 84 0 0.592593 0 0 0 0 0 0 0 0 0 0 0 0 0 0 0 0 0 0 0 0 0 0.190476 0.0952381 0.214286 0.238095 0.190476 0.0714286 0 0 0 0 0 0 

1120 1108 829 77 0 0.722022 0 0 0 0 0 0 0 0 0 0 0 0 0 0 0 0 0 0 0 0 0 0.0588235 0.176471 0.176471 0.176471 0.323529 0.0882353 0 0 0 0 0 0 

1120 1106 802 80 0 0.723327 0 0 0 0 0 0 0 0 0 0 0 0 0 0 0 0 0 0 0 0.0294118 0.0882353 0.0294118 0.0588235 0.352941 0.323529 0.117647 0 0 0 0 0 0 0 

1152 1122 816 84 0 0.713012 0 0 0 0 0 0 0 0 0 0 0 0 0 0 0 0 0 0 0 0 0.0571429 0.171429 0.114286 0.171429 0.2 0.2 0.0571429 0.0285714 0 0 0 0 0 

1120 1098 802 77 0 0.728597 0 0 0 0 0 0 0 0 0 0 0 0 0 0 0 0 0 0 0 0.0294118 0.117647 0.0294118 0.205882 0.0882353 0.176471 0.205882 0.147059 0 0 0 0 0 0 

1120 1102 802 77 0 0.725953 0 0 0 0 0 0 0 0 0 0 0 0 0 0 0 0 0 0 0 0 0.0294118 0.147059 0.176471 0.264706 0.147059 0.117647 0.117647 0 0 0 0 0 0 

1184 1155 836 84 0 0.692641 0 0 0 0 0 0 0 0 0 0 0 0 0 0 0 0 0 0 0 0 0.0833333 0.0833333 0.194444 0.277778 0.111111 0.138889 0.0833333 0.0277778 0 0 0 0 0 

1120 1103 802 81 0 0.725295 0 0 0 0 0 0 0 0 0 0 0 0 0 0 0 0 0 0 0 0.0294118 0.0294118 0.0588235 0.235294 0.147059 0.382353 0.0588235 0.0294118 0.0294118 0 0 0 0 0 

1120 1103 802 72 0 0.725295 0 0 0 0 0 0 0 0 0 0 0 0 0 0 0 0 0 0 0 0 0.0882353 0.0588235 0.264706 0.176471 0.117647 0.205882 0.0882353 0 0 0 0 0 0 

1120 1105 802 82 0 0.723982 0 0 0 0 0 0 0 0 0 0 0 0 0 0 0 0 0 0 0.0294118 0 0.0882353 0.117647 0.0294118 0.235294 0.294118 0.147059 0.0588235 0 0 0 0 0 0 

1120 1111 802 72 0 0.720072 0 0 0 0 0 0 0 0 0 0 0 0 0 0 0 0 0 0 0 0.0882353 0.0294118 0.0588235 0.205882 0.205882 0.235294 0.117647 0.0294118 0.0294118 0 0 0 0 0 

1088 1083 800 82 0 0.738689 0 0 0 0 0 0 0 0 0 0 0 0 0 0 0 0 0 0 0 0.030303 0.030303 0.030303 0.212121 0.242424 0.151515 0.181818 0.0606061 0.030303 0.030303 0 0 0 0 

1216 1208 888 84 0 0.662252 0 0 0 0 0 0 0 0 0 0 0 0 0 0 0 0 0 0 0 0.0540541 0.108108 0 0.216216 0.135135 0.162162 0.162162 0.0540541 0.0810811 0.027027 0 0 0 0 

1248 1223 882 84 0 0.654129 0 0 0 0 0 0 0 0 0 0 0 0 0 0 0 0 0 0 0 0 0.0526316 0.236842 0.0789474 0.210526 0.184211 0.157895 0.0789474 0 0 0 0 0 0 

1184 1166 870 84 0 0.686106 0 0 0 0 0 0 0 0 0 0 0 0 0 0 0 0 0 0 0 0 0.0555556 0.0555556 0.138889 0.138889 0.194444 0.25 0.166667 0 0 0 0 0 0 

1184 1171 845 84 0 0.683177 0 0 0 0 0 0 0 0 0 0 0 0 0 0 0 0 0 0 0 0.0277778 0.0833333 0.0833333 0.25 0.138889 0.222222 0.0833333 0.111111 0 0 0 0 0 0 

1184 1164 850 74 0 0.687285 0 0 0 0 0 0 0 0 0 0 0 0 0 0 0 0 0 0 0 0.0277778 0.0555556 0.0833333 0.0833333 0.277778 0.25 0.111111 0.111111 0 0 0 0 0 0 

1152 1127 818 70 0 0.709849 0 0 0 0 0 0 0 0 0 0 0 0 0 0 0 0 0 0.0285714 0 0.0285714 0.0285714 0.0857143 0.0571429 0.314286 0.257143 0.114286 0.0571429 0.0285714 0 0 0 0 0 

1248 1219 901 74 0 0.656276 0 0 0 0 0 0 0 0 0 0 0 0 0 0 0 0 0 0 0 0 0 0.105263 0.184211 0.184211 0.236842 0.131579 0.105263 0.0526316 0 0 0 0 0 

1216 1185 856 70 0 0.675106 0 0 0 0 0 0 0 0 0 0 0 0 0 0 0 0 0 0 0 0 0.0810811 0.0810811 0.135135 0.297297 0.189189 0.189189 0.027027 0 0 0 0 0 0 

1120 1097 801 61 0 0.729262 0 0 0 0 0 0 0 0 0 0 0 0 0 0 0 0 0 0 0.0294118 0 0.0294118 0.0882353 0.147059 0.205882 0.235294 0.176471 0.0882353 0 0 0 0 0 0 

1120 1102 802 78 0 0.725953 0 0 0 0 0 0 0 0 0 0 0 0 0 0 0 0 0 0 0 0 0.117647 0.0294118 0.205882 0.235294 0.147059 0.176471 0.0588235 0.0294118 0 0 0 0 0 

1120 1110 802 83 0 0.720721 0 0 0 0 0 0 0 0 0 0 0 0 0 0 0 0 0 0 0 0.0294118 0.0294118 0.176471 0.117647 0.264706 0.205882 0.117647 0.0588235 0 0 0 0 0 0 

1120 1099 802 74 0 0.727934 0 0 0 0 0 0 0 0 0 0 0 0 0 0 0 0 0 0 0 0.0294118 0.0588235 0 0.176471 0.235294 0.264706 0.235294 0 0 0 0 0 0 0 

1120 1113 802 82 0 0.718778 0 0 0 0 0 0 0 0 0 0 0 0 0 0 0 0 0 0 0.0294118 0 0.0882353 0.0882353 0.176471 0.264706 0.147059 0.147059 0.0588235 0 0 0 0 0 0 

1120 1100 801 62 0 0.727273 0 0 0 0 0 0 0 0 0 0 0 0 0 0 0 0 0 0 0 0 0.0588235 0.147059 0.0588235 0.294118 0.294118 0.0294118 0.0882353 0.0294118 0 0 0 0 0 

1088 1076 802 70 0 0.743494 0 0 0 0 0 0 0 0 0 0 0 0 0 0 0 0 0 0 0 0.030303 0.030303 0 0.181818 0.181818 0.181818 0.272727 0.121212 0 0 0 0 0 0 

1120 1091 801 68 0 0.733272 0 0 0 0 0 0 0 0 0 0 0 0 0 0 0 0 0 0 0 0 0 0.117647 0.117647 0.264706 0.294118 0.117647 0.0588235 0.0294118 0 0 0 0 0 

1248 1218 890 84 0 0.656814 0 0 0 0 0 0 0 0 0 0 0 0 0 0 0 0 0 0 0 0.0526316 0.0263158 0.0789474 0.131579 0.105263 0.368421 0.131579 0.105263 0 0 0 0 0 0 

1216 1186 860 84 0 0.674536 0 0 0 0 0 0 0 0 0 0 0 0 0 0 0 0 0 0 0 0.027027 0 0.0540541 0.162162 0.351351 0.297297 0.0540541 0.0540541 0 0 0 0 0 0 

1184 1155 836 84 0 0.692641 0 0 0 0 0 0 0 0 0 0 0 0 0 0 0 0 0 0 0.0277778 0 0.0277778 0.138889 0.138889 0.166667 0.305556 0.111111 0.0833333 0 0 0 0 0 0 

1184 1158 859 84 0 0.690846 0 0 0 0 0 0 0 0 0 0 0 0 0 0 0 0 0 0 0 0 0.0277778 0.0277778 0.222222 0.222222 0.166667 0.166667 0.111111 0.0555556 0 0 0 0 0 

1184 1163 843 74 0 0.687876 0 0 0 0 0 0 0 0 0 0 0 0 0 0 0 0 0 0 0 0 0.0277778 0.111111 0.194444 0.333333 0.111111 0.166667 0.0555556 0 0 0 0 0 0 

1152 1131 833 84 0 0.707339 0 0 0 0 0 0 0 0 0 0 0 0 0 0 0 0 0 0 0 0 0.0571429 0.142857 0.0857143 0.171429 0.228571 0.171429 0.114286 0.0285714 0 0 0 0 0 

1280 1256 908 84 0 0.636943 0 0 0 0 0 0 0 0 0 0 0 0 0 0 0 0 0 0 0 0 0.0769231 0.102564 0.179487 0.230769 0.25641 0.0512821 0.0769231 0.025641 0 0 0 0 0 

1088 1075 802 73 0 0.744186 0 0 0 0 0 0 0 0 0 0 0 0 0 0 0 0 0 0 0 0 0.030303 0.030303 0.212121 0.181818 0.212121 0.181818 0.0909091 0.0606061 0 0 0 0 0 

1248 1217 883 84 0 0.657354 0 0 0 0 0 0 0 0 0 0 0 0 0 0 0 0 0 0 0 0.0263158 0.0263158 0.0789474 0.263158 0.131579 0.184211 0.236842 0.0526316 0 0 0 0 0 0 

1120 1109 802 83 0 0.721371 0 0 0 0 0 0 0 0 0 0 0 0 0 0 0 0 0 0 0 0.0294118 0 0.0882353 0.235294 0.205882 0.382353 0.0588235 0 0 0 0 0 0 0 

1120 1091 806 84 0 0.733272 0 0 0 0 0 0 0 0 0 0 0 0 0 0 0 0 0 0 0 0 0.0588235 0.0588235 0.176471 0.235294 0.0882353 0.205882 0.117647 0.0588235 0 0 0 0 0 

1248 1219 883 84 0 0.656276 0 0 0 0 0 0 0 0 0 0 0 0 0 0 0 0 0 0 0 0.0263158 0.0789474 0.0789474 0.0789474 0.289474 0.236842 0.131579 0.0789474 0 0 0 0 0 0 

1088 1081 801 63 0 0.740056 0 0 0 0 0 0 0 0 0 0 0 0 0 0 0 0 0 0 0 0 0.0606061 0.0606061 0.181818 0.0909091 0.30303 0.212121 0.0909091 0 0 0 0 0 0 

1120 1103 801 64 0 0.725295 0 0 0 0 0 0 0 0 0 0 0 0 0 0 0 0 0 0 0 0 0 0.147059 0.176471 0.264706 0.294118 0.0882353 0 0.0294118 0 0 0 0 0 

1120 1108 802 73 0 0.722022 0 0 0 0 0 0 0 0 0 0 0 0 0 0 0 0 0 0.0294118 0 0 0.0882353 0.117647 0.0882353 0.176471 0.323529 0.117647 0.0294118 0.0294118 0 0 0 0 0 

1120 1101 801 62 0 0.726612 0 0 0 0 0 0 0 0 0 0 0 0 0 0 0 0 0 0 0 0.0294118 0.0588235 0.0882353 0.0294118 0.323529 0.294118 0.147059 0.0294118 0 0 0 0 0 0 

1408 1397 1029 84 0 0.572656 0 0 0 0 0 0 0 0 0 0 0 0 0 0 0 0 0 0 0.0232558 0.0232558 0 0.0930233 0.116279 0.255814 0.209302 0.139535 0.0930233 0.0465116 0 0 0 0 0 

1248 1224 886 84 0 0.653595 0 0 0 0 0 0 0 0 0 0 0 0 0 0 0 0 0 0 0 0.0526316 0.0526316 0.0526316 0.105263 0.289474 0.210526 0.236842 0 0 0 0 0 0 0 

1440 1412 1026 84 0 0.566572 0 0 0 0 0 0 0 0 0 0 0 0 0 0 0 0 0 0 0 0 0.0227273 0.0909091 0.136364 0.318182 0.272727 0.136364 0.0227273 0 0 0 0 0 0 

1440 1421 1031 84 0 0.562984 0 0 0 0 0 0 0 0 0 0 0 0 0 0 0 0 0 0 0 0.0227273 0.0681818 0.0227273 0.204545 0.272727 0.181818 0.181818 0.0454545 0 0 0 0 0 0 

1344 1334 976 84 0 0.5997 0 0 0 0 0 0 0 0 0 0 0 0 0 0 0 0 0 0 0 0.0243902 0.0243902 0.0731707 0.243902 0.097561 0.317073 0.146341 0.0731707 0 0 0 0 0 0 

1312 1307 960 84 0 0.612089 0 0 0 0 0 0 0 0 0 0 0 0 0 0 0 0 0 0 0 0.05 0.025 0.05 0.175 0.2 0.25 0.175 0.025 0.05 0 0 0 0 0 

1312 1286 940 84 0 0.622084 0 0 0 0 0 0 0 0 0 0 0 0 0 0 0 0 0 0 0 0 0.025 0.1 0.2 0.225 0.15 0.225 0.075 0 0 0 0 0 0 

1312 1297 965 84 0 0.616808 0 0 0 0 0 0 0 0 0 0 0 0 0 0 0 0 0 0 0 0 0.025 0.1 0.25 0.1 0.175 0.125 0.1 0.125 0 0 0 0 0 

1120 1106 802 74 0 0.723327 0 0 0 0 0 0 0 0 0 0 0 0 0 0 0 0 0 0 0 0 0.0588235 0.117647 0.117647 0.294118 0.264706 0.117647 0.0294118 0 0 0 0 0 0 

1216 1190 856 84 0 0.672269 0 0 0 0 0 0 0 0 0 0 0 0 0 0 0 0 0 0 0 0.027027 0.027027 0.162162 0.216216 0.189189 0.189189 0.108108 0.027027 0.0540541 0 0 0 0 0 

1120 1107 802 79 0 0.722674 0 0 0 0 0 0 0 0 0 0 0 0 0 0 0 0 0 0 0 0 0.0294118 0.117647 0.147059 0.382353 0.176471 0.117647 0.0294118 0 0 0 0 0 0 

1152 1130 813 84 0 0.707965 0 0 0 0 0 0 0 0 0 0 0 0 0 0 0 0 0 0 0 0.0571429 0.0571429 0.0571429 0.2 0.257143 0.2 0.0857143 0.0571429 0.0285714 0 0 0 0 0 

1152 1132 822 84 0 0.706714 0 0 0 0 0 0 0 0 0 0 0 0 0 0 0 0 0 0 0.0285714 0.0285714 0.0285714 0.0857143 0.114286 0.2 0.342857 0.0857143 0.0857143 0 0 0 0 0 0 

1216 1185 875 84 0 0.675106 0 0 0 0 0 0 0 0 0 0 0 0 0 0 0 0 0 0 0 0 0.108108 0.027027 0.0810811 0.162162 0.351351 0.135135 0.0810811 0.0540541 0 0 0 0 0 

1248 1218 883 84 0 0.656814 0 0 0 0 0 0 0 0 0 0 0 0 0 0 0 0 0 0 0 0.0263158 0.0526316 0.105263 0.157895 0.184211 0.263158 0.105263 0.0789474 0.0263158 0 0 0 0 0 

1248 1226 869 84 0 0.652529 0 0 0 0 0 0 0 0 0 0 0 0 0 0 0 0 0 0 0 0.131579 0.0526316 0.0789474 0.236842 0.157895 0.131579 0.131579 0.0526316 0 0.0263158 0 0 0 0 

1152 1136 802 79 0 0.704225 0 0 0 0 0 0 0 0 0 0 0 0 0 0 0 0 0 0 0 0.0857143 0.0571429 0.228571 0.0857143 0.228571 0.171429 0.0857143 0.0571429 0 0 0 0 0 0 

1120 1105 802 74 0 0.723982 0 0 0 0 0 0 0 0 0 0 0 0 0 0 0 0 0 0 0 0.0588235 0.0294118 0.117647 0.0588235 0.235294 0.294118 0.205882 0 0 0 0 0 0 0 

1120 1096 801 68 0 0.729927 0 0 0 0 0 0 0 0 0 0 0 0 0 0 0 0 0 0 0.0294118 0 0 0.0588235 0.205882 0.176471 0.323529 0.147059 0.0588235 0 0 0 0 0 0 

1088 1083 801 68 0 0.738689 0 0 0 0 0 0 0 0 0 0 0 0 0 0 0 0 0 0 0 0.0606061 0 0.0606061 0.0606061 0.333333 0.181818 0.212121 0.0909091 0 0 0 0 0 0 

1248 1225 881 84 0 0.653061 0 0 0 0 0 0 0 0 0 0 0 0 0 0 0 0 0 0 0.0263158 0 0.0789474 0.105263 0.210526 0.157895 0.210526 0.157895 0.0263158 0 0.0263158 0 0 0 0 

1216 1192 868 84 0 0.671141 0 0 0 0 0 0 0 0 0 0 0 0 0 0 0 0 0 0 0 0 0.027027 0.108108 0.135135 0.27027 0.324324 0.0810811 0.027027 0.027027 0 0 0 0 0 

1248 1223 904 84 0 0.654129 0 0 0 0 0 0 0 0 0 0 0 0 0 0 0 0 0 0 0 0 0 0.0789474 0.105263 0.289474 0.315789 0.105263 0.0789474 0.0263158 0 0 0 0 0 

1216 1195 863 84 0 0.669456 0 0 0 0 0 0 0 0 0 0 0 0 0 0 0 0 0 0 0 0.0540541 0.027027 0.0810811 0.216216 0.189189 0.243243 0.108108 0.0810811 0 0 0 0 0 0 

1312 1288 937 84 0 0.621118 0 0 0 0 0 0 0 0 0 0 0 0 0 0 0 0 0 0 0 0 0.075 0.075 0.225 0.225 0.125 0.175 0.05 0.05 0 0 0 0 0 

1408 1380 1001 84 0 0.57971 0 0 0 0 0 0 0 0 0 0 0 0 0 0 0 0 0 0 0 0.0232558 0.0697674 0.0697674 0.209302 0.186047 0.209302 0.0930233 0.116279 0.0232558 0 0 0 0 0 

1440 1412 1031 84 0 0.566572 0 0 0 0 0 0 0 0 0 0 0 0 0 0 0 0 0 0 0 0 0.0454545 0.0909091 0.181818 0.25 0.181818 0.113636 0.113636 0.0227273 0 0 0 0 0 

1248 1221 898 84 0 0.655201 0 0 0 0 0 0 0 0 0 0 0 0 0 0 0 0 0 0 0 0 0.0263158 0.0789474 0.131579 0.289474 0.210526 0.157895 0.0789474 0.0263158 0 0 0 0 0 

