2976 2958 2157 120 0 0.540906 0 0 0 0 0 0 0 0 0 0 0 0 0 0 0 0 0 0 0 0.0326087 0.0652174 0.0434783 0.173913 0.23913 0.152174 0.184783 0.076087 0.0326087 0 0 0 0 0 

2976 2958 2103 120 0 0.540906 0 0 0 0 0 0 0 0 0 0 0 0 0 0 0 0 0 0 0.0108696 0.0217391 0.0434783 0.141304 0.206522 0.271739 0.173913 0.0978261 0.0326087 0 0 0 0 0 0 

2880 2867 2052 120 0 0.558075 0 0 0 0 0 0 0 0 0 0 0 0 0 0 0 0 0 0 0.0224719 0.0449438 0.0449438 0.123596 0.179775 0.168539 0.224719 0.11236 0.0674157 0.011236 0 0 0 0 0 

2784 2767 2004 120 0 0.578244 0 0 0 0 0 0 0 0 0 0 0 0 0 0 0 0 0 0 0 0.0348837 0.0232558 0.0813953 0.162791 0.255814 0.290698 0.104651 0.0232558 0.0232558 0 0 0 0 0 

2880 2867 2072 120 0 0.558075 0 0 0 0 0 0 0 0 0 0 0 0 0 0 0 0 0 0 0.0224719 0.011236 0.0674157 0.0449438 0.224719 0.224719 0.179775 0.134831 0.0674157 0.0224719 0 0 0 0 0 

2880 2867 2112 120 0 0.558075 0 0 0 0 0 0 0 0 0 0 0 0 0 0 0 0 0 0 0.011236 0.011236 0.0224719 0.0674157 0.0898876 0.292135 0.213483 0.191011 0.0898876 0.011236 0 0 0 0 0 

2784 2771 2009 120 0 0.577409 0 0 0 0 0 0 0 0 0 0 0 0 0 0 0 0 0 0 0 0.0116279 0.0465116 0.0697674 0.186047 0.244186 0.244186 0.186047 0.0116279 0 0 0 0 0 0 

2752 2726 1989 120 0 0.586941 0 0 0 0 0 0 0 0 0 0 0 0 0 0 0 0 0 0 0.0117647 0.0117647 0.0352941 0.0705882 0.164706 0.2 0.270588 0.129412 0.105882 0 0 0 0 0 0 

2880 2866 2084 120 0 0.558269 0 0 0 0 0 0 0 0 0 0 0 0 0 0 0 0 0 0 0.011236 0.0449438 0.011236 0.11236 0.101124 0.213483 0.280899 0.157303 0.0561798 0.011236 0 0 0 0 0 

2880 2866 2092 120 0 0.558269 0 0 0 0 0 0 0 0 0 0 0 0 0 0 0 0 0 0 0 0 0.0337079 0.101124 0.157303 0.235955 0.280899 0.11236 0.0561798 0.0224719 0 0 0 0 0 

