2976 2959 2130 120 0 0.540723 0 0 0 0 0 0 0 0 0 0 0 0 0 0 0 0 0 0 0.0108696 0.0434783 0.0543478 0.130435 0.130435 0.217391 0.130435 0.217391 0.0543478 0.0108696 0 0 0 0 0 

2880 2866 2067 120 0 0.558269 0 0 0 0 0 0 0 0 0 0 0 0 0 0 0 0 0 0 0.0224719 0.0224719 0.0337079 0.11236 0.191011 0.224719 0.123596 0.202247 0.0561798 0.011236 0 0 0 0 0 

2816 2788 2007 120 0 0.573888 0 0 0 0 0 0 0 0 0 0 0 0 0 0 0 0 0 0.0114943 0 0 0.0344828 0.149425 0.149425 0.275862 0.137931 0.218391 0.0229885 0 0 0 0 0 0 

2976 2958 2178 120 0 0.540906 0 0 0 0 0 0 0 0 0 0 0 0 0 0 0 0 0 0 0 0 0 0.0543478 0.173913 0.282609 0.282609 0.119565 0.076087 0 0.0108696 0 0 0 0 

3008 2988 2179 120 0 0.535475 0 0 0 0 0 0 0 0 0 0 0 0 0 0 0 0 0 0 0 0 0.0537634 0.0860215 0.193548 0.193548 0.215054 0.172043 0.0752688 0.0107527 0 0 0 0 0 

2784 2768 2003 120 0 0.578035 0 0 0 0 0 0 0 0 0 0 0 0 0 0 0 0 0 0 0 0.0465116 0.0697674 0.116279 0.116279 0.209302 0.174419 0.174419 0.0581395 0.0232558 0.0116279 0 0 0 0 

2880 2866 2100 120 0 0.558269 0 0 0 0 0 0 0 0 0 0 0 0 0 0 0 0 0 0 0 0.0337079 0.0337079 0.0561798 0.191011 0.179775 0.191011 0.213483 0.0898876 0.011236 0 0 0 0 0 

2880 2867 2077 120 0 0.558075 0 0 0 0 0 0 0 0 0 0 0 0 0 0 0 0 0 0 0.011236 0.0449438 0.0337079 0.0561798 0.202247 0.235955 0.146067 0.202247 0.0449438 0.0224719 0 0 0 0 0 

2816 2789 2044 120 0 0.573682 0 0 0 0 0 0 0 0 0 0 0 0 0 0 0 0 0 0 0 0.0344828 0.0114943 0.103448 0.0804598 0.252874 0.241379 0.183908 0.0804598 0.0114943 0 0 0 0 0 

3008 2991 2159 120 0 0.534938 0 0 0 0 0 0 0 0 0 0 0 0 0 0 0 0 0 0 0 0.0107527 0.0322581 0.107527 0.215054 0.301075 0.11828 0.139785 0.0752688 0 0 0 0 0 0 

