1216 1195 864 84 0 0.669456 0 0 0 0 0 0 0 0 0 0 0 0 0 0 0 0 0 0 0 0 0.108108 0.135135 0.162162 0.135135 0.243243 0.0810811 0.135135 0 0 0 0 0 0 

1280 1252 916 84 0 0.638978 0 0 0 0 0 0 0 0 0 0 0 0 0 0 0 0 0 0 0.025641 0.025641 0.025641 0.025641 0.128205 0.230769 0.282051 0.179487 0.0769231 0 0 0 0 0 0 

1280 1252 892 84 0 0.638978 0 0 0 0 0 0 0 0 0 0 0 0 0 0 0 0 0 0 0.025641 0.0512821 0.0512821 0.0512821 0.230769 0.282051 0.128205 0.102564 0.0512821 0.025641 0 0 0 0 0 

1216 1194 873 84 0 0.670017 0 0 0 0 0 0 0 0 0 0 0 0 0 0 0 0 0 0 0 0 0.0540541 0.108108 0.216216 0.189189 0.135135 0.135135 0.135135 0.027027 0 0 0 0 0 

1248 1219 900 84 0 0.656276 0 0 0 0 0 0 0 0 0 0 0 0 0 0 0 0 0 0 0.0263158 0.0526316 0.0263158 0.0263158 0.184211 0.105263 0.184211 0.157895 0.184211 0.0526316 0 0 0 0 0 

1248 1220 879 84 0 0.655738 0 0 0 0 0 0 0 0 0 0 0 0 0 0 0 0 0 0 0 0.0526316 0.0789474 0.0526316 0.184211 0.236842 0.105263 0.210526 0.0789474 0 0 0 0 0 0 

1248 1220 871 84 0 0.655738 0 0 0 0 0 0 0 0 0 0 0 0 0 0 0 0 0 0 0 0.0263158 0.105263 0.131579 0.184211 0.131579 0.210526 0.157895 0.0526316 0 0 0 0 0 0 

1216 1193 866 84 0 0.670578 0 0 0 0 0 0 0 0 0 0 0 0 0 0 0 0 0 0 0.0540541 0.0540541 0.027027 0.0810811 0.108108 0.135135 0.243243 0.162162 0.108108 0.027027 0 0 0 0 0 

1280 1251 906 84 0 0.639488 0 0 0 0 0 0 0 0 0 0 0 0 0 0 0 0 0 0 0.025641 0 0.0512821 0.102564 0.179487 0.205128 0.25641 0.0512821 0.0769231 0.025641 0.025641 0 0 0 0 

1280 1252 897 84 0 0.638978 0 0 0 0 0 0 0 0 0 0 0 0 0 0 0 0 0 0 0 0.0769231 0 0.128205 0.153846 0.25641 0.205128 0.128205 0.0512821 0 0 0 0 0 0 

1280 1251 901 84 0 0.639488 0 0 0 0 0 0 0 0 0 0 0 0 0 0 0 0 0 0 0 0.025641 0.0769231 0.025641 0.230769 0.230769 0.230769 0.128205 0.0512821 0 0 0 0 0 0 

1280 1251 913 84 0 0.639488 0 0 0 0 0 0 0 0 0 0 0 0 0 0 0 0 0 0 0 0 0.102564 0.025641 0.179487 0.205128 0.230769 0.153846 0.0769231 0.025641 0 0 0 0 0 

1312 1296 959 84 0 0.617284 0 0 0 0 0 0 0 0 0 0 0 0 0 0 0 0 0 0 0 0.025 0.025 0.05 0.1 0.275 0.25 0.125 0.15 0 0 0 0 0 0 

1312 1296 928 84 0 0.617284 0 0 0 0 0 0 0 0 0 0 0 0 0 0 0 0 0 0 0 0.05 0 0.1 0.25 0.25 0.275 0.05 0.025 0 0 0 0 0 0 

1216 1195 873 84 0 0.669456 0 0 0 0 0 0 0 0 0 0 0 0 0 0 0 0 0 0 0.027027 0.027027 0.027027 0.027027 0.162162 0.216216 0.297297 0.135135 0.0540541 0.027027 0 0 0 0 0 

1216 1194 878 84 0 0.670017 0 0 0 0 0 0 0 0 0 0 0 0 0 0 0 0 0 0 0 0 0.0540541 0 0.162162 0.324324 0.243243 0.135135 0.0540541 0.027027 0 0 0 0 0 

1216 1194 876 84 0 0.670017 0 0 0 0 0 0 0 0 0 0 0 0 0 0 0 0 0 0 0 0.027027 0.0810811 0.0810811 0.0810811 0.216216 0.162162 0.216216 0.135135 0 0 0 0 0 0 

1216 1194 864 84 0 0.670017 0 0 0 0 0 0 0 0 0 0 0 0 0 0 0 0 0 0.027027 0 0 0.0810811 0.0540541 0.162162 0.216216 0.216216 0.189189 0.0540541 0 0 0 0 0 0 

1216 1194 880 84 0 0.670017 0 0 0 0 0 0 0 0 0 0 0 0 0 0 0 0 0 0 0 0.0540541 0.027027 0.0810811 0.135135 0.135135 0.243243 0.189189 0.0540541 0.0810811 0 0 0 0 0 

1216 1194 885 84 0 0.670017 0 0 0 0 0 0 0 0 0 0 0 0 0 0 0 0 0 0 0 0 0.027027 0.027027 0.108108 0.324324 0.216216 0.216216 0.0810811 0 0 0 0 0 0 

1312 1296 927 84 0 0.617284 0 0 0 0 0 0 0 0 0 0 0 0 0 0 0 0 0 0 0 0.05 0.025 0.125 0.175 0.3 0.2 0.1 0.025 0 0 0 0 0 0 

1216 1193 883 84 0 0.670578 0 0 0 0 0 0 0 0 0 0 0 0 0 0 0 0 0 0 0 0.027027 0.027027 0.0540541 0.108108 0.27027 0.162162 0.216216 0.108108 0.027027 0 0 0 0 0 

1216 1194 873 84 0 0.670017 0 0 0 0 0 0 0 0 0 0 0 0 0 0 0 0 0 0 0 0.027027 0 0.162162 0.162162 0.108108 0.324324 0.108108 0.0810811 0 0.027027 0 0 0 0 

1216 1194 889 84 0 0.670017 0 0 0 0 0 0 0 0 0 0 0 0 0 0 0 0 0 0 0 0.027027 0.027027 0.0540541 0.0810811 0.162162 0.324324 0.216216 0.0540541 0.0540541 0 0 0 0 0 

1216 1195 887 84 0 0.669456 0 0 0 0 0 0 0 0 0 0 0 0 0 0 0 0 0 0 0 0 0.027027 0.0540541 0.0810811 0.297297 0.297297 0.108108 0.108108 0.027027 0 0 0 0 0 

1248 1219 880 84 0 0.656276 0 0 0 0 0 0 0 0 0 0 0 0 0 0 0 0 0 0 0 0.0263158 0 0.105263 0.184211 0.342105 0.157895 0.131579 0.0526316 0 0 0 0 0 0 

1248 1219 900 84 0 0.656276 0 0 0 0 0 0 0 0 0 0 0 0 0 0 0 0 0 0 0 0.0263158 0.0263158 0.0263158 0.131579 0.236842 0.315789 0.131579 0.0526316 0.0263158 0.0263158 0 0 0 0 

1216 1193 868 84 0 0.670578 0 0 0 0 0 0 0 0 0 0 0 0 0 0 0 0 0 0 0 0.027027 0.108108 0.0810811 0.162162 0.189189 0.0810811 0.216216 0.0810811 0.0540541 0 0 0 0 0 

1280 1251 934 84 0 0.639488 0 0 0 0 0 0 0 0 0 0 0 0 0 0 0 0 0 0 0 0 0 0.0512821 0.179487 0.153846 0.205128 0.282051 0.128205 0 0 0 0 0 0 

1216 1194 870 84 0 0.670017 0 0 0 0 0 0 0 0 0 0 0 0 0 0 0 0 0 0 0 0 0.0540541 0.0540541 0.216216 0.216216 0.297297 0.0810811 0.0540541 0.027027 0 0 0 0 0 

