256 231 170 37 0 0.692641 0 0 0 0 0 0 0 0 0 0 0 0 0 0 0 0 0 0 0 0 0.142857 0 0.142857 0.142857 0.428571 0 0.142857 0 0 0 0 0 0 

288 273 203 37 0 0.586081 0 0 0 0 0 0 0 0 0 0 0 0 0 0 0 0 0 0 0 0 0 0.125 0 0.625 0.125 0 0.125 0 0 0 0 0 0 

256 236 176 37 0 0.677966 0 0 0 0 0 0 0 0 0 0 0 0 0 0 0 0 0 0 0 0 0 0.142857 0.142857 0.142857 0.285714 0.285714 0 0 0 0 0 0 0 

288 270 200 37 0 0.592593 0 0 0 0 0 0 0 0 0 0 0 0 0 0 0 0 0 0 0 0 0 0.25 0 0.25 0.25 0.25 0 0 0 0 0 0 0 

288 261 195 37 0 0.613027 0 0 0 0 0 0 0 0 0 0 0 0 0 0 0 0 0 0 0 0 0.125 0 0 0.375 0.125 0.25 0 0.125 0 0 0 0 0 

288 268 200 37 0 0.597015 0 0 0 0 0 0 0 0 0 0 0 0 0 0 0 0 0 0 0 0.125 0 0 0 0.25 0.5 0 0 0.125 0 0 0 0 0 

320 297 220 37 0 0.538721 0 0 0 0 0 0 0 0 0 0 0 0 0 0 0 0 0 0 0 0 0 0.111111 0.222222 0.222222 0.111111 0.222222 0.111111 0 0 0 0 0 0 

256 241 183 37 0 0.6639 0 0 0 0 0 0 0 0 0 0 0 0 0 0 0 0 0 0 0 0 0 0 0.285714 0.285714 0.142857 0.142857 0 0.142857 0 0 0 0 0 

288 268 203 37 0 0.597015 0 0 0 0 0 0 0 0 0 0 0 0 0 0 0 0 0 0 0 0 0 0 0.125 0.25 0.375 0.125 0.125 0 0 0 0 0 0 

288 274 215 37 0 0.583942 0 0 0 0 0 0 0 0 0 0 0 0 0 0 0 0 0 0 0 0 0 0 0.125 0.125 0.125 0.25 0.375 0 0 0 0 0 0 

256 234 166 37 0 0.683761 0 0 0 0 0 0 0 0 0 0 0 0 0 0 0 0 0 0 0.142857 0 0.142857 0.142857 0 0.142857 0.285714 0 0.142857 0 0 0 0 0 0 

320 303 229 37 0 0.528053 0 0 0 0 0 0 0 0 0 0 0 0 0 0 0 0 0 0 0 0 0 0 0.111111 0.333333 0.222222 0.333333 0 0 0 0 0 0 0 

256 243 180 37 0 0.658436 0 0 0 0 0 0 0 0 0 0 0 0 0 0 0 0 0 0 0 0 0.142857 0 0 0.571429 0.142857 0.142857 0 0 0 0 0 0 0 

320 303 222 37 0 0.528053 0 0 0 0 0 0 0 0 0 0 0 0 0 0 0 0 0 0 0.111111 0 0 0 0.222222 0.111111 0.444444 0 0.111111 0 0 0 0 0 0 

288 276 200 37 0 0.57971 0 0 0 0 0 0 0 0 0 0 0 0 0 0 0 0 0 0 0 0 0 0.125 0.25 0.625 0 0 0 0 0 0 0 0 0 

288 278 204 37 0 0.57554 0 0 0 0 0 0 0 0 0 0 0 0 0 0 0 0 0 0 0 0 0.125 0.125 0.125 0.25 0.25 0.125 0 0 0 0 0 0 0 

288 276 201 37 0 0.57971 0 0 0 0 0 0 0 0 0 0 0 0 0 0 0 0 0 0 0 0.125 0 0.125 0.25 0 0.375 0.125 0 0 0 0 0 0 0 

288 278 204 37 0 0.57554 0 0 0 0 0 0 0 0 0 0 0 0 0 0 0 0 0 0 0 0.125 0 0 0.125 0.5 0.125 0.125 0 0 0 0 0 0 0 

288 277 208 37 0 0.577617 0 0 0 0 0 0 0 0 0 0 0 0 0 0 0 0 0 0 0 0 0 0.125 0.125 0.25 0.375 0 0.125 0 0 0 0 0 0 

288 271 198 37 0 0.590406 0 0 0 0 0 0 0 0 0 0 0 0 0 0 0 0 0 0 0 0.125 0 0.125 0.125 0.125 0.25 0.25 0 0 0 0 0 0 0 

288 274 202 37 0 0.583942 0 0 0 0 0 0 0 0 0 0 0 0 0 0 0 0 0 0 0 0.125 0 0.125 0.125 0.125 0.25 0.125 0.125 0 0 0 0 0 0 

256 235 180 37 0 0.680851 0 0 0 0 0 0 0 0 0 0 0 0 0 0 0 0 0 0 0 0 0 0 0.142857 0.285714 0.285714 0 0.142857 0.142857 0 0 0 0 0 

256 239 181 37 0 0.669456 0 0 0 0 0 0 0 0 0 0 0 0 0 0 0 0 0 0 0 0 0 0 0 0.428571 0.428571 0.142857 0 0 0 0 0 0 0 

288 266 198 37 0 0.601504 0 0 0 0 0 0 0 0 0 0 0 0 0 0 0 0 0 0 0 0 0 0 0.375 0.125 0.25 0.125 0.125 0 0 0 0 0 0 

288 269 197 37 0 0.594796 0 0 0 0 0 0 0 0 0 0 0 0 0 0 0 0 0 0 0 0 0 0.25 0.125 0.25 0.125 0.25 0 0 0 0 0 0 0 

288 274 210 37 0 0.583942 0 0 0 0 0 0 0 0 0 0 0 0 0 0 0 0 0 0 0 0 0 0.125 0.125 0.125 0.125 0.375 0 0.125 0 0 0 0 0 

288 274 200 37 0 0.583942 0 0 0 0 0 0 0 0 0 0 0 0 0 0 0 0 0 0 0 0 0 0.25 0.25 0 0.5 0 0 0 0 0 0 0 0 

288 276 202 37 0 0.57971 0 0 0 0 0 0 0 0 0 0 0 0 0 0 0 0 0 0 0.125 0 0 0 0.375 0 0.375 0 0.125 0 0 0 0 0 0 

288 275 198 37 0 0.581818 0 0 0 0 0 0 0 0 0 0 0 0 0 0 0 0 0 0 0 0.125 0 0.25 0.25 0.125 0 0.125 0.125 0 0 0 0 0 0 

288 275 209 37 0 0.581818 0 0 0 0 0 0 0 0 0 0 0 0 0 0 0 0 0 0 0 0 0 0 0.125 0.25 0.375 0.25 0 0 0 0 0 0 0 

288 273 200 37 0 0.586081 0 0 0 0 0 0 0 0 0 0 0 0 0 0 0 0 0 0 0 0 0.125 0.125 0.25 0.125 0.25 0 0 0.125 0 0 0 0 0 

256 240 186 37 0 0.666667 0 0 0 0 0 0 0 0 0 0 0 0 0 0 0 0 0 0 0 0 0 0 0 0.285714 0.428571 0 0.285714 0 0 0 0 0 0 

288 277 210 37 0 0.577617 0 0 0 0 0 0 0 0 0 0 0 0 0 0 0 0 0 0 0 0 0.125 0.125 0.125 0.125 0.125 0 0.25 0.125 0 0 0 0 0 

288 267 197 37 0 0.599251 0 0 0 0 0 0 0 0 0 0 0 0 0 0 0 0 0 0 0 0.125 0.125 0 0 0 0.5 0.125 0.125 0 0 0 0 0 0 

288 275 207 37 0 0.581818 0 0 0 0 0 0 0 0 0 0 0 0 0 0 0 0 0 0 0 0 0 0 0.25 0.25 0.375 0 0.125 0 0 0 0 0 0 

288 275 200 37 0 0.581818 0 0 0 0 0 0 0 0 0 0 0 0 0 0 0 0 0 0 0 0.125 0 0 0.5 0.125 0 0.125 0.125 0 0 0 0 0 0 

256 235 170 37 0 0.680851 0 0 0 0 0 0 0 0 0 0 0 0 0 0 0 0 0 0 0 0.142857 0 0.142857 0.142857 0.285714 0 0.142857 0.142857 0 0 0 0 0 0 

256 245 182 37 0 0.653061 0 0 0 0 0 0 0 0 0 0 0 0 0 0 0 0 0 0 0 0.142857 0 0.142857 0.142857 0.142857 0.142857 0.142857 0 0.142857 0 0 0 0 0 

256 248 190 37 0 0.645161 0 0 0 0 0 0 0 0 0 0 0 0 0 0 0 0 0 0 0 0 0 0.142857 0.142857 0.142857 0.285714 0.142857 0 0.142857 0 0 0 0 0 

288 279 216 37 0 0.573477 0 0 0 0 0 0 0 0 0 0 0 0 0 0 0 0 0 0 0 0 0 0 0 0.375 0.25 0.25 0.125 0 0 0 0 0 0 

256 241 176 37 0 0.6639 0 0 0 0 0 0 0 0 0 0 0 0 0 0 0 0 0 0 0 0 0.142857 0.142857 0.142857 0.142857 0.285714 0.142857 0 0 0 0 0 0 0 

256 242 187 37 0 0.661157 0 0 0 0 0 0 0 0 0 0 0 0 0 0 0 0 0 0 0 0 0 0 0.428571 0 0 0.285714 0.142857 0.142857 0 0 0 0 0 

288 270 203 37 0 0.592593 0 0 0 0 0 0 0 0 0 0 0 0 0 0 0 0 0 0 0 0 0 0 0 0.625 0.125 0.25 0 0 0 0 0 0 0 

288 274 214 37 0 0.583942 0 0 0 0 0 0 0 0 0 0 0 0 0 0 0 0 0 0 0 0 0 0 0 0.25 0.125 0.5 0.125 0 0 0 0 0 0 

256 239 182 37 0 0.669456 0 0 0 0 0 0 0 0 0 0 0 0 0 0 0 0 0 0 0 0 0 0.142857 0.142857 0.142857 0.142857 0.285714 0 0.142857 0 0 0 0 0 

320 304 226 37 0 0.526316 0 0 0 0 0 0 0 0 0 0 0 0 0 0 0 0 0 0 0 0 0 0 0.444444 0.111111 0.111111 0.333333 0 0 0 0 0 0 0 

288 276 203 37 0 0.57971 0 0 0 0 0 0 0 0 0 0 0 0 0 0 0 0 0 0 0 0 0 0 0.375 0.5 0 0.125 0 0 0 0 0 0 0 

256 243 174 37 0 0.658436 0 0 0 0 0 0 0 0 0 0 0 0 0 0 0 0 0 0 0.142857 0 0.142857 0 0.285714 0.142857 0 0.285714 0 0 0 0 0 0 0 

256 244 176 37 0 0.655738 0 0 0 0 0 0 0 0 0 0 0 0 0 0 0 0 0 0 0 0 0.142857 0.142857 0.428571 0 0.142857 0.142857 0 0 0 0 0 0 0 

288 273 193 37 0 0.586081 0 0 0 0 0 0 0 0 0 0 0 0 0 0 0 0 0 0 0 0.125 0.25 0 0.125 0.125 0.375 0 0 0 0 0 0 0 0 

288 274 211 37 0 0.583942 0 0 0 0 0 0 0 0 0 0 0 0 0 0 0 0 0 0 0 0 0 0.125 0.125 0 0.25 0.25 0.25 0 0 0 0 0 0 

256 237 178 37 0 0.675106 0 0 0 0 0 0 0 0 0 0 0 0 0 0 0 0 0 0 0 0 0 0 0.285714 0.142857 0.285714 0.285714 0 0 0 0 0 0 0 

256 242 179 37 0 0.661157 0 0 0 0 0 0 0 0 0 0 0 0 0 0 0 0 0 0 0 0 0 0 0.285714 0.428571 0.285714 0 0 0 0 0 0 0 0 

288 275 199 37 0 0.581818 0 0 0 0 0 0 0 0 0 0 0 0 0 0 0 0 0 0 0 0 0 0.375 0.125 0.125 0.375 0 0 0 0 0 0 0 0 

288 265 190 37 0 0.603774 0 0 0 0 0 0 0 0 0 0 0 0 0 0 0 0 0 0 0 0 0 0.25 0.375 0 0.25 0.125 0 0 0 0 0 0 0 

288 274 204 37 0 0.583942 0 0 0 0 0 0 0 0 0 0 0 0 0 0 0 0 0 0 0 0 0 0.125 0.25 0.25 0.125 0.125 0.125 0 0 0 0 0 0 

256 240 177 37 0 0.666667 0 0 0 0 0 0 0 0 0 0 0 0 0 0 0 0 0 0 0 0 0 0.142857 0.285714 0.142857 0.285714 0.142857 0 0 0 0 0 0 0 

288 277 207 37 0 0.577617 0 0 0 0 0 0 0 0 0 0 0 0 0 0 0 0 0 0.125 0 0 0 0 0.125 0.125 0.25 0.25 0.125 0 0 0 0 0 0 

256 243 188 37 0 0.658436 0 0 0 0 0 0 0 0 0 0 0 0 0 0 0 0 0 0 0 0 0 0.142857 0 0.142857 0.285714 0.285714 0 0.142857 0 0 0 0 0 

256 246 193 37 0 0.650406 0 0 0 0 0 0 0 0 0 0 0 0 0 0 0 0 0 0 0 0 0 0 0 0.142857 0.428571 0.285714 0.142857 0 0 0 0 0 0 

288 269 195 37 0 0.594796 0 0 0 0 0 0 0 0 0 0 0 0 0 0 0 0 0 0 0 0.125 0 0.125 0.125 0.125 0.375 0.125 0 0 0 0 0 0 0 

256 238 181 37 0 0.672269 0 0 0 0 0 0 0 0 0 0 0 0 0 0 0 0 0 0 0 0 0 0.142857 0 0.285714 0.142857 0.285714 0.142857 0 0 0 0 0 0 

320 310 234 37 0 0.516129 0 0 0 0 0 0 0 0 0 0 0 0 0 0 0 0 0 0 0 0 0 0.111111 0.222222 0.222222 0.111111 0.111111 0.222222 0 0 0 0 0 0 

288 279 210 37 0 0.573477 0 0 0 0 0 0 0 0 0 0 0 0 0 0 0 0 0 0 0 0 0 0.125 0.25 0.25 0 0.25 0.125 0 0 0 0 0 0 

256 242 184 37 0 0.661157 0 0 0 0 0 0 0 0 0 0 0 0 0 0 0 0 0 0 0 0 0 0.142857 0.142857 0 0.285714 0.428571 0 0 0 0 0 0 0 

288 277 206 37 0 0.577617 0 0 0 0 0 0 0 0 0 0 0 0 0 0 0 0 0 0 0 0 0 0 0.5 0 0.375 0.125 0 0 0 0 0 0 0 

256 243 183 37 0 0.658436 0 0 0 0 0 0 0 0 0 0 0 0 0 0 0 0 0 0 0 0 0.142857 0.142857 0 0.142857 0.142857 0.285714 0.142857 0 0 0 0 0 0 

320 298 221 37 0 0.536913 0 0 0 0 0 0 0 0 0 0 0 0 0 0 0 0 0 0 0 0 0 0.111111 0.111111 0.444444 0.111111 0.111111 0 0.111111 0 0 0 0 0 

288 280 202 37 0 0.571429 0 0 0 0 0 0 0 0 0 0 0 0 0 0 0 0 0 0 0 0 0 0.375 0.125 0.375 0.125 0 0 0 0 0 0 0 0 

288 277 211 37 0 0.577617 0 0 0 0 0 0 0 0 0 0 0 0 0 0 0 0 0 0 0 0 0 0.125 0 0 0.75 0.125 0 0 0 0 0 0 0 

288 268 204 37 0 0.597015 0 0 0 0 0 0 0 0 0 0 0 0 0 0 0 0 0 0 0 0 0 0 0.375 0 0.375 0 0.125 0 0.125 0 0 0 0 

288 279 208 37 0 0.573477 0 0 0 0 0 0 0 0 0 0 0 0 0 0 0 0 0 0 0 0 0 0 0.5 0.125 0.125 0.25 0 0 0 0 0 0 0 

288 277 206 37 0 0.577617 0 0 0 0 0 0 0 0 0 0 0 0 0 0 0 0 0 0 0 0 0 0.125 0.25 0.25 0.125 0.25 0 0 0 0 0 0 0 

320 296 211 37 0 0.540541 0 0 0 0 0 0 0 0 0 0 0 0 0 0 0 0 0 0 0 0 0.333333 0.111111 0 0.111111 0.222222 0.111111 0.111111 0 0 0 0 0 0 

288 275 203 37 0 0.581818 0 0 0 0 0 0 0 0 0 0 0 0 0 0 0 0 0 0 0 0 0.125 0.125 0.125 0.125 0.375 0 0.125 0 0 0 0 0 0 

288 272 205 37 0 0.588235 0 0 0 0 0 0 0 0 0 0 0 0 0 0 0 0 0 0 0 0 0 0 0.25 0.375 0 0.25 0.125 0 0 0 0 0 0 

288 276 202 37 0 0.57971 0 0 0 0 0 0 0 0 0 0 0 0 0 0 0 0 0 0 0 0 0 0.375 0.125 0.125 0.125 0.25 0 0 0 0 0 0 0 

256 240 185 37 0 0.666667 0 0 0 0 0 0 0 0 0 0 0 0 0 0 0 0 0 0 0.142857 0 0 0 0 0.142857 0 0.285714 0.428571 0 0 0 0 0 0 

256 238 174 37 0 0.672269 0 0 0 0 0 0 0 0 0 0 0 0 0 0 0 0 0 0 0 0.142857 0 0 0.285714 0.142857 0.142857 0.285714 0 0 0 0 0 0 0 

288 269 199 37 0 0.594796 0 0 0 0 0 0 0 0 0 0 0 0 0 0 0 0 0 0 0 0 0 0 0.25 0.5 0 0.25 0 0 0 0 0 0 0 

288 273 203 37 0 0.586081 0 0 0 0 0 0 0 0 0 0 0 0 0 0 0 0 0 0 0 0 0 0 0.375 0.125 0.375 0.125 0 0 0 0 0 0 0 

288 279 209 37 0 0.573477 0 0 0 0 0 0 0 0 0 0 0 0 0 0 0 0 0 0 0 0 0 0.125 0.25 0 0.5 0.125 0 0 0 0 0 0 0 

288 270 196 37 0 0.592593 0 0 0 0 0 0 0 0 0 0 0 0 0 0 0 0 0 0 0 0 0.25 0 0.125 0.25 0.125 0.25 0 0 0 0 0 0 0 

320 299 228 37 0 0.535117 0 0 0 0 0 0 0 0 0 0 0 0 0 0 0 0 0 0 0 0 0 0 0 0.222222 0.444444 0.333333 0 0 0 0 0 0 0 

288 272 191 37 0 0.588235 0 0 0 0 0 0 0 0 0 0 0 0 0 0 0 0 0 0 0.125 0 0.125 0.125 0.25 0.125 0.125 0.125 0 0 0 0 0 0 0 

256 241 173 37 0 0.6639 0 0 0 0 0 0 0 0 0 0 0 0 0 0 0 0 0 0 0 0.142857 0.142857 0.142857 0 0.285714 0 0.285714 0 0 0 0 0 0 0 

256 240 186 37 0 0.666667 0 0 0 0 0 0 0 0 0 0 0 0 0 0 0 0 0 0 0 0 0 0 0 0.142857 0.571429 0.142857 0.142857 0 0 0 0 0 0 

288 268 206 37 0 0.597015 0 0 0 0 0 0 0 0 0 0 0 0 0 0 0 0 0 0 0 0 0 0 0.125 0.5 0 0.125 0 0.125 0.125 0 0 0 0 

288 276 204 37 0 0.57971 0 0 0 0 0 0 0 0 0 0 0 0 0 0 0 0 0 0 0 0 0 0.125 0.125 0.5 0.125 0.125 0 0 0 0 0 0 0 

256 246 185 37 0 0.650406 0 0 0 0 0 0 0 0 0 0 0 0 0 0 0 0 0 0 0 0 0 0.142857 0.142857 0.285714 0.285714 0 0.142857 0 0 0 0 0 0 

288 278 208 37 0 0.57554 0 0 0 0 0 0 0 0 0 0 0 0 0 0 0 0 0 0 0 0 0.125 0 0.25 0.125 0.125 0.375 0 0 0 0 0 0 0 

288 275 212 37 0 0.581818 0 0 0 0 0 0 0 0 0 0 0 0 0 0 0 0 0 0 0 0 0 0 0 0.375 0.375 0.125 0 0.125 0 0 0 0 0 

256 238 179 37 0 0.672269 0 0 0 0 0 0 0 0 0 0 0 0 0 0 0 0 0 0 0 0 0 0 0.428571 0 0.142857 0.428571 0 0 0 0 0 0 0 

288 273 207 37 0 0.586081 0 0 0 0 0 0 0 0 0 0 0 0 0 0 0 0 0 0 0 0 0 0 0.125 0.375 0.125 0.375 0 0 0 0 0 0 0 

256 240 184 37 0 0.666667 0 0 0 0 0 0 0 0 0 0 0 0 0 0 0 0 0 0 0 0 0 0 0.142857 0 0.714286 0 0.142857 0 0 0 0 0 0 

256 241 183 37 0 0.6639 0 0 0 0 0 0 0 0 0 0 0 0 0 0 0 0 0 0 0 0 0 0 0.285714 0.285714 0.142857 0.142857 0 0.142857 0 0 0 0 0 

256 243 188 37 0 0.658436 0 0 0 0 0 0 0 0 0 0 0 0 0 0 0 0 0 0 0 0 0 0 0 0.285714 0.428571 0.142857 0.142857 0 0 0 0 0 0 

288 272 200 37 0 0.588235 0 0 0 0 0 0 0 0 0 0 0 0 0 0 0 0 0.125 0 0 0 0 0 0.25 0 0.25 0.25 0.125 0 0 0 0 0 0 

288 274 206 37 0 0.583942 0 0 0 0 0 0 0 0 0 0 0 0 0 0 0 0 0 0 0 0 0 0.125 0.125 0.25 0.25 0.125 0.125 0 0 0 0 0 0 

288 275 203 37 0 0.581818 0 0 0 0 0 0 0 0 0 0 0 0 0 0 0 0 0 0 0 0 0 0.25 0.125 0.25 0.25 0 0.125 0 0 0 0 0 0 

