800 788 588 65 0 0.609137 0 0 0 0 0 0 0 0 0 0 0 0 0 0 0 0 0 0 0 0.0416667 0 0 0.208333 0.166667 0.208333 0.291667 0.0833333 0 0 0 0 0 0 

864 845 613 65 0 0.568047 0 0 0 0 0 0 0 0 0 0 0 0 0 0 0 0 0 0 0 0.0384615 0 0.153846 0.192308 0.269231 0.0769231 0.153846 0.115385 0 0 0 0 0 0 

736 714 519 65 0 0.672269 0 0 0 0 0 0 0 0 0 0 0 0 0 0 0 0 0 0 0 0 0 0.181818 0.0909091 0.363636 0.181818 0.136364 0.0454545 0 0 0 0 0 0 

736 716 524 65 0 0.670391 0 0 0 0 0 0 0 0 0 0 0 0 0 0 0 0 0 0 0 0.0454545 0 0.181818 0 0.272727 0.227273 0.227273 0.0454545 0 0 0 0 0 0 

768 739 541 65 0 0.649526 0 0 0 0 0 0 0 0 0 0 0 0 0 0 0 0 0 0 0 0 0 0.173913 0.130435 0.0869565 0.391304 0.173913 0.0434783 0 0 0 0 0 0 

768 757 543 65 0 0.634082 0 0 0 0 0 0 0 0 0 0 0 0 0 0 0 0 0 0 0 0.0869565 0.0434783 0.0434783 0.173913 0.347826 0.173913 0.130435 0 0 0 0 0 0 0 

768 744 549 65 0 0.645161 0 0 0 0 0 0 0 0 0 0 0 0 0 0 0 0 0 0 0 0.0434783 0 0.0869565 0.0434783 0.347826 0.173913 0.173913 0.130435 0 0 0 0 0 0 

832 806 576 65 0 0.595533 0 0 0 0 0 0 0 0 0 0 0 0 0 0 0 0 0 0 0.04 0.04 0.04 0.12 0.16 0.28 0.08 0.12 0.12 0 0 0 0 0 0 

800 786 585 65 0 0.610687 0 0 0 0 0 0 0 0 0 0 0 0 0 0 0 0 0 0 0 0 0.0833333 0.0416667 0.125 0.25 0.0833333 0.291667 0.0833333 0.0416667 0 0 0 0 0 

800 788 560 65 0 0.609137 0 0 0 0 0 0 0 0 0 0 0 0 0 0 0 0 0 0 0 0 0.0416667 0.25 0.208333 0.291667 0.0833333 0.125 0 0 0 0 0 0 0 

832 814 603 65 0 0.589681 0 0 0 0 0 0 0 0 0 0 0 0 0 0 0 0 0 0 0 0 0.04 0 0.2 0.16 0.36 0.2 0.04 0 0 0 0 0 0 

736 727 531 65 0 0.660248 0 0 0 0 0 0 0 0 0 0 0 0 0 0 0 0 0 0 0 0.0454545 0.0454545 0.136364 0.0909091 0.181818 0.272727 0.181818 0.0454545 0 0 0 0 0 0 

768 743 530 65 0 0.64603 0 0 0 0 0 0 0 0 0 0 0 0 0 0 0 0 0 0 0 0 0.0434783 0.173913 0.217391 0.217391 0.26087 0.0869565 0 0 0 0 0 0 0 

800 779 571 65 0 0.616175 0 0 0 0 0 0 0 0 0 0 0 0 0 0 0 0 0 0 0 0 0.0833333 0.0833333 0.125 0.25 0.166667 0.208333 0.0416667 0.0416667 0 0 0 0 0 

736 721 525 65 0 0.665742 0 0 0 0 0 0 0 0 0 0 0 0 0 0 0 0 0 0 0 0 0.0454545 0.227273 0.0909091 0.227273 0.181818 0.136364 0.0454545 0.0454545 0 0 0 0 0 

800 784 562 65 0 0.612245 0 0 0 0 0 0 0 0 0 0 0 0 0 0 0 0 0 0 0 0.0416667 0.208333 0 0.125 0.25 0.208333 0.0416667 0.125 0 0 0 0 0 0 

736 709 519 65 0 0.67701 0 0 0 0 0 0 0 0 0 0 0 0 0 0 0 0 0 0 0.0454545 0 0 0.0454545 0.181818 0.272727 0.181818 0.181818 0.0454545 0.0454545 0 0 0 0 0 

832 806 582 65 0 0.595533 0 0 0 0 0 0 0 0 0 0 0 0 0 0 0 0 0 0 0 0.08 0 0.08 0.24 0.12 0.24 0.2 0.04 0 0 0 0 0 0 

800 787 571 65 0 0.609911 0 0 0 0 0 0 0 0 0 0 0 0 0 0 0 0 0 0 0 0 0.0416667 0.166667 0.0833333 0.25 0.375 0.0833333 0 0 0 0 0 0 0 

800 785 578 65 0 0.611465 0 0 0 0 0 0 0 0 0 0 0 0 0 0 0 0 0 0 0 0 0.0833333 0.166667 0.166667 0.0833333 0.0833333 0.208333 0.208333 0 0 0 0 0 0 

768 743 553 65 0 0.64603 0 0 0 0 0 0 0 0 0 0 0 0 0 0 0 0 0 0 0 0 0 0.0869565 0.0869565 0.26087 0.304348 0.0869565 0.173913 0 0 0 0 0 0 

800 788 569 65 0 0.609137 0 0 0 0 0 0 0 0 0 0 0 0 0 0 0 0 0 0 0 0.0416667 0.0416667 0.125 0.166667 0.333333 0.0833333 0.125 0.0833333 0 0 0 0 0 0 

768 749 544 65 0 0.640854 0 0 0 0 0 0 0 0 0 0 0 0 0 0 0 0 0 0 0 0 0 0.130435 0.304348 0.130435 0.304348 0.0869565 0 0.0434783 0 0 0 0 0 

800 781 583 65 0 0.614597 0 0 0 0 0 0 0 0 0 0 0 0 0 0 0 0 0 0 0 0 0 0.0416667 0.25 0.25 0.0833333 0.166667 0.166667 0.0416667 0 0 0 0 0 

736 709 522 65 0 0.67701 0 0 0 0 0 0 0 0 0 0 0 0 0 0 0 0 0 0 0 0 0.0454545 0.0454545 0.272727 0.181818 0.181818 0.136364 0.0454545 0.0454545 0.0454545 0 0 0 0 

736 717 520 65 0 0.669456 0 0 0 0 0 0 0 0 0 0 0 0 0 0 0 0 0 0 0 0 0.0454545 0.0909091 0.136364 0.272727 0.409091 0.0454545 0 0 0 0 0 0 0 

800 782 568 65 0 0.613811 0 0 0 0 0 0 0 0 0 0 0 0 0 0 0 0 0 0 0 0 0.0416667 0.0416667 0.291667 0.375 0.0833333 0.0416667 0.0833333 0.0416667 0 0 0 0 0 

768 750 554 65 0 0.64 0 0 0 0 0 0 0 0 0 0 0 0 0 0 0 0 0 0 0 0 0 0.130435 0.173913 0.173913 0.217391 0.26087 0 0.0434783 0 0 0 0 0 

800 777 565 65 0 0.617761 0 0 0 0 0 0 0 0 0 0 0 0 0 0 0 0 0 0 0 0.0416667 0.0416667 0.0833333 0.0833333 0.291667 0.291667 0.125 0 0.0416667 0 0 0 0 0 

800 782 586 65 0 0.613811 0 0 0 0 0 0 0 0 0 0 0 0 0 0 0 0 0 0 0 0 0 0.125 0 0.291667 0.25 0.166667 0.166667 0 0 0 0 0 0 

768 738 532 65 0 0.650406 0 0 0 0 0 0 0 0 0 0 0 0 0 0 0 0 0 0 0 0 0.130435 0.0434783 0.130435 0.217391 0.347826 0.0869565 0.0434783 0 0 0 0 0 0 

768 740 545 65 0 0.648649 0 0 0 0 0 0 0 0 0 0 0 0 0 0 0 0 0 0 0 0 0.0434783 0.0869565 0.173913 0.26087 0.130435 0.130435 0.0869565 0.0869565 0 0 0 0 0 

768 744 551 65 0 0.645161 0 0 0 0 0 0 0 0 0 0 0 0 0 0 0 0 0 0 0 0 0 0.0434783 0.217391 0.130435 0.391304 0.130435 0.0869565 0 0 0 0 0 0 

736 712 521 65 0 0.674157 0 0 0 0 0 0 0 0 0 0 0 0 0 0 0 0 0 0 0 0 0.0454545 0.181818 0.0909091 0.227273 0.0909091 0.272727 0.0909091 0 0 0 0 0 0 

832 811 591 65 0 0.591862 0 0 0 0 0 0 0 0 0 0 0 0 0 0 0 0 0 0 0.04 0 0.08 0.08 0.16 0.16 0.12 0.28 0.04 0.04 0 0 0 0 0 

736 725 526 65 0 0.662069 0 0 0 0 0 0 0 0 0 0 0 0 0 0 0 0 0 0 0 0.0909091 0 0.0454545 0.227273 0.136364 0.363636 0.136364 0 0 0 0 0 0 0 

736 707 506 65 0 0.678925 0 0 0 0 0 0 0 0 0 0 0 0 0 0 0 0 0 0 0 0.0454545 0.0909091 0.227273 0.0454545 0.136364 0.136364 0.272727 0.0454545 0 0 0 0 0 0 

800 779 563 65 0 0.616175 0 0 0 0 0 0 0 0 0 0 0 0 0 0 0 0 0 0 0 0 0.0833333 0.0833333 0.166667 0.333333 0.166667 0.0833333 0.0833333 0 0 0 0 0 0 

800 787 579 65 0 0.609911 0 0 0 0 0 0 0 0 0 0 0 0 0 0 0 0 0 0 0 0 0 0.0833333 0.166667 0.25 0.333333 0.166667 0 0 0 0 0 0 0 

736 712 515 65 0 0.674157 0 0 0 0 0 0 0 0 0 0 0 0 0 0 0 0 0 0 0 0.0454545 0 0.0454545 0.318182 0.227273 0.136364 0.181818 0.0454545 0 0 0 0 0 0 

736 717 525 65 0 0.669456 0 0 0 0 0 0 0 0 0 0 0 0 0 0 0 0 0 0 0 0 0 0.0909091 0.272727 0.227273 0.181818 0.136364 0.0909091 0 0 0 0 0 0 

800 778 559 65 0 0.616967 0 0 0 0 0 0 0 0 0 0 0 0 0 0 0 0 0 0 0 0 0.0416667 0.125 0.25 0.208333 0.25 0.125 0 0 0 0 0 0 0 

864 840 617 65 0 0.571429 0 0 0 0 0 0 0 0 0 0 0 0 0 0 0 0 0 0 0 0.0384615 0.0384615 0.0384615 0.0769231 0.269231 0.346154 0.115385 0.0384615 0.0384615 0 0 0 0 0 

800 785 569 65 0 0.611465 0 0 0 0 0 0 0 0 0 0 0 0 0 0 0 0 0 0 0 0 0.0416667 0.125 0.208333 0.291667 0.0833333 0.25 0 0 0 0 0 0 0 

768 743 545 65 0 0.64603 0 0 0 0 0 0 0 0 0 0 0 0 0 0 0 0 0 0 0.0434783 0 0 0.130435 0.0434783 0.26087 0.304348 0.130435 0.0434783 0 0.0434783 0 0 0 0 

800 786 574 65 0 0.610687 0 0 0 0 0 0 0 0 0 0 0 0 0 0 0 0 0 0 0 0 0.0416667 0.125 0.291667 0.208333 0 0.166667 0.166667 0 0 0 0 0 0 

800 787 579 65 0 0.609911 0 0 0 0 0 0 0 0 0 0 0 0 0 0 0 0 0 0 0 0 0.0416667 0.0833333 0.208333 0.125 0.333333 0.166667 0 0.0416667 0 0 0 0 0 

800 776 561 65 0 0.618557 0 0 0 0 0 0 0 0 0 0 0 0 0 0 0 0 0 0 0 0.0416667 0 0.0833333 0.208333 0.25 0.291667 0.0833333 0.0416667 0 0 0 0 0 0 

800 792 579 65 0 0.606061 0 0 0 0 0 0 0 0 0 0 0 0 0 0 0 0 0 0 0 0 0.0416667 0.166667 0.125 0.25 0.208333 0.125 0.0833333 0 0 0 0 0 0 

736 713 517 65 0 0.673212 0 0 0 0 0 0 0 0 0 0 0 0 0 0 0 0 0 0 0 0 0.0909091 0.136364 0.181818 0.181818 0.136364 0.181818 0.0454545 0.0454545 0 0 0 0 0 

704 676 483 65 0 0.710059 0 0 0 0 0 0 0 0 0 0 0 0 0 0 0 0 0 0 0 0 0.047619 0.238095 0.0952381 0.190476 0.380952 0 0.047619 0 0 0 0 0 0 

800 787 566 65 0 0.609911 0 0 0 0 0 0 0 0 0 0 0 0 0 0 0 0 0 0 0.0416667 0.0416667 0.0416667 0.166667 0.125 0.25 0.0833333 0.125 0.0833333 0.0416667 0 0 0 0 0 

768 747 548 65 0 0.64257 0 0 0 0 0 0 0 0 0 0 0 0 0 0 0 0 0 0 0 0 0.0434783 0.0869565 0.130435 0.304348 0.130435 0.26087 0.0434783 0 0 0 0 0 0 

832 808 580 65 0 0.594059 0 0 0 0 0 0 0 0 0 0 0 0 0 0 0 0 0 0 0 0.08 0.08 0.12 0.08 0.16 0.24 0.2 0.04 0 0 0 0 0 0 

800 786 560 65 0 0.610687 0 0 0 0 0 0 0 0 0 0 0 0 0 0 0 0 0 0 0.0833333 0 0.0416667 0.0416667 0.166667 0.375 0.208333 0.0833333 0 0 0 0 0 0 0 

768 744 551 65 0 0.645161 0 0 0 0 0 0 0 0 0 0 0 0 0 0 0 0 0 0 0 0 0 0.130435 0.130435 0.217391 0.26087 0.0869565 0.130435 0.0434783 0 0 0 0 0 

736 714 512 65 0 0.672269 0 0 0 0 0 0 0 0 0 0 0 0 0 0 0 0 0 0 0 0 0.0909091 0.0909091 0.272727 0.181818 0.181818 0.181818 0 0 0 0 0 0 0 

736 714 510 65 0 0.672269 0 0 0 0 0 0 0 0 0 0 0 0 0 0 0 0 0 0 0 0.0454545 0.0454545 0.136364 0.181818 0.363636 0 0.181818 0.0454545 0 0 0 0 0 0 

768 746 532 65 0 0.643432 0 0 0 0 0 0 0 0 0 0 0 0 0 0 0 0 0 0 0 0.130435 0.0869565 0.0869565 0.0869565 0.130435 0.217391 0.26087 0 0 0 0 0 0 0 

768 743 548 65 0 0.64603 0 0 0 0 0 0 0 0 0 0 0 0 0 0 0 0 0 0 0 0 0.0434783 0.130435 0.130435 0.0869565 0.391304 0.0434783 0.130435 0.0434783 0 0 0 0 0 

800 781 566 65 0 0.614597 0 0 0 0 0 0 0 0 0 0 0 0 0 0 0 0 0 0 0 0 0 0.125 0.166667 0.416667 0.166667 0.0833333 0.0416667 0 0 0 0 0 0 

768 744 537 65 0 0.645161 0 0 0 0 0 0 0 0 0 0 0 0 0 0 0 0 0 0 0.0869565 0 0 0.0434783 0.173913 0.217391 0.304348 0.130435 0.0434783 0 0 0 0 0 0 

768 744 543 65 0 0.645161 0 0 0 0 0 0 0 0 0 0 0 0 0 0 0 0 0 0 0 0 0.0434783 0.0434783 0.217391 0.173913 0.347826 0.173913 0 0 0 0 0 0 0 

736 722 547 65 0 0.66482 0 0 0 0 0 0 0 0 0 0 0 0 0 0 0 0 0 0 0 0 0.0909091 0 0.0454545 0.318182 0.227273 0 0.181818 0.0909091 0.0454545 0 0 0 0 

736 712 525 65 0 0.674157 0 0 0 0 0 0 0 0 0 0 0 0 0 0 0 0 0 0 0 0 0.0454545 0.0909091 0.181818 0.136364 0.227273 0.181818 0.136364 0 0 0 0 0 0 

768 746 537 65 0 0.643432 0 0 0 0 0 0 0 0 0 0 0 0 0 0 0 0 0 0 0 0.0869565 0.0434783 0.0434783 0.26087 0.130435 0.173913 0.217391 0.0434783 0 0 0 0 0 0 

736 724 539 65 0 0.662983 0 0 0 0 0 0 0 0 0 0 0 0 0 0 0 0 0 0 0 0 0 0.0454545 0.181818 0.181818 0.409091 0.136364 0 0.0454545 0 0 0 0 0 

832 805 585 65 0 0.596273 0 0 0 0 0 0 0 0 0 0 0 0 0 0 0 0 0 0 0 0 0.04 0.16 0.12 0.24 0.24 0.12 0.04 0.04 0 0 0 0 0 

736 714 526 65 0 0.672269 0 0 0 0 0 0 0 0 0 0 0 0 0 0 0 0 0 0 0 0 0.0909091 0 0.181818 0.181818 0.272727 0.181818 0.0909091 0 0 0 0 0 0 

768 744 542 65 0 0.645161 0 0 0 0 0 0 0 0 0 0 0 0 0 0 0 0 0 0 0 0.0869565 0 0.0869565 0.130435 0.173913 0.217391 0.26087 0.0434783 0 0 0 0 0 0 

768 739 564 65 0 0.649526 0 0 0 0 0 0 0 0 0 0 0 0 0 0 0 0 0 0 0 0 0 0 0.130435 0.0869565 0.26087 0.347826 0.130435 0.0434783 0 0 0 0 0 

800 784 582 65 0 0.612245 0 0 0 0 0 0 0 0 0 0 0 0 0 0 0 0 0 0 0 0.0416667 0 0.0416667 0.125 0.208333 0.291667 0.208333 0.0833333 0 0 0 0 0 0 

736 717 527 65 0 0.669456 0 0 0 0 0 0 0 0 0 0 0 0 0 0 0 0 0 0 0 0.0454545 0.0454545 0.0454545 0.181818 0.181818 0.136364 0.272727 0.0909091 0 0 0 0 0 0 

736 727 549 65 0 0.660248 0 0 0 0 0 0 0 0 0 0 0 0 0 0 0 0 0 0 0 0 0 0.0454545 0.0454545 0.318182 0.272727 0.181818 0.136364 0 0 0 0 0 0 

864 841 625 65 0 0.570749 0 0 0 0 0 0 0 0 0 0 0 0 0 0 0 0 0 0 0 0 0 0.115385 0.0384615 0.307692 0.269231 0.115385 0.153846 0 0 0 0 0 0 

800 781 572 65 0 0.614597 0 0 0 0 0 0 0 0 0 0 0 0 0 0 0 0 0 0 0.0416667 0 0.0416667 0 0.166667 0.208333 0.333333 0.166667 0.0416667 0 0 0 0 0 0 

928 913 664 65 0 0.525739 0 0 0 0 0 0 0 0 0 0 0 0 0 0 0 0 0 0.0357143 0 0 0 0.107143 0.214286 0.285714 0.107143 0.107143 0.142857 0 0 0 0 0 0 

768 753 557 65 0 0.63745 0 0 0 0 0 0 0 0 0 0 0 0 0 0 0 0 0 0 0 0 0 0.130435 0.217391 0.26087 0.0869565 0.130435 0.0869565 0.0869565 0 0 0 0 0 

736 723 531 65 0 0.6639 0 0 0 0 0 0 0 0 0 0 0 0 0 0 0 0 0 0 0 0 0.0454545 0.0454545 0.181818 0.363636 0.136364 0.136364 0.0909091 0 0 0 0 0 0 

864 839 618 65 0 0.57211 0 0 0 0 0 0 0 0 0 0 0 0 0 0 0 0 0 0 0 0.0384615 0 0.0769231 0.153846 0.192308 0.153846 0.346154 0.0384615 0 0 0 0 0 0 

736 725 537 65 0 0.662069 0 0 0 0 0 0 0 0 0 0 0 0 0 0 0 0 0 0 0 0 0.0454545 0.0909091 0.0909091 0.363636 0.0454545 0.318182 0 0.0454545 0 0 0 0 0 

736 721 536 65 0 0.665742 0 0 0 0 0 0 0 0 0 0 0 0 0 0 0 0 0 0 0 0 0.0454545 0 0.227273 0.136364 0.318182 0.181818 0.0909091 0 0 0 0 0 0 

768 751 534 65 0 0.639148 0 0 0 0 0 0 0 0 0 0 0 0 0 0 0 0 0 0 0 0.0869565 0.0434783 0.0434783 0.26087 0.217391 0.304348 0.0434783 0 0 0 0 0 0 0 

736 726 540 65 0 0.661157 0 0 0 0 0 0 0 0 0 0 0 0 0 0 0 0 0 0 0 0 0 0.0454545 0.136364 0.363636 0.181818 0.227273 0.0454545 0 0 0 0 0 0 

736 725 526 65 0 0.662069 0 0 0 0 0 0 0 0 0 0 0 0 0 0 0 0 0 0 0 0.0454545 0.0454545 0.0909091 0.136364 0.318182 0.181818 0.136364 0.0454545 0 0 0 0 0 0 

768 744 546 65 0 0.645161 0 0 0 0 0 0 0 0 0 0 0 0 0 0 0 0 0 0 0 0 0.0869565 0.0869565 0.0434783 0.130435 0.434783 0.217391 0 0 0 0 0 0 0 

736 722 520 65 0 0.66482 0 0 0 0 0 0 0 0 0 0 0 0 0 0 0 0 0 0 0 0.0454545 0 0.0909091 0.363636 0.136364 0.272727 0 0.0909091 0 0 0 0 0 0 

768 739 530 65 0 0.649526 0 0 0 0 0 0 0 0 0 0 0 0 0 0 0 0 0 0 0 0.0434783 0.0434783 0.173913 0.173913 0.130435 0.26087 0.0434783 0.130435 0 0 0 0 0 0 

704 680 492 65 0 0.705882 0 0 0 0 0 0 0 0 0 0 0 0 0 0 0 0 0 0 0 0.047619 0.0952381 0.0952381 0.0952381 0.142857 0.333333 0.0952381 0.0952381 0 0 0 0 0 0 

864 852 608 65 0 0.56338 0 0 0 0 0 0 0 0 0 0 0 0 0 0 0 0 0 0.0384615 0 0 0.115385 0.192308 0.115385 0.153846 0.153846 0.153846 0.0769231 0 0 0 0 0 0 

