544 524 386 53 0 0.610687 0 0 0 0 0 0 0 0 0 0 0 0 0 0 0 0 0 0 0 0 0 0.0625 0.125 0.3125 0.375 0.125 0 0 0 0 0 0 0 

544 523 389 53 0 0.611855 0 0 0 0 0 0 0 0 0 0 0 0 0 0 0 0 0 0 0 0.0625 0 0 0.25 0.0625 0.25 0.25 0.125 0 0 0 0 0 0 

544 522 382 53 0 0.613027 0 0 0 0 0 0 0 0 0 0 0 0 0 0 0 0 0 0 0.0625 0 0 0.125 0.125 0.125 0.3125 0.1875 0 0.0625 0 0 0 0 0 

544 533 391 53 0 0.600375 0 0 0 0 0 0 0 0 0 0 0 0 0 0 0 0 0 0 0 0 0 0.0625 0.25 0.25 0.375 0.0625 0 0 0 0 0 0 0 

608 594 422 53 0 0.538721 0 0 0 0 0 0 0 0 0 0 0 0 0 0 0 0 0 0 0 0.0555556 0.166667 0.111111 0.166667 0.166667 0.166667 0.111111 0.0555556 0 0 0 0 0 0 

544 532 398 53 0 0.601504 0 0 0 0 0 0 0 0 0 0 0 0 0 0 0 0 0 0 0 0 0 0.0625 0.125 0.1875 0.375 0.25 0 0 0 0 0 0 0 

544 524 389 53 0 0.610687 0 0 0 0 0 0 0 0 0 0 0 0 0 0 0 0 0 0 0 0 0 0.125 0.0625 0.3125 0.1875 0.25 0.0625 0 0 0 0 0 0 

608 595 437 53 0 0.537815 0 0 0 0 0 0 0 0 0 0 0 0 0 0 0 0 0 0 0 0.111111 0 0.0555556 0.0555556 0.277778 0.277778 0.111111 0.111111 0 0 0 0 0 0 

544 531 400 53 0 0.602637 0 0 0 0 0 0 0 0 0 0 0 0 0 0 0 0 0 0 0 0 0 0.1875 0.0625 0.25 0.125 0.125 0.1875 0 0.0625 0 0 0 0 

576 562 409 53 0 0.569395 0 0 0 0 0 0 0 0 0 0 0 0 0 0 0 0 0 0 0 0 0 0.0588235 0.294118 0.470588 0.0588235 0.0588235 0 0.0588235 0 0 0 0 0 

544 538 399 53 0 0.594796 0 0 0 0 0 0 0 0 0 0 0 0 0 0 0 0 0 0 0 0.0625 0 0.0625 0 0.3125 0.4375 0.125 0 0 0 0 0 0 0 

576 562 406 53 0 0.569395 0 0 0 0 0 0 0 0 0 0 0 0 0 0 0 0 0 0 0 0 0.0588235 0.235294 0.176471 0.176471 0.176471 0.0588235 0.117647 0 0 0 0 0 0 

544 531 390 53 0 0.602637 0 0 0 0 0 0 0 0 0 0 0 0 0 0 0 0 0 0 0 0 0.0625 0.125 0.1875 0.1875 0.1875 0.125 0.125 0 0 0 0 0 0 

576 562 412 53 0 0.569395 0 0 0 0 0 0 0 0 0 0 0 0 0 0 0 0 0 0 0 0 0.0588235 0.117647 0.117647 0.294118 0.176471 0.176471 0.0588235 0 0 0 0 0 0 

544 528 385 53 0 0.606061 0 0 0 0 0 0 0 0 0 0 0 0 0 0 0 0 0 0 0 0 0.0625 0.0625 0.1875 0.3125 0.1875 0.1875 0 0 0 0 0 0 0 

544 533 396 53 0 0.600375 0 0 0 0 0 0 0 0 0 0 0 0 0 0 0 0 0 0 0 0 0 0.0625 0.3125 0.125 0.25 0.125 0.125 0 0 0 0 0 0 

544 533 391 53 0 0.600375 0 0 0 0 0 0 0 0 0 0 0 0 0 0 0 0 0 0 0 0 0.0625 0.0625 0.375 0.125 0.0625 0.1875 0.125 0 0 0 0 0 0 

544 531 387 53 0 0.602637 0 0 0 0 0 0 0 0 0 0 0 0 0 0 0 0 0 0 0 0.0625 0.1875 0 0.0625 0.25 0.25 0 0.125 0.0625 0 0 0 0 0 

608 594 440 53 0 0.538721 0 0 0 0 0 0 0 0 0 0 0 0 0 0 0 0 0 0 0 0.0555556 0 0.166667 0.0555556 0.222222 0.222222 0.111111 0.111111 0 0.0555556 0 0 0 0 

608 598 443 53 0 0.535117 0 0 0 0 0 0 0 0 0 0 0 0 0 0 0 0 0 0 0 0.0555556 0 0.111111 0.166667 0.111111 0.222222 0.222222 0.111111 0 0 0 0 0 0 

544 523 390 53 0 0.611855 0 0 0 0 0 0 0 0 0 0 0 0 0 0 0 0 0 0 0 0 0.0625 0.0625 0.1875 0.125 0.125 0.3125 0.0625 0.0625 0 0 0 0 0 

544 523 395 53 0 0.611855 0 0 0 0 0 0 0 0 0 0 0 0 0 0 0 0 0 0 0 0 0 0.125 0 0.1875 0.3125 0.1875 0.1875 0 0 0 0 0 0 

608 598 433 53 0 0.535117 0 0 0 0 0 0 0 0 0 0 0 0 0 0 0 0 0 0 0 0 0.0555556 0.222222 0.222222 0.111111 0.166667 0.166667 0.0555556 0 0 0 0 0 0 

608 595 442 53 0 0.537815 0 0 0 0 0 0 0 0 0 0 0 0 0 0 0 0 0 0 0 0.0555556 0.111111 0.0555556 0.111111 0.0555556 0.277778 0.0555556 0.222222 0.0555556 0 0 0 0 0 

576 562 410 53 0 0.569395 0 0 0 0 0 0 0 0 0 0 0 0 0 0 0 0 0 0 0 0 0.117647 0 0.235294 0.294118 0.176471 0.0588235 0.117647 0 0 0 0 0 0 

608 593 427 53 0 0.539629 0 0 0 0 0 0 0 0 0 0 0 0 0 0 0 0 0 0 0.0555556 0.0555556 0.0555556 0.166667 0 0.222222 0.111111 0.333333 0 0 0 0 0 0 0 

544 524 379 53 0 0.610687 0 0 0 0 0 0 0 0 0 0 0 0 0 0 0 0 0 0 0 0.0625 0 0.0625 0.125 0.4375 0.25 0 0.0625 0 0 0 0 0 0 

608 598 447 53 0 0.535117 0 0 0 0 0 0 0 0 0 0 0 0 0 0 0 0 0 0 0.0555556 0 0 0.0555556 0.111111 0.222222 0.222222 0.111111 0.222222 0 0 0 0 0 0 

608 597 435 53 0 0.536013 0 0 0 0 0 0 0 0 0 0 0 0 0 0 0 0 0 0.0555556 0 0 0.0555556 0.111111 0.166667 0.111111 0.166667 0.277778 0.0555556 0 0 0 0 0 0 

544 524 388 53 0 0.610687 0 0 0 0 0 0 0 0 0 0 0 0 0 0 0 0 0 0 0 0 0 0.0625 0.25 0.125 0.3125 0.1875 0.0625 0 0 0 0 0 0 

544 523 386 53 0 0.611855 0 0 0 0 0 0 0 0 0 0 0 0 0 0 0 0 0 0 0 0 0 0.125 0.125 0.25 0.25 0.1875 0.0625 0 0 0 0 0 0 

544 523 389 53 0 0.611855 0 0 0 0 0 0 0 0 0 0 0 0 0 0 0 0 0 0.0625 0 0 0 0.0625 0.125 0.125 0.1875 0.25 0.1875 0 0 0 0 0 0 

576 562 415 53 0 0.569395 0 0 0 0 0 0 0 0 0 0 0 0 0 0 0 0 0 0 0 0.0588235 0.0588235 0.0588235 0.0588235 0.235294 0.235294 0.176471 0.117647 0 0 0 0 0 0 

608 598 428 53 0 0.535117 0 0 0 0 0 0 0 0 0 0 0 0 0 0 0 0 0 0 0.0555556 0 0.111111 0.111111 0.166667 0.222222 0.166667 0.111111 0.0555556 0 0 0 0 0 0 

608 588 425 53 0 0.544218 0 0 0 0 0 0 0 0 0 0 0 0 0 0 0 0 0 0 0 0.0555556 0 0 0.333333 0.166667 0.388889 0.0555556 0 0 0 0 0 0 0 

544 533 387 53 0 0.600375 0 0 0 0 0 0 0 0 0 0 0 0 0 0 0 0 0 0 0 0 0.0625 0.25 0.125 0.125 0.1875 0.25 0 0 0 0 0 0 0 

544 533 392 53 0 0.600375 0 0 0 0 0 0 0 0 0 0 0 0 0 0 0 0 0 0 0 0 0 0.25 0.1875 0.125 0.0625 0.3125 0.0625 0 0 0 0 0 0 

544 524 382 53 0 0.610687 0 0 0 0 0 0 0 0 0 0 0 0 0 0 0 0 0 0 0 0 0 0.125 0.1875 0.25 0.3125 0.125 0 0 0 0 0 0 0 

608 597 429 53 0 0.536013 0 0 0 0 0 0 0 0 0 0 0 0 0 0 0 0 0 0 0 0 0.222222 0.111111 0.111111 0.166667 0.166667 0.166667 0.0555556 0 0 0 0 0 0 

576 562 403 53 0 0.569395 0 0 0 0 0 0 0 0 0 0 0 0 0 0 0 0 0 0 0 0.0588235 0.117647 0.117647 0.176471 0.176471 0.176471 0.0588235 0.117647 0 0 0 0 0 0 

544 523 395 53 0 0.611855 0 0 0 0 0 0 0 0 0 0 0 0 0 0 0 0 0 0 0 0 0 0 0.125 0.125 0.4375 0.25 0.0625 0 0 0 0 0 0 

544 523 385 53 0 0.611855 0 0 0 0 0 0 0 0 0 0 0 0 0 0 0 0 0 0 0 0.0625 0 0 0.1875 0.25 0.1875 0.3125 0 0 0 0 0 0 0 

576 562 405 53 0 0.569395 0 0 0 0 0 0 0 0 0 0 0 0 0 0 0 0 0 0 0.0588235 0 0 0.176471 0.117647 0.294118 0.235294 0.0588235 0.0588235 0 0 0 0 0 0 

544 522 399 53 0 0.613027 0 0 0 0 0 0 0 0 0 0 0 0 0 0 0 0 0 0 0 0 0 0.0625 0.0625 0.1875 0.3125 0.125 0.0625 0.1875 0 0 0 0 0 

576 561 412 53 0 0.57041 0 0 0 0 0 0 0 0 0 0 0 0 0 0 0 0 0 0 0 0.0588235 0 0.117647 0.176471 0.176471 0.176471 0.176471 0.117647 0 0 0 0 0 0 

544 536 394 53 0 0.597015 0 0 0 0 0 0 0 0 0 0 0 0 0 0 0 0 0 0 0 0 0.0625 0.125 0.125 0.25 0.25 0.125 0.0625 0 0 0 0 0 0 

544 523 387 53 0 0.611855 0 0 0 0 0 0 0 0 0 0 0 0 0 0 0 0 0 0 0 0 0.0625 0.125 0.0625 0.1875 0.25 0.1875 0.125 0 0 0 0 0 0 

544 523 388 53 0 0.611855 0 0 0 0 0 0 0 0 0 0 0 0 0 0 0 0 0 0 0 0 0 0 0.375 0.125 0.25 0.0625 0.1875 0 0 0 0 0 0 

576 562 409 53 0 0.569395 0 0 0 0 0 0 0 0 0 0 0 0 0 0 0 0 0 0 0 0 0.117647 0.117647 0.0588235 0.235294 0.294118 0.176471 0 0 0 0 0 0 0 

544 533 384 53 0 0.600375 0 0 0 0 0 0 0 0 0 0 0 0 0 0 0 0 0 0 0 0.0625 0.125 0.0625 0.1875 0.1875 0.125 0.25 0 0 0 0 0 0 0 

544 523 390 53 0 0.611855 0 0 0 0 0 0 0 0 0 0 0 0 0 0 0 0 0 0 0 0 0 0.1875 0.0625 0.0625 0.3125 0.3125 0.0625 0 0 0 0 0 0 

608 588 428 53 0 0.544218 0 0 0 0 0 0 0 0 0 0 0 0 0 0 0 0 0 0 0.0555556 0 0.0555556 0.0555556 0.222222 0.166667 0.277778 0 0.0555556 0.111111 0 0 0 0 0 

544 533 384 53 0 0.600375 0 0 0 0 0 0 0 0 0 0 0 0 0 0 0 0 0 0 0 0 0 0.25 0.1875 0.25 0.25 0.0625 0 0 0 0 0 0 0 

544 523 389 53 0 0.611855 0 0 0 0 0 0 0 0 0 0 0 0 0 0 0 0 0 0 0 0 0 0.0625 0.0625 0.25 0.4375 0.1875 0 0 0 0 0 0 0 

544 523 383 53 0 0.611855 0 0 0 0 0 0 0 0 0 0 0 0 0 0 0 0 0 0 0 0 0 0.25 0.0625 0.25 0.1875 0.125 0.125 0 0 0 0 0 0 

544 523 383 53 0 0.611855 0 0 0 0 0 0 0 0 0 0 0 0 0 0 0 0 0 0 0 0.0625 0 0.125 0.0625 0.1875 0.4375 0 0.125 0 0 0 0 0 0 

544 524 383 53 0 0.610687 0 0 0 0 0 0 0 0 0 0 0 0 0 0 0 0 0 0 0 0.0625 0 0.125 0.0625 0.3125 0.1875 0.1875 0.0625 0 0 0 0 0 0 

544 525 394 53 0 0.609524 0 0 0 0 0 0 0 0 0 0 0 0 0 0 0 0 0 0 0 0 0.0625 0 0 0.375 0.25 0.1875 0.125 0 0 0 0 0 0 

608 589 432 53 0 0.543294 0 0 0 0 0 0 0 0 0 0 0 0 0 0 0 0 0 0 0 0.0555556 0.0555556 0.111111 0.0555556 0.222222 0.166667 0.222222 0.111111 0 0 0 0 0 0 

576 562 419 53 0 0.569395 0 0 0 0 0 0 0 0 0 0 0 0 0 0 0 0 0 0 0 0 0.117647 0.0588235 0.117647 0.0588235 0.235294 0.294118 0.117647 0 0 0 0 0 0 

576 562 396 53 0 0.569395 0 0 0 0 0 0 0 0 0 0 0 0 0 0 0 0 0 0 0 0 0.235294 0.0588235 0.352941 0.117647 0.117647 0.0588235 0.0588235 0 0 0 0 0 0 

544 532 393 53 0 0.601504 0 0 0 0 0 0 0 0 0 0 0 0 0 0 0 0 0 0 0 0.0625 0 0.0625 0.1875 0.25 0.1875 0.0625 0.1875 0 0 0 0 0 0 

576 562 416 53 0 0.569395 0 0 0 0 0 0 0 0 0 0 0 0 0 0 0 0 0 0 0 0.0588235 0 0.117647 0.176471 0.117647 0.235294 0.176471 0 0.117647 0 0 0 0 0 

544 523 388 53 0 0.611855 0 0 0 0 0 0 0 0 0 0 0 0 0 0 0 0 0 0 0 0 0 0.0625 0.3125 0.125 0.25 0 0.25 0 0 0 0 0 0 

480 453 344 53 0 0.706402 0 0 0 0 0 0 0 0 0 0 0 0 0 0 0 0 0 0 0 0 0 0.0714286 0 0.142857 0.428571 0.142857 0.214286 0 0 0 0 0 0 

544 533 391 53 0 0.600375 0 0 0 0 0 0 0 0 0 0 0 0 0 0 0 0 0.0625 0 0 0 0.0625 0 0.3125 0.0625 0.1875 0.125 0.125 0.0625 0 0 0 0 0 

576 562 408 53 0 0.569395 0 0 0 0 0 0 0 0 0 0 0 0 0 0 0 0 0 0 0 0 0.0588235 0.176471 0.0588235 0.294118 0.294118 0.117647 0 0 0 0 0 0 0 

544 523 391 53 0 0.611855 0 0 0 0 0 0 0 0 0 0 0 0 0 0 0 0 0 0 0 0 0 0 0.125 0.3125 0.3125 0.1875 0.0625 0 0 0 0 0 0 

544 524 381 53 0 0.610687 0 0 0 0 0 0 0 0 0 0 0 0 0 0 0 0 0 0 0 0.0625 0.0625 0.0625 0.1875 0.125 0.25 0.1875 0.0625 0 0 0 0 0 0 

544 523 388 53 0 0.611855 0 0 0 0 0 0 0 0 0 0 0 0 0 0 0 0 0 0 0 0.0625 0 0.0625 0.1875 0.0625 0.3125 0.1875 0.0625 0.0625 0 0 0 0 0 

544 523 389 53 0 0.611855 0 0 0 0 0 0 0 0 0 0 0 0 0 0 0 0 0 0 0 0 0.0625 0 0.25 0.0625 0.3125 0.1875 0.125 0 0 0 0 0 0 

544 533 392 53 0 0.600375 0 0 0 0 0 0 0 0 0 0 0 0 0 0 0 0 0 0 0 0 0.0625 0.125 0.1875 0.125 0.3125 0.125 0 0.0625 0 0 0 0 0 

544 533 384 53 0 0.600375 0 0 0 0 0 0 0 0 0 0 0 0 0 0 0 0 0 0 0.0625 0 0 0.1875 0.125 0.1875 0.375 0.0625 0 0 0 0 0 0 0 

544 523 390 53 0 0.611855 0 0 0 0 0 0 0 0 0 0 0 0 0 0 0 0 0 0 0 0 0 0.125 0.0625 0.1875 0.3125 0.25 0.0625 0 0 0 0 0 0 

544 533 388 53 0 0.600375 0 0 0 0 0 0 0 0 0 0 0 0 0 0 0 0 0 0 0 0 0.125 0.125 0.0625 0.375 0.125 0.125 0 0.0625 0 0 0 0 0 

608 595 422 53 0 0.537815 0 0 0 0 0 0 0 0 0 0 0 0 0 0 0 0 0 0 0 0.0555556 0.0555556 0.0555556 0.333333 0.333333 0.111111 0.0555556 0 0 0 0 0 0 0 

544 523 386 53 0 0.611855 0 0 0 0 0 0 0 0 0 0 0 0 0 0 0 0 0 0 0 0 0.0625 0.0625 0.125 0.25 0.1875 0.25 0.0625 0 0 0 0 0 0 

544 533 403 53 0 0.600375 0 0 0 0 0 0 0 0 0 0 0 0 0 0 0 0 0 0 0 0.0625 0 0 0.125 0.125 0.375 0.0625 0.25 0 0 0 0 0 0 

544 523 386 53 0 0.611855 0 0 0 0 0 0 0 0 0 0 0 0 0 0 0 0 0 0 0 0 0.125 0.0625 0.0625 0.25 0.25 0.0625 0.125 0.0625 0 0 0 0 0 

608 589 427 53 0 0.543294 0 0 0 0 0 0 0 0 0 0 0 0 0 0 0 0 0 0 0 0.0555556 0.0555556 0 0.277778 0.111111 0.333333 0.166667 0 0 0 0 0 0 0 

544 524 382 53 0 0.610687 0 0 0 0 0 0 0 0 0 0 0 0 0 0 0 0 0 0 0 0 0 0.125 0.1875 0.1875 0.4375 0.0625 0 0 0 0 0 0 0 

544 523 388 53 0 0.611855 0 0 0 0 0 0 0 0 0 0 0 0 0 0 0 0 0 0 0 0 0 0.0625 0.1875 0.3125 0.1875 0.0625 0.1875 0 0 0 0 0 0 

544 523 391 53 0 0.611855 0 0 0 0 0 0 0 0 0 0 0 0 0 0 0 0 0 0 0 0 0 0.0625 0.125 0.25 0.3125 0.125 0.0625 0.0625 0 0 0 0 0 

576 562 410 53 0 0.569395 0 0 0 0 0 0 0 0 0 0 0 0 0 0 0 0 0 0 0 0 0 0.176471 0.294118 0.117647 0.176471 0.176471 0.0588235 0 0 0 0 0 0 

608 588 431 53 0 0.544218 0 0 0 0 0 0 0 0 0 0 0 0 0 0 0 0 0 0 0 0 0.0555556 0.0555556 0.166667 0.333333 0.166667 0.166667 0 0.0555556 0 0 0 0 0 

544 523 379 53 0 0.611855 0 0 0 0 0 0 0 0 0 0 0 0 0 0 0 0 0 0 0 0 0.0625 0 0.3125 0.3125 0.125 0.1875 0 0 0 0 0 0 0 

544 537 404 53 0 0.595903 0 0 0 0 0 0 0 0 0 0 0 0 0 0 0 0 0 0 0 0 0.0625 0.0625 0.0625 0.25 0.1875 0.25 0.125 0 0 0 0 0 0 

544 533 396 53 0 0.600375 0 0 0 0 0 0 0 0 0 0 0 0 0 0 0 0 0 0 0 0 0 0.125 0.125 0.25 0.3125 0.125 0 0.0625 0 0 0 0 0 

608 598 429 53 0 0.535117 0 0 0 0 0 0 0 0 0 0 0 0 0 0 0 0 0 0 0.0555556 0 0.0555556 0.166667 0.166667 0.333333 0.0555556 0 0.166667 0 0 0 0 0 0 

544 523 387 53 0 0.611855 0 0 0 0 0 0 0 0 0 0 0 0 0 0 0 0 0 0 0 0 0 0.125 0.125 0.3125 0.125 0.1875 0.125 0 0 0 0 0 0 

544 523 386 53 0 0.611855 0 0 0 0 0 0 0 0 0 0 0 0 0 0 0 0 0 0 0 0 0.0625 0 0.1875 0.25 0.1875 0.3125 0 0 0 0 0 0 0 

544 528 388 53 0 0.606061 0 0 0 0 0 0 0 0 0 0 0 0 0 0 0 0 0 0 0 0 0 0.1875 0.0625 0.3125 0.25 0.125 0.0625 0 0 0 0 0 0 

544 533 391 53 0 0.600375 0 0 0 0 0 0 0 0 0 0 0 0 0 0 0 0 0 0 0 0 0.125 0.0625 0.125 0.125 0.375 0.1875 0 0 0 0 0 0 0 

576 561 417 53 0 0.57041 0 0 0 0 0 0 0 0 0 0 0 0 0 0 0 0 0 0.0588235 0 0.0588235 0 0.0588235 0 0.176471 0.235294 0.235294 0.176471 0 0 0 0 0 0 

608 597 435 53 0 0.536013 0 0 0 0 0 0 0 0 0 0 0 0 0 0 0 0 0 0 0 0.0555556 0 0.166667 0.0555556 0.277778 0.277778 0.166667 0 0 0 0 0 0 0 

544 533 384 53 0 0.600375 0 0 0 0 0 0 0 0 0 0 0 0 0 0 0 0 0 0 0 0 0 0.125 0.3125 0.4375 0.0625 0 0.0625 0 0 0 0 0 0 

544 523 386 53 0 0.611855 0 0 0 0 0 0 0 0 0 0 0 0 0 0 0 0 0 0 0 0.0625 0 0.0625 0.0625 0.1875 0.375 0.25 0 0 0 0 0 0 0 

544 533 388 53 0 0.600375 0 0 0 0 0 0 0 0 0 0 0 0 0 0 0 0 0 0 0 0 0 0.25 0.125 0.25 0.1875 0.1875 0 0 0 0 0 0 0 

544 532 384 53 0 0.601504 0 0 0 0 0 0 0 0 0 0 0 0 0 0 0 0 0 0 0 0.125 0.125 0.0625 0.125 0.1875 0 0.25 0.125 0 0 0 0 0 0 

544 523 385 53 0 0.611855 0 0 0 0 0 0 0 0 0 0 0 0 0 0 0 0 0 0 0 0 0.0625 0.0625 0.1875 0.25 0.1875 0.0625 0.1875 0 0 0 0 0 0 

